14
# Circuit board instance
Size: small
Nodes: 14
0.000000 40.000000 40.000000 56.568542 23.430910 24.538306 25.848649 27.332764 28.963952 36.124182 37.082701 38.186387 39.423049 40.780591 
40.000000 0.000000 56.568542 40.000000 37.603951 35.552469 33.567875 31.662747 29.852305 43.606350 42.053347 40.599968 39.257279 38.037006 
40.000000 56.568542 0.000000 40.000000 20.606424 21.857394 23.318873 24.953901 26.730651 13.957897 16.278609 18.656541 21.072331 23.514314 
56.568542 40.000000 40.000000 0.000000 35.912036 33.757892 31.661008 29.633541 27.690744 28.131479 25.658338 23.199649 20.760548 18.348846 
23.430910 37.603951 20.606424 35.912036 0.000000 2.540000 5.080000 7.620000 10.160000 12.770773 13.659923 14.933103 16.501662 18.289759 
24.538306 35.552469 21.857394 33.757892 2.540000 0.000000 2.540000 5.080000 7.620000 12.348885 12.770773 13.659923 14.933103 16.501662 
25.848649 33.567875 23.318873 31.661008 5.080000 2.540000 0.000000 2.540000 5.080000 12.441885 12.348885 12.770773 13.659923 14.933103 
27.332764 31.662747 24.953901 29.633541 7.620000 5.080000 2.540000 0.000000 2.540000 13.038759 12.441885 12.348885 12.770773 13.659923 
28.963952 29.852305 26.730651 27.690744 10.160000 7.620000 5.080000 2.540000 0.000000 14.075552 13.038759 12.441885 12.348885 12.770773 
36.124182 43.606350 13.957897 28.131479 12.770773 12.348885 12.441885 13.038759 14.075552 0.000000 2.540000 5.080000 7.620000 10.160000 
37.082701 42.053347 16.278609 25.658338 13.659923 12.770773 12.348885 12.441885 13.038759 2.540000 0.000000 2.540000 5.080000 7.620000 
38.186387 40.599968 18.656541 23.199649 14.933103 13.659923 12.770773 12.348885 12.441885 5.080000 2.540000 0.000000 2.540000 5.080000 
39.423049 39.257279 21.072331 20.760548 16.501662 14.933103 13.659923 12.770773 12.348885 7.620000 5.080000 2.540000 0.000000 2.540000 
40.780591 38.037006 23.514314 18.348846 18.289759 16.501662 14.933103 13.659923 12.770773 10.160000 7.620000 5.080000 2.540000 0.000000 
