19
# Circuit board instance
Size: small
Nodes: 19
0.000000 65.000000 65.000000 91.923882 57.902194 59.291771 60.755800 62.289034 63.886488 52.162549 54.697966 57.233789 59.769966 62.306455 50.075540 50.974174 51.981501 53.091333 54.297384 
65.000000 0.000000 91.923882 65.000000 59.794166 58.378012 57.039859 55.785320 54.620157 13.327873 10.879711 8.485707 6.208827 4.242057 67.630351 65.836701 64.093535 62.405083 60.775906 
65.000000 91.923882 0.000000 65.000000 34.678522 36.951995 39.258160 41.591580 43.947914 80.801967 82.461469 84.164915 85.909692 87.693334 24.312102 26.112929 28.028468 30.036781 32.120470 
91.923882 65.000000 65.000000 0.000000 37.752856 35.467283 33.218690 31.015122 28.866891 63.132072 62.660949 62.289916 62.020770 61.854841 51.549811 49.173060 46.813457 44.473733 42.157198 
57.902194 59.794166 34.678522 37.752856 0.000000 2.540000 5.080000 7.620000 10.160000 50.529431 51.650371 52.869666 54.180674 55.576906 14.295113 11.779585 9.277401 6.803302 4.404869 
59.291771 58.378012 36.951995 35.467283 2.540000 0.000000 2.540000 5.080000 7.620000 49.513524 50.529431 51.650371 52.869666 54.180674 16.818000 14.295113 11.779585 9.277401 6.803302 
60.755800 57.039859 39.258160 33.218690 5.080000 2.540000 0.000000 2.540000 5.080000 48.609237 49.513524 50.529431 51.650371 52.869666 19.345366 16.818000 14.295113 11.779585 9.277401 
62.289034 55.785320 41.591580 31.015122 7.620000 5.080000 2.540000 0.000000 2.540000 47.822903 48.609237 49.513524 50.529431 51.650371 21.875658 19.345366 16.818000 14.295113 11.779585 
63.886488 54.620157 43.947914 28.866891 10.160000 7.620000 5.080000 2.540000 0.000000 47.160422 47.822903 48.609237 49.513524 50.529431 24.407967 21.875658 19.345366 16.818000 14.295113 
52.162549 13.327873 80.801967 63.132072 50.529431 49.513524 48.609237 47.822903 47.160422 0.000000 2.540000 5.080000 7.620000 10.160000 56.536336 54.978903 53.496780 52.096394 50.784509 
54.697966 10.879711 82.461469 62.660949 51.650371 50.529431 49.513524 48.609237 47.822903 2.540000 0.000000 2.540000 5.080000 7.620000 58.163030 56.536336 54.978903 53.496780 52.096394 
57.233789 8.485707 84.164915 62.289916 52.869666 51.650371 50.529431 49.513524 48.609237 5.080000 2.540000 0.000000 2.540000 5.080000 59.853337 58.163030 56.536336 54.978903 53.496780 
59.769966 6.208827 85.909692 62.020770 54.180674 52.869666 51.650371 50.529431 49.513524 7.620000 5.080000 2.540000 0.000000 2.540000 61.602022 59.853337 58.163030 56.536336 54.978903 
62.306455 4.242057 87.693334 61.854841 55.576906 54.180674 52.869666 51.650371 50.529431 10.160000 7.620000 5.080000 2.540000 0.000000 63.404255 61.602022 59.853337 58.163030 56.536336 
50.075540 67.630351 24.312102 51.549811 14.295113 16.818000 19.345366 21.875658 24.407967 56.536336 58.163030 59.853337 61.602022 63.404255 0.000000 2.540000 5.080000 7.620000 10.160000 
50.974174 65.836701 26.112929 49.173060 11.779585 14.295113 16.818000 19.345366 21.875658 54.978903 56.536336 58.163030 59.853337 61.602022 2.540000 0.000000 2.540000 5.080000 7.620000 
51.981501 64.093535 28.028468 46.813457 9.277401 11.779585 14.295113 16.818000 19.345366 53.496780 54.978903 56.536336 58.163030 59.853337 5.080000 2.540000 0.000000 2.540000 5.080000 
53.091333 62.405083 30.036781 44.473733 6.803302 9.277401 11.779585 14.295113 16.818000 52.096394 53.496780 54.978903 56.536336 58.163030 7.620000 5.080000 2.540000 0.000000 2.540000 
54.297384 60.775906 32.120470 42.157198 4.404869 6.803302 9.277401 11.779585 14.295113 50.784509 52.096394 53.496780 54.978903 56.536336 10.160000 7.620000 5.080000 2.540000 0.000000 
