17
# Circuit board instance
Size: small
Nodes: 17
0.000000 40.000000 40.000000 56.568542 35.215540 35.970567 36.753978 37.563997 39.454700 40.130048 40.833735 41.564323 12.506247 13.823170 15.448529 17.295585 19.300794 
40.000000 0.000000 56.568542 40.000000 23.471272 24.589592 25.721999 26.866713 21.471835 22.688920 23.911510 25.138801 36.221016 33.814728 31.429490 29.070484 26.744652 
40.000000 56.568542 0.000000 40.000000 34.613616 33.915333 33.250910 32.622416 38.918395 38.298680 37.711565 37.158594 29.326469 29.911797 30.696785 31.666589 32.804820 
56.568542 40.000000 40.000000 0.000000 22.558120 21.471287 20.405622 19.364617 20.469681 19.265390 18.070099 16.885718 44.895407 42.977568 41.127222 39.353889 37.668449 
35.215540 23.471272 34.613616 22.558120 0.000000 1.270000 2.540000 3.810000 5.080000 5.236344 5.679613 6.350000 24.872386 22.537593 20.252253 18.035177 15.914921 
35.970567 24.589592 33.915333 21.471287 1.270000 0.000000 1.270000 2.540000 5.236344 5.080000 5.236344 5.679613 25.375647 23.091793 20.867237 18.723127 16.690492 
36.753978 25.721999 33.250910 20.405622 2.540000 1.270000 0.000000 1.270000 5.679613 5.236344 5.080000 5.236344 25.931392 23.701151 21.539620 19.469697 17.523875 
37.563997 26.866713 32.622416 19.364617 3.810000 2.540000 1.270000 0.000000 6.350000 5.679613 5.236344 5.080000 26.536325 24.361527 22.264202 20.268413 18.407217 
39.454700 21.471835 38.918395 20.469681 5.080000 5.236344 5.679613 6.350000 0.000000 1.270000 2.540000 3.810000 29.643385 27.243923 24.872386 22.537593 20.252253 
40.130048 22.688920 38.298680 19.265390 5.236344 5.080000 5.236344 5.679613 1.270000 0.000000 1.270000 2.540000 30.066894 27.704136 25.375647 23.091793 20.867237 
40.833735 23.911510 37.711565 18.070099 5.679613 5.236344 5.080000 5.236344 2.540000 1.270000 0.000000 1.270000 30.537383 28.214054 25.931392 23.701151 21.539620 
41.564323 25.138801 37.158594 16.885718 6.350000 5.679613 5.236344 5.080000 3.810000 2.540000 1.270000 0.000000 31.052716 28.771032 26.536325 24.361527 22.264202 
12.506247 36.221016 29.326469 44.895407 24.872386 25.375647 25.931392 26.536325 29.643385 30.066894 30.537383 31.052716 0.000000 2.540000 5.080000 7.620000 10.160000 
13.823170 33.814728 29.911797 42.977568 22.537593 23.091793 23.701151 24.361527 27.243923 27.704136 28.214054 28.771032 2.540000 0.000000 2.540000 5.080000 7.620000 
15.448529 31.429490 30.696785 41.127222 20.252253 20.867237 21.539620 22.264202 24.872386 25.375647 25.931392 26.536325 5.080000 2.540000 0.000000 2.540000 5.080000 
17.295585 29.070484 31.666589 39.353889 18.035177 18.723127 19.469697 20.268413 22.537593 23.091793 23.701151 24.361527 7.620000 5.080000 2.540000 0.000000 2.540000 
19.300794 26.744652 32.804820 37.668449 15.914921 16.690492 17.523875 18.407217 20.252253 20.867237 21.539620 22.264202 10.160000 7.620000 5.080000 2.540000 0.000000 
