19
# Circuit board instance
Size: small
Nodes: 19
0.000000 65.000000 65.000000 91.923882 47.627375 48.022732 48.547934 49.198824 49.970489 66.424718 67.785692 69.213149 70.703064 72.251573 50.844081 52.549996 54.321145 56.151356 58.035041 
65.000000 0.000000 91.923882 65.000000 75.436967 73.473477 71.546286 69.658405 67.813118 64.249929 63.091285 62.015081 61.025679 60.127365 49.613703 48.038538 46.548747 45.152783 43.859605 
65.000000 91.923882 0.000000 65.000000 18.816277 19.795662 21.037761 22.499105 24.139910 35.677185 38.151257 40.633465 43.122404 45.616972 42.805949 44.818867 46.882999 48.991872 51.139952 
91.923882 65.000000 65.000000 0.000000 61.452595 59.025734 56.608802 54.203126 51.810273 31.443151 29.002217 26.579855 24.181644 21.815554 41.337009 39.432599 37.603385 35.860878 34.218324 
47.627375 75.436967 18.816277 61.452595 0.000000 2.540000 5.080000 7.620000 10.160000 30.028949 32.450428 34.888766 37.340660 39.803606 28.702810 31.126652 33.567676 36.022389 38.488171 
48.022732 73.473477 19.795662 59.025734 2.540000 0.000000 2.540000 5.080000 7.620000 27.628761 30.028949 32.450428 34.888766 37.340660 26.300899 28.702810 31.126652 33.567676 36.022389 
48.547934 71.546286 21.037761 56.608802 5.080000 2.540000 0.000000 2.540000 5.080000 25.255936 27.628761 30.028949 32.450428 34.888766 23.927526 26.300899 28.702810 31.126652 33.567676 
49.198824 69.658405 22.499105 54.203126 7.620000 5.080000 2.540000 0.000000 2.540000 22.918975 25.255936 27.628761 30.028949 32.450428 21.592102 23.927526 26.300899 28.702810 31.126652 
49.970489 67.813118 24.139910 51.810273 10.160000 7.620000 5.080000 2.540000 0.000000 20.630068 22.918975 25.255936 27.628761 30.028949 19.308404 21.592102 23.927526 26.300899 28.702810 
66.424718 64.249929 35.677185 31.443151 30.028949 27.628761 25.255936 22.918975 20.630068 0.000000 2.540000 5.080000 7.620000 10.160000 18.400054 18.404844 18.756806 19.437090 20.412896 
67.785692 63.091285 38.151257 29.002217 32.450428 30.028949 27.628761 25.255936 22.918975 2.540000 0.000000 2.540000 5.080000 7.620000 18.742703 18.400054 18.404844 18.756806 19.437090 
69.213149 62.015081 40.633465 26.579855 34.888766 32.450428 30.028949 27.628761 25.255936 5.080000 2.540000 0.000000 2.540000 5.080000 19.414403 18.742703 18.400054 18.404844 18.756806 
70.703064 61.025679 43.122404 24.181644 37.340660 34.888766 32.450428 30.028949 27.628761 7.620000 5.080000 2.540000 0.000000 2.540000 20.382648 19.414403 18.742703 18.400054 18.404844 
72.251573 60.127365 45.616972 21.815554 39.803606 37.340660 34.888766 32.450428 30.028949 10.160000 7.620000 5.080000 2.540000 0.000000 21.607611 20.382648 19.414403 18.742703 18.400054 
50.844081 49.613703 42.805949 41.337009 28.702810 26.300899 23.927526 21.592102 19.308404 18.400054 18.742703 19.414403 20.382648 21.607611 0.000000 2.540000 5.080000 7.620000 10.160000 
52.549996 48.038538 44.818867 39.432599 31.126652 28.702810 26.300899 23.927526 21.592102 18.404844 18.400054 18.742703 19.414403 20.382648 2.540000 0.000000 2.540000 5.080000 7.620000 
54.321145 46.548747 46.882999 37.603385 33.567676 31.126652 28.702810 26.300899 23.927526 18.756806 18.404844 18.400054 18.742703 19.414403 5.080000 2.540000 0.000000 2.540000 5.080000 
56.151356 45.152783 48.991872 35.860878 36.022389 33.567676 31.126652 28.702810 26.300899 19.437090 18.756806 18.404844 18.400054 18.742703 7.620000 5.080000 2.540000 0.000000 2.540000 
58.035041 43.859605 51.139952 34.218324 38.488171 36.022389 33.567676 31.126652 28.702810 20.412896 19.437090 18.756806 18.404844 18.400054 10.160000 7.620000 5.080000 2.540000 0.000000 
