17
# Circuit board instance
Size: small
Nodes: 17
0.000000 40.000000 40.000000 56.568542 33.597097 35.832527 38.106144 40.411504 42.743471 18.119035 19.365226 20.614323 21.865829 19.768245 20.916406 22.077916 23.250775 
40.000000 0.000000 56.568542 40.000000 19.651744 18.390109 17.409892 16.760542 16.481214 40.490725 41.063504 41.667130 42.300282 35.994207 36.637351 37.312649 38.018390 
40.000000 56.568542 0.000000 40.000000 37.563589 39.575602 41.645366 43.764688 45.926709 22.535262 21.282636 20.032198 18.784384 23.881418 22.703186 21.535390 20.379823 
56.568542 40.000000 40.000000 0.000000 25.854387 24.908922 24.194269 23.731289 23.534840 42.650175 42.001786 41.382223 40.792800 38.407311 37.685993 36.994222 36.333684 
33.597097 19.651744 37.563589 25.854387 0.000000 2.540000 5.080000 7.620000 10.160000 25.704256 25.798896 25.955405 26.172675 20.632158 20.749945 20.944218 21.212876 
35.832527 18.390109 39.575602 24.908922 2.540000 0.000000 2.540000 5.080000 7.620000 28.241370 28.327535 28.470147 28.668364 23.167774 23.272731 23.446110 23.686408 
38.106144 17.409892 41.645366 24.194269 5.080000 2.540000 0.000000 2.540000 5.080000 30.778960 30.858040 30.989009 31.171213 25.704256 25.798896 25.955405 26.172675 
40.411504 16.760542 43.764688 23.731289 7.620000 5.080000 2.540000 0.000000 2.540000 33.316917 33.389987 33.511062 33.679625 28.241370 28.327535 28.470147 28.668364 
42.743471 16.481214 45.926709 23.534840 10.160000 7.620000 5.080000 2.540000 0.000000 35.855164 35.923071 36.035636 36.192443 30.778960 30.858040 30.989009 31.171213 
18.119035 40.490725 22.535262 42.650175 25.704256 28.241370 30.778960 33.316917 35.855164 0.000000 1.270000 2.540000 3.810000 5.080000 5.236344 5.679613 6.350000 
19.365226 41.063504 21.282636 42.001786 25.798896 28.327535 30.858040 33.389987 35.923071 1.270000 0.000000 1.270000 2.540000 5.236344 5.080000 5.236344 5.679613 
20.614323 41.667130 20.032198 41.382223 25.955405 28.470147 30.989009 33.511062 36.035636 2.540000 1.270000 0.000000 1.270000 5.679613 5.236344 5.080000 5.236344 
21.865829 42.300282 18.784384 40.792800 26.172675 28.668364 31.171213 33.679625 36.192443 3.810000 2.540000 1.270000 0.000000 6.350000 5.679613 5.236344 5.080000 
19.768245 35.994207 23.881418 38.407311 20.632158 23.167774 25.704256 28.241370 30.778960 5.080000 5.236344 5.679613 6.350000 0.000000 1.270000 2.540000 3.810000 
20.916406 36.637351 22.703186 37.685993 20.749945 23.272731 25.798896 28.327535 30.858040 5.236344 5.080000 5.236344 5.679613 1.270000 0.000000 1.270000 2.540000 
22.077916 37.312649 21.535390 36.994222 20.944218 23.446110 25.955405 28.470147 30.989009 5.679613 5.236344 5.080000 5.236344 2.540000 1.270000 0.000000 1.270000 
23.250775 38.018390 20.379823 36.333684 21.212876 23.686408 26.172675 28.668364 31.171213 6.350000 5.679613 5.236344 5.080000 3.810000 2.540000 1.270000 0.000000 
