17
# Circuit board instance
Size: small
Nodes: 17
0.000000 40.000000 40.000000 56.568542 31.117039 32.338487 33.563539 34.791814 32.898914 34.056514 35.221862 36.394213 18.534589 19.081576 19.939542 21.070531 22.433289 
40.000000 0.000000 56.568542 40.000000 43.281562 44.167876 45.072549 45.994498 39.761314 40.724313 41.703754 42.698504 41.486218 39.223486 36.996765 34.812966 32.680694 
40.000000 56.568542 0.000000 40.000000 13.337389 12.401353 11.529395 10.737139 17.086672 16.366489 15.716086 15.144456 21.852720 22.318533 23.056359 24.041166 25.244065 
56.568542 40.000000 40.000000 0.000000 32.907590 32.539469 32.217238 31.942286 28.117217 27.685474 27.306023 26.981069 43.071065 40.896115 38.765590 36.687232 34.670422 
31.117039 43.281562 13.337389 32.907590 0.000000 1.270000 2.540000 3.810000 5.080000 5.236344 5.679613 6.350000 12.977207 12.035466 11.584481 11.681232 12.312812 
32.338487 44.167876 12.401353 32.539469 1.270000 0.000000 1.270000 2.540000 5.236344 5.080000 5.236344 5.679613 14.119855 13.259520 12.851562 12.938841 13.511764 
33.563539 45.072549 11.529395 32.217238 2.540000 1.270000 0.000000 1.270000 5.679613 5.236344 5.080000 5.236344 15.282622 14.491484 14.119167 14.198656 14.722635 
34.791814 45.994498 10.737139 31.942286 3.810000 2.540000 1.270000 0.000000 6.350000 5.679613 5.236344 5.080000 16.461245 15.729499 15.387166 15.460138 15.942710 
32.898914 39.761314 17.086672 28.117217 5.080000 5.236344 5.679613 6.350000 0.000000 1.270000 2.540000 3.810000 15.944540 14.313159 12.977207 12.035466 11.584481 
34.056514 40.724313 16.366489 27.685474 5.236344 5.080000 5.236344 5.679613 1.270000 0.000000 1.270000 2.540000 16.887593 15.356724 14.119855 13.259520 12.851562 
35.221862 41.703754 15.716086 27.306023 5.679613 5.236344 5.080000 5.236344 2.540000 1.270000 0.000000 1.270000 17.871179 16.432200 15.282622 14.491484 14.119167 
36.394213 42.698504 15.144456 26.981069 6.350000 5.679613 5.236344 5.080000 3.810000 2.540000 1.270000 0.000000 18.888966 17.533716 16.461245 15.729499 15.387166 
18.534589 41.486218 21.852720 43.071065 12.977207 14.119855 15.282622 16.461245 15.944540 16.887593 17.871179 18.888966 0.000000 2.540000 5.080000 7.620000 10.160000 
19.081576 39.223486 22.318533 40.896115 12.035466 13.259520 14.491484 15.729499 14.313159 15.356724 16.432200 17.533716 2.540000 0.000000 2.540000 5.080000 7.620000 
19.939542 36.996765 23.056359 38.765590 11.584481 12.851562 14.119167 15.387166 12.977207 14.119855 15.282622 16.461245 5.080000 2.540000 0.000000 2.540000 5.080000 
21.070531 34.812966 24.041166 36.687232 11.681232 12.938841 14.198656 15.460138 12.035466 13.259520 14.491484 15.729499 7.620000 5.080000 2.540000 0.000000 2.540000 
22.433289 32.680694 25.244065 34.670422 12.312812 13.511764 14.722635 15.942710 11.584481 12.851562 14.119167 15.387166 10.160000 7.620000 5.080000 2.540000 0.000000 
