20
# Circuit board instance
Size: small
Nodes: 20
0.000000 40.000000 40.000000 56.568542 29.113561 29.935678 30.788245 31.668803 33.196257 33.919565 34.674314 35.458498 43.899547 44.693735 45.509508 46.345729 48.001455 48.728835 49.478124 50.248344 
40.000000 0.000000 56.568542 40.000000 25.450199 26.386702 27.350123 28.337718 22.264425 23.329167 24.413547 25.515060 27.606284 28.852496 30.100697 31.350650 27.067995 28.337890 29.607793 30.877705 
40.000000 56.568542 0.000000 40.000000 31.135351 30.271364 29.436826 28.634310 34.982883 34.216188 33.480124 32.776756 36.904183 36.478464 36.092434 35.747378 41.699978 41.323695 40.983329 40.679779 
56.568542 40.000000 40.000000 0.000000 27.740282 26.766932 25.819370 24.900540 24.849855 23.758381 22.685500 21.633976 14.030515 12.869148 11.730320 10.621283 12.939273 11.669808 10.400474 9.131325 
29.113561 25.450199 31.135351 27.740282 0.000000 1.270000 2.540000 3.810000 5.080000 5.236344 5.679613 6.350000 14.809310 15.580205 16.413278 17.299550 19.175492 19.776921 20.439656 21.157936 
29.935678 26.386702 30.271364 26.766932 1.270000 0.000000 1.270000 2.540000 5.236344 5.080000 5.236344 5.679613 14.110788 14.809310 15.580205 16.413278 18.641302 19.175492 19.776921 20.439656 
30.788245 27.350123 29.436826 25.819370 2.540000 1.270000 0.000000 1.270000 5.679613 5.236344 5.080000 5.236344 13.495881 14.110788 14.809310 15.580205 18.180281 18.641302 19.175492 19.776921 
31.668803 28.337718 28.634310 24.900540 3.810000 2.540000 1.270000 0.000000 6.350000 5.679613 5.236344 5.080000 12.976482 13.495881 14.110788 14.809310 17.798115 18.180281 18.641302 19.175492 
33.196257 22.264425 34.982883 24.849855 5.080000 5.236344 5.679613 6.350000 0.000000 1.270000 2.540000 3.810000 11.069988 12.081878 13.138672 14.230369 14.809310 15.580205 16.413278 17.299550 
33.919565 23.329167 34.216188 23.758381 5.236344 5.080000 5.236344 5.679613 1.270000 0.000000 1.270000 2.540000 10.116487 11.069988 12.081878 13.138672 14.110788 14.809310 15.580205 16.413278 
34.674314 24.413547 33.480124 22.685500 5.679613 5.236344 5.080000 5.236344 2.540000 1.270000 0.000000 1.270000 9.239469 10.116487 11.069988 12.081878 13.495881 14.110788 14.809310 15.580205 
35.458498 25.515060 32.776756 21.633976 6.350000 5.679613 5.236344 5.080000 3.810000 2.540000 1.270000 0.000000 8.462746 9.239469 10.116487 11.069988 12.976482 13.495881 14.110788 14.809310 
43.899547 27.606284 36.904183 14.030515 14.809310 14.110788 13.495881 12.976482 11.069988 10.116487 9.239469 8.462746 0.000000 1.270000 2.540000 3.810000 5.080000 5.236344 5.679613 6.350000 
44.693735 28.852496 36.478464 12.869148 15.580205 14.809310 14.110788 13.495881 12.081878 11.069988 10.116487 9.239469 1.270000 0.000000 1.270000 2.540000 5.236344 5.080000 5.236344 5.679613 
45.509508 30.100697 36.092434 11.730320 16.413278 15.580205 14.809310 14.110788 13.138672 12.081878 11.069988 10.116487 2.540000 1.270000 0.000000 1.270000 5.679613 5.236344 5.080000 5.236344 
46.345729 31.350650 35.747378 10.621283 17.299550 16.413278 15.580205 14.809310 14.230369 13.138672 12.081878 11.069988 3.810000 2.540000 1.270000 0.000000 6.350000 5.679613 5.236344 5.080000 
48.001455 27.067995 41.699978 12.939273 19.175492 18.641302 18.180281 17.798115 14.809310 14.110788 13.495881 12.976482 5.080000 5.236344 5.679613 6.350000 0.000000 1.270000 2.540000 3.810000 
48.728835 28.337890 41.323695 11.669808 19.776921 19.175492 18.641302 18.180281 15.580205 14.809310 14.110788 13.495881 5.236344 5.080000 5.236344 5.679613 1.270000 0.000000 1.270000 2.540000 
49.478124 29.607793 40.983329 10.400474 20.439656 19.776921 19.175492 18.641302 16.413278 15.580205 14.809310 14.110788 5.679613 5.236344 5.080000 5.236344 2.540000 1.270000 0.000000 1.270000 
50.248344 30.877705 40.679779 9.131325 21.157936 20.439656 19.776921 19.175492 17.299550 16.413278 15.580205 14.809310 6.350000 5.679613 5.236344 5.080000 3.810000 2.540000 1.270000 0.000000 
