83
# Board dimensions: 200.000000x200.000000 mm
Added mounting holes at corners
Added 5-pin Edge Connector at (183.812484,86.228481)
Added 5-pin Edge Connector at (171.144762,47.746392)
Added 14-pin DIP IC at (143.422628,158.219195)
Added 8-pin SOIC at (10.967427,143.658505)
Added 5-pin Edge Connector at (111.718791,111.234346)
Added 14-pin DIP IC at (124.208906,32.165168)
Added 14-pin DIP IC at (185.376423,119.392634)
Added 14-pin DIP IC at (36.526457,80.606451)

0.000000 190.000000 190.000000 268.700577 196.397480 198.712831 201.033608 203.359625 205.690704 171.555635 174.016675 176.479951 178.945373 181.412853 206.487156 208.378863 210.284234 212.202899 214.134503 216.078697 218.035145 211.670902 213.516688 215.376610 217.250307 219.137424 221.037618 222.950554 138.786855 140.055692 141.324549 142.593426 139.097903 140.363928 141.630023 142.896188 150.580997 152.391665 154.222910 156.074006 157.944256 122.264915 122.854223 123.492972 124.180397 124.915697 125.698030 126.526525 129.705503 130.261154 130.863754 131.512658 132.207184 132.946617 133.730212 213.591500 214.962543 216.354719 217.767622 219.200850 220.654009 222.126707 220.064377 221.395339 222.747313 224.119919 225.512780 226.925523 228.357779 81.916133 84.266157 86.626906 88.997526 91.377249 93.765381 96.161297 85.139770 87.403163 89.681372 91.973296 94.277936 96.594380 98.921801 
190.000000 0.000000 268.700577 190.000000 81.995284 81.687487 81.457767 81.306785 81.234979 48.952287 47.766028 46.687939 45.725671 44.886675 161.667396 164.076665 166.489821 168.906696 171.327133 173.750984 176.178108 159.400038 161.843064 164.289031 166.737809 169.189278 171.643321 174.099830 230.421720 231.188180 231.959061 232.734319 226.385080 227.165160 227.949647 228.738494 134.987021 133.434924 131.913476 130.423751 128.966846 75.824306 76.770933 77.789009 78.875769 80.028415 81.244143 82.520163 68.764333 69.806763 70.924876 72.115152 73.374078 74.698185 76.084068 114.796725 117.327977 119.859599 122.391569 124.923864 127.456467 129.989358 114.410179 116.949798 119.489433 122.029084 124.568748 127.108426 129.648117 175.585305 176.693893 177.831851 178.998620 180.193640 181.416353 182.666203 168.739820 169.893082 171.076284 172.288809 173.530042 174.799373 176.096193 
190.000000 268.700577 0.000000 190.000000 209.296793 211.470960 213.653198 215.843263 218.040920 222.008349 223.915551 225.835215 227.767025 229.710675 143.225876 142.594729 142.006215 141.460866 140.959183 140.501634 140.088651 150.603044 150.002940 149.443602 148.925491 148.449037 148.014643 147.622680 51.687129 50.425834 49.164988 47.904626 52.516614 51.275727 50.036302 48.798449 135.667186 137.674138 139.698441 141.739352 143.796164 201.806704 199.762850 197.730499 195.710008 193.701749 191.706105 189.723476 206.399500 204.401576 202.415805 200.442549 198.482179 196.535083 194.601659 195.581512 194.613705 193.674375 192.763939 191.882807 191.031387 190.210076 202.630523 201.696542 200.790350 199.912324 199.062836 198.242255 197.450941 118.658340 116.211591 113.768930 111.330626 108.896971 106.468284 104.044912 120.906283 118.505956 116.111572 113.723506 111.342166 108.967991 106.601461 
268.700577 190.000000 190.000000 0.000000 109.345343 109.114724 108.942853 108.830008 108.776373 149.173380 148.788321 148.445729 148.145901 147.889095 63.348662 61.908465 60.540617 59.250130 58.042162 56.921968 55.894826 57.315602 55.719685 54.195863 52.750385 51.389861 50.121210 48.951576 191.060036 190.722685 190.393209 190.071647 186.171890 185.825666 185.487491 185.157410 118.120467 116.343576 114.595436 112.877382 111.190809 177.557206 175.230740 172.910283 170.596082 168.288393 165.987490 163.693657 174.659010 172.293413 169.932852 167.577538 165.227696 162.883562 160.545388 76.217367 73.698393 71.180914 68.665094 66.151122 63.639217 61.129633 75.633908 73.094831 70.555819 68.016882 65.478027 62.939264 60.400606 195.447558 193.971855 192.518352 191.087558 189.679985 188.296155 186.936594 189.321619 187.797785 186.296118 184.817159 183.361458 181.929573 180.522070 
196.397480 81.995284 209.296793 109.345343 0.000000 2.540000 5.080000 7.620000 10.160000 40.513483 39.792485 39.223012 38.811733 38.563711 82.546977 84.771267 87.012846 89.270411 91.542778 93.828873 96.127717 79.098207 81.416772 83.748185 86.091401 88.445482 90.809584 93.182943 182.136272 182.540699 182.953048 183.373265 177.322650 177.738030 178.161495 178.592987 76.307233 73.912174 71.527116 69.153093 66.791283 80.470046 78.786028 77.148891 75.561682 74.027612 72.550053 71.132525 75.000894 73.191148 71.425887 69.708490 68.042584 66.432040 64.880983 33.201009 35.738390 38.276118 40.814129 43.352372 45.890811 48.429413 34.412292 36.866399 39.331413 41.805406 44.286872 46.774623 49.267706 147.393287 147.318270 147.287024 147.299578 147.355919 147.455998 147.599726 139.779134 139.700028 139.667079 139.680317 139.739730 139.845260 139.996801 
198.712831 81.687487 211.470960 109.114724 2.540000 0.000000 2.540000 5.080000 7.620000 41.378085 40.513483 39.792485 39.223012 38.811733 83.819064 86.010464 88.220562 90.447987 92.691490 94.949932 97.222271 80.183844 82.471894 84.774294 87.089906 89.417704 91.756760 94.106235 184.548438 184.947590 185.354585 185.769370 179.727628 180.137462 180.555300 180.981085 78.711380 76.307233 73.912174 71.527116 69.153093 82.369084 80.724693 79.127676 77.580961 76.087615 74.650840 73.273964 76.783216 75.016480 73.295194 71.622635 70.002296 68.437885 66.933326 33.178514 35.717493 38.256607 40.795832 43.335147 45.874539 48.413994 33.823114 36.317056 38.816971 41.321775 43.830631 46.342880 48.857999 149.931469 149.857723 149.827007 149.839348 149.894735 149.993120 150.134419 142.317115 142.239421 142.207060 142.220062 142.278415 142.382063 142.530907 
201.033608 81.457767 213.653198 108.942853 5.080000 2.540000 0.000000 2.540000 5.080000 42.377503 41.378085 40.513483 39.792485 39.223012 85.147934 87.305986 89.484092 91.680824 93.894875 96.125048 98.370246 81.334338 83.590902 85.863301 88.150311 90.450823 92.763833 95.088428 186.963990 187.357996 187.759766 188.169250 182.136272 182.540699 182.953048 183.373265 81.123807 78.711380 76.307233 73.912174 71.527116 84.301880 82.695931 81.137723 79.630060 78.175866 76.778180 75.440141 78.607211 76.882401 75.203835 73.574678 71.998283 70.478192 69.018125 33.350019 35.876863 38.405442 40.935435 43.466596 45.998731 48.531688 33.417113 35.939239 38.463718 40.990115 43.518095 46.047399 48.577818 152.469713 152.397195 152.366991 152.379126 152.433590 152.530337 152.669288 144.855167 144.778835 144.747042 144.759815 144.817145 144.918977 145.065219 
203.359625 81.306785 215.843263 108.830008 7.620000 5.080000 2.540000 0.000000 2.540000 43.502445 42.377503 41.378085 40.513483 39.792485 86.530972 88.655364 90.801108 92.966725 95.150859 97.352264 99.569793 82.546977 84.771267 87.012846 89.270411 91.542778 93.828873 96.127717 189.382799 189.771783 190.168453 190.572761 184.548438 184.947590 185.354585 185.769370 83.543797 81.123807 78.711380 76.307233 73.912174 86.266165 84.697468 83.176766 81.706736 80.290163 78.929925 77.628983 80.470046 78.786028 77.148891 75.561682 74.027612 72.550053 71.132525 33.712564 36.214120 38.720681 41.231336 43.745379 46.262257 48.781533 33.201009 35.738390 38.276118 40.814129 43.352372 45.890811 48.429413 155.008014 154.936684 154.906975 154.918911 154.972482 155.067646 155.204325 147.393287 147.318270 147.287024 147.299578 147.355919 147.455998 147.599726 
205.690704 81.234979 218.040920 108.776373 10.160000 7.620000 5.080000 2.540000 0.000000 44.743446 43.502445 42.377503 41.378085 40.513483 87.965623 90.056178 92.169316 94.303519 96.457388 98.629635 100.819073 83.819064 86.010464 88.220562 90.447987 92.691490 94.949932 97.222271 191.804741 192.188823 192.580515 192.979770 186.963990 187.357996 187.759766 188.169250 85.970711 83.543797 81.123807 78.711380 76.307233 88.259835 86.727208 85.242722 83.808938 82.428500 81.104133 79.838627 82.369084 80.724693 79.127676 77.580961 76.087615 74.650840 73.273964 34.260084 36.724363 39.198310 41.680204 44.168705 46.662756 49.161513 33.178514 35.717493 38.256607 40.795832 43.335147 45.874539 48.413994 157.546370 157.476190 157.446960 157.458703 157.511411 157.605041 157.739522 149.931469 149.857723 149.827007 149.839348 149.894735 149.993120 150.134419 
171.555635 48.952287 222.008349 149.173380 40.513483 41.378085 42.377503 43.502445 44.743446 0.000000 2.540000 5.080000 7.620000 10.160000 113.898011 116.363268 118.831675 121.303037 123.777178 126.253935 128.733156 112.286846 114.786712 117.288303 119.791510 122.296234 124.802384 127.309876 186.697382 187.352988 188.014886 188.683011 182.357662 183.028814 183.706293 184.390030 86.960717 85.245140 83.571555 81.942534 80.360787 49.454516 48.713942 48.096261 47.606257 47.247903 47.024208 46.937097 42.290792 41.422338 40.694131 40.113809 39.687860 39.421289 39.317337 73.046041 75.538988 78.034969 80.533703 83.034941 85.538463 88.044075 74.904466 77.337530 79.777261 82.223064 84.674414 87.130842 89.591931 138.570818 139.195015 139.862562 140.572840 141.325205 142.118989 142.953502 131.180612 131.839803 132.544399 133.293679 134.086894 134.923269 135.802007 
174.016675 47.766028 223.915551 148.788321 39.792485 40.513483 41.378085 42.377503 43.502445 2.540000 0.000000 2.540000 5.080000 7.620000 114.542729 116.994403 119.449767 121.908600 124.370695 126.835863 129.303927 112.769261 115.258665 117.750229 120.243820 122.739314 125.236598 127.735566 188.881086 189.529139 190.183464 190.843997 184.522798 185.186103 185.855719 186.531578 88.715849 86.960717 85.245140 83.571555 81.942534 51.871331 51.165749 50.578020 50.112289 49.771981 49.559680 49.477033 44.661922 43.840464 43.153082 42.606265 42.205478 41.954907 41.857248 72.593932 75.101887 77.611927 80.123854 82.637499 85.152707 87.669345 74.203263 76.658586 79.119255 81.584786 84.054753 86.528774 89.006513 141.039655 141.652974 142.308991 143.007118 143.746743 144.527228 145.347915 133.641146 134.288260 134.980075 135.715908 136.495048 137.316756 138.180274 
176.479951 46.687939 225.835215 148.445729 39.223012 39.792485 40.513483 41.378085 42.377503 5.080000 2.540000 0.000000 2.540000 5.080000 115.239837 117.676988 120.118401 122.563820 125.013011 127.465757 129.921856 113.306575 115.784426 118.264915 120.747877 123.233165 125.720639 128.210173 191.073599 191.714241 192.361133 193.014214 186.697382 187.352988 188.014886 188.683011 90.508235 88.715849 86.960717 85.245140 83.571555 54.299391 53.625767 53.065290 52.621578 52.297600 52.095593 52.016976 47.050682 46.271650 45.620914 45.104026 44.725628 44.489252 44.397168 72.228366 74.748588 77.270105 79.792794 82.316548 84.841272 87.366881 73.583100 76.058445 78.537920 81.021144 83.507783 85.997542 88.490156 143.510975 144.113777 144.758643 145.445013 146.172302 146.939904 147.747190 136.104600 136.740056 137.419529 138.142368 138.907898 139.715417 140.564200 
178.945373 45.725671 227.767025 148.145901 38.811733 39.223012 39.792485 40.513483 41.378085 7.620000 5.080000 2.540000 0.000000 2.540000 115.988390 118.410135 120.836735 123.267905 125.703379 128.142911 130.586275 113.898011 116.363268 118.831675 121.303037 123.777178 126.253935 128.733156 193.274621 193.907991 194.547589 195.193355 188.881086 189.529139 190.183464 190.843997 92.335705 90.508235 88.715849 86.960717 85.245140 56.737254 56.092914 55.557333 55.133679 54.824549 54.631886 54.556924 49.454516 48.713942 48.096261 47.606257 47.247903 47.024208 46.937097 71.950664 74.480283 77.010585 79.541506 82.072988 84.604980 87.137438 73.046041 75.538988 78.034969 80.533703 83.034941 85.538463 88.044075 145.984653 146.577282 147.211357 147.886344 148.601686 149.356803 150.151094 138.570818 139.195015 139.862562 140.572840 141.325205 142.118989 142.953502 
181.412853 44.886675 229.710675 147.889095 38.563711 38.811733 39.223012 39.792485 40.513483 10.160000 7.620000 5.080000 2.540000 0.000000 116.787397 119.192909 121.603891 124.020023 126.441010 128.866580 131.296477 114.542729 116.994403 119.449767 121.908600 124.370695 126.835863 129.303927 195.483865 196.110099 196.742539 197.381123 191.073599 191.714241 192.361133 193.014214 94.196219 92.335705 90.508235 88.715849 86.960717 59.183709 58.566290 58.053532 57.648226 57.352651 57.168508 57.096876 51.871331 51.165749 50.578020 50.112289 49.771981 49.559680 49.477033 71.761845 74.297893 76.834202 79.370747 81.907507 84.444461 86.981593 72.593932 75.101887 77.611927 80.123854 82.637499 85.152707 87.669345 148.460571 149.043356 149.666983 150.330945 151.034709 151.777721 152.559409 141.039655 141.652974 142.308991 143.007118 143.746743 144.527228 145.347915 
206.487156 161.667396 143.225876 63.348662 82.546977 83.819064 85.147934 86.530972 87.965623 113.898011 114.542729 115.239837 115.988390 116.787397 0.000000 2.540000 5.080000 7.620000 10.160000 12.700000 15.240000 7.620000 8.032185 9.158100 10.776307 12.700000 14.810618 17.038838 133.253120 133.120332 132.999539 132.890774 128.204741 128.066719 127.941154 127.828085 56.680767 55.300140 54.003748 52.797796 51.688615 127.509940 124.999528 122.490335 119.982439 117.475923 114.970877 112.467398 126.586066 124.056959 121.528307 119.000139 116.472485 113.945380 111.418862 57.163124 55.469229 53.841910 52.287382 50.812327 49.423862 48.129479 62.968746 61.435134 59.969922 58.578243 57.265460 56.037116 54.898880 132.100452 130.624302 129.181231 127.772359 126.398830 125.061808 123.762477 126.013873 124.465558 122.950222 121.469101 120.023460 118.614597 117.243837 
208.378863 164.076665 142.594729 61.908465 84.771267 86.010464 87.305986 88.655364 90.056178 116.363268 116.994403 117.676988 118.410135 119.192909 2.540000 0.000000 2.540000 5.080000 7.620000 10.160000 12.700000 8.032185 7.620000 8.032185 9.158100 10.776307 12.700000 14.810618 133.554536 133.397868 133.253120 133.120332 128.517997 128.355182 128.204741 128.066719 58.803435 57.473821 56.227568 55.070336 54.007848 130.021501 127.509940 124.999528 122.490335 119.982439 117.475923 114.970877 129.115600 126.586066 124.056959 121.528307 119.000139 116.472485 113.945380 58.917852 57.163124 55.469229 53.841910 52.287382 50.812327 49.423862 64.565885 62.968746 61.435134 59.969922 58.578243 57.265460 56.037116 133.608584 132.100452 130.624302 129.181231 127.772359 126.398830 125.061808 127.593968 126.013873 124.465558 122.950222 121.469101 120.023460 118.614597 
210.284234 166.489821 142.006215 60.540617 87.012846 88.220562 89.484092 90.801108 92.169316 118.831675 119.449767 120.118401 120.836735 121.603891 5.080000 2.540000 0.000000 2.540000 5.080000 7.620000 10.160000 9.158100 8.032185 7.620000 8.032185 9.158100 10.776307 12.700000 133.903462 133.723082 133.554536 133.397868 128.880560 128.693140 128.517997 128.355182 60.958033 59.676443 58.477151 57.365318 56.346122 132.534147 130.021501 127.509940 124.999528 122.490335 119.982439 117.475923 131.645537 129.115600 126.586066 124.056959 121.528307 119.000139 116.472485 60.728140 58.917852 57.163124 55.469229 53.841910 52.287382 50.812327 66.221954 64.565885 62.968746 61.435134 59.969922 58.578243 57.265460 135.147628 133.608584 132.100452 130.624302 129.181231 127.772359 126.398830 129.204675 127.593968 126.013873 124.465558 122.950222 121.469101 120.023460 
212.202899 168.906696 141.460866 59.250130 89.270411 90.447987 91.680824 92.966725 94.303519 121.303037 121.908600 122.563820 123.267905 124.020023 7.620000 5.080000 2.540000 0.000000 2.540000 5.080000 7.620000 10.776307 9.158100 8.032185 7.620000 8.032185 9.158100 10.776307 134.299529 134.095628 133.903462 133.723082 129.292014 129.080203 128.880560 128.693140 63.141293 61.904919 60.749636 59.680154 58.701162 135.047816 132.534147 130.021501 127.509940 124.999528 122.490335 119.982439 134.175854 131.645537 129.115600 126.586066 124.056959 121.528307 119.000139 62.589168 60.728140 58.917852 57.163124 55.469229 53.841910 52.287382 67.932644 66.221954 64.565885 62.968746 61.435134 59.969922 58.578243 136.716539 135.147628 133.608584 132.100452 130.624302 129.181231 127.772359 130.844865 129.204675 127.593968 126.013873 124.465558 122.950222 121.469101 
214.134503 171.327133 140.959183 58.042162 91.542778 92.691490 93.894875 95.150859 96.457388 123.777178 124.370695 125.013011 125.703379 126.441010 10.160000 7.620000 5.080000 2.540000 0.000000 2.540000 5.080000 12.700000 10.776307 9.158100 8.032185 7.620000 8.032185 9.158100 134.742320 134.515112 134.299529 134.095628 129.751896 129.515933 129.292014 129.080203 65.350341 64.156552 63.042545 62.012620 61.071030 137.562452 135.047816 132.534147 130.021501 127.509940 124.999528 122.490335 136.706530 134.175854 131.645537 129.115600 126.586066 124.056959 121.528307 64.496543 62.589168 60.728140 58.917852 57.163124 55.469229 53.841910 69.693933 67.932644 66.221954 64.565885 62.968746 61.435134 59.969922 138.314302 136.716539 135.147628 133.608584 132.100452 130.624302 129.181231 132.513444 130.844865 129.204675 127.593968 126.013873 124.465558 122.950222 
216.078697 173.750984 140.501634 56.921968 93.828873 94.949932 96.125048 97.352264 98.629635 126.253935 126.835863 127.465757 128.142911 128.866580 12.700000 10.160000 7.620000 5.080000 2.540000 0.000000 2.540000 14.810618 12.700000 10.776307 9.158100 8.032185 7.620000 8.032185 135.231378 134.981096 134.742320 134.515112 130.259691 129.999838 129.751896 129.515933 67.582649 66.428989 65.353729 64.360799 63.454063 140.078003 137.562452 135.047816 132.534147 130.021501 127.509940 124.999528 139.237546 136.706530 134.175854 131.645537 129.115600 126.586066 124.056959 66.446274 64.496543 62.589168 60.728140 58.917852 57.163124 55.469229 71.502081 69.693933 67.932644 66.221954 64.565885 62.968746 61.435134 139.939927 138.314302 136.716539 135.147628 133.608584 132.100452 130.624302 134.209351 132.513444 130.844865 129.204675 127.593968 126.013873 124.465558 
218.035145 176.178108 140.088651 55.894826 96.127717 97.222271 98.370246 99.569793 100.819073 128.733156 129.303927 129.921856 130.586275 131.296477 15.240000 12.700000 10.160000 7.620000 5.080000 2.540000 0.000000 17.038838 14.810618 12.700000 10.776307 9.158100 8.032185 7.620000 135.766202 135.493102 135.231378 134.981096 130.814843 130.531384 130.259691 129.999838 69.835987 68.720166 67.681316 66.723032 65.848833 142.594422 140.078003 137.562452 135.047816 132.534147 130.021501 127.509940 141.768884 139.237546 136.706530 134.175854 131.645537 129.115600 126.586066 68.434742 66.446274 64.496543 62.589168 60.728140 58.917852 57.163124 73.353624 71.502081 69.693933 67.932644 66.221954 64.565885 62.968746 141.592456 139.939927 138.314302 136.716539 135.147628 133.608584 132.100452 135.931565 134.209351 132.513444 130.844865 129.204675 127.593968 126.013873 
211.670902 159.400038 150.603044 57.315602 79.098207 80.183844 81.334338 82.546977 83.819064 112.286846 112.769261 113.306575 113.898011 114.542729 7.620000 8.032185 9.158100 10.776307 12.700000 14.810618 17.038838 0.000000 2.540000 5.080000 7.620000 10.160000 12.700000 15.240000 140.829953 140.704316 140.590039 140.487150 135.778195 135.647878 135.529338 135.422604 61.269407 59.670987 58.139629 56.680767 55.300140 128.878494 126.395267 123.914340 121.435857 118.959968 116.486840 114.016653 127.509940 124.999528 122.490335 119.982439 117.475923 114.970877 112.467398 51.829637 49.955220 48.141872 46.396755 44.727857 43.144022 41.654956 57.163124 55.469229 53.841910 52.287382 50.812327 49.423862 48.129479 138.339046 136.930166 135.554242 134.212286 132.905328 131.634410 130.400585 132.100452 130.624302 129.181231 127.772359 126.398830 125.061808 123.762477 
213.516688 161.843064 150.002940 55.719685 81.416772 82.471894 83.590902 84.771267 86.010464 114.786712 115.258665 115.784426 116.363268 116.994403 8.032185 7.620000 8.032185 9.158100 10.776307 12.700000 14.810618 2.540000 0.000000 2.540000 5.080000 7.620000 10.160000 12.700000 141.115186 140.966921 140.829953 140.704316 136.074017 135.920253 135.778195 135.647878 63.238239 61.690853 60.210888 58.803435 57.473821 131.363893 128.878494 126.395267 123.914340 121.435857 118.959968 116.486840 130.021501 127.509940 124.999528 122.490335 119.982439 117.475923 114.970877 53.758737 51.829637 49.955220 48.141872 46.396755 44.727857 43.144022 58.917852 57.163124 55.469229 53.841910 52.287382 50.812327 49.423862 139.779884 138.339046 136.930166 135.554242 134.212286 132.905328 131.634410 133.608584 132.100452 130.624302 129.181231 127.772359 126.398830 125.061808 
215.376610 164.289031 149.443602 54.195863 83.748185 84.774294 85.863301 87.012846 88.220562 117.288303 117.750229 118.264915 118.831675 119.449767 9.158100 8.032185 7.620000 8.032185 9.158100 10.776307 12.700000 5.080000 2.540000 0.000000 2.540000 5.080000 7.620000 10.160000 141.445462 141.274712 141.115186 140.966921 136.416499 136.239446 136.074017 135.920253 65.246553 63.747935 62.316843 60.958033 59.676443 133.851341 131.363893 128.878494 126.395267 123.914340 121.435857 118.959968 132.534147 130.021501 127.509940 124.999528 122.490335 119.982439 117.475923 55.736842 53.758737 51.829637 49.955220 48.141872 46.396755 44.727857 60.728140 58.917852 57.163124 55.469229 53.841910 52.287382 50.812327 141.251702 139.779884 138.339046 136.930166 135.554242 134.212286 132.905328 135.147628 133.608584 132.100452 130.624302 129.181231 127.772359 126.398830 
217.250307 166.737809 148.925491 52.750385 86.091401 87.089906 88.150311 89.270411 90.447987 119.791510 120.243820 120.747877 121.303037 121.908600 10.776307 9.158100 8.032185 7.620000 8.032185 9.158100 10.776307 7.620000 5.080000 2.540000 0.000000 2.540000 5.080000 7.620000 141.820468 141.627395 141.445462 141.274712 136.805290 136.605129 136.416499 136.239446 67.290814 65.838744 64.454092 63.141293 61.904919 136.340728 133.851341 131.363893 128.878494 126.395267 123.914340 121.435857 135.047816 132.534147 130.021501 127.509940 124.999528 122.490335 119.982439 57.758917 55.736842 53.758737 51.829637 49.955220 48.141872 46.396755 62.589168 60.728140 58.917852 57.163124 55.469229 53.841910 52.287382 142.753543 141.251702 139.779884 138.339046 136.930166 135.554242 134.212286 136.716539 135.147628 133.608584 132.100452 130.624302 129.181231 127.772359 
219.137424 169.189278 148.449037 51.389861 88.445482 89.417704 90.450823 91.542778 92.691490 122.296234 122.739314 123.233165 123.777178 124.370695 12.700000 10.776307 9.158100 8.032185 7.620000 8.032185 9.158100 10.160000 7.620000 5.080000 2.540000 0.000000 2.540000 5.080000 142.239849 142.024635 141.820468 141.627395 137.239998 137.016931 136.805290 136.605129 69.367845 67.960168 66.619623 65.350341 64.156552 138.831948 136.340728 133.851341 131.363893 128.878494 126.395267 123.914340 137.562452 135.047816 132.534147 130.021501 127.509940 124.999528 122.490335 59.820503 57.758917 55.736842 53.758737 51.829637 49.955220 48.141872 64.496543 62.589168 60.728140 58.917852 57.163124 55.469229 53.841910 144.284469 142.753543 141.251702 139.779884 138.339046 136.930166 135.554242 138.314302 136.716539 135.147628 133.608584 132.100452 130.624302 129.181231 
221.037618 171.643321 148.014643 50.121210 90.809584 91.756760 92.763833 93.828873 94.949932 124.802384 125.236598 125.720639 126.253935 126.835863 14.810618 12.700000 10.776307 9.158100 8.032185 7.620000 8.032185 12.700000 10.160000 7.620000 5.080000 2.540000 0.000000 2.540000 142.703214 142.466059 142.239849 142.024635 137.720186 137.474435 137.239998 137.016931 71.474788 70.109428 68.810767 67.582649 66.428989 141.324904 138.831948 136.340728 133.851341 131.363893 128.878494 126.395267 140.078003 137.562452 135.047816 132.534147 130.021501 127.509940 124.999528 61.917654 59.820503 57.758917 55.736842 53.758737 51.829637 49.955220 66.446274 64.496543 62.589168 60.728140 58.917852 57.163124 55.469229 145.843564 144.284469 142.753543 141.251702 139.779884 138.339046 136.930166 139.939927 138.314302 136.716539 135.147628 133.608584 132.100452 130.624302 
222.950554 174.099830 147.622680 48.951576 93.182943 94.106235 95.088428 96.127717 97.222271 127.309876 127.735566 128.210173 128.733156 129.303927 17.038838 14.810618 12.700000 10.776307 9.158100 8.032185 7.620000 15.240000 12.700000 10.160000 7.620000 5.080000 2.540000 0.000000 143.210136 142.951259 142.703214 142.466059 138.245382 137.977189 137.720186 137.474435 73.609076 72.284041 71.025152 69.835987 68.720166 143.819507 141.324904 138.831948 136.340728 133.851341 131.363893 128.878494 142.594422 140.078003 137.562452 135.047816 132.534147 130.021501 127.509940 64.046877 61.917654 59.820503 57.758917 55.736842 53.758737 51.829637 68.434742 66.446274 64.496543 62.589168 60.728140 58.917852 57.163124 147.429934 145.843564 144.284469 142.753543 141.251702 139.779884 138.339046 141.592456 139.939927 138.314302 136.716539 135.147628 133.608584 132.100452 
138.786855 230.421720 51.687129 191.060036 182.136272 184.548438 186.963990 189.382799 191.804741 186.697382 188.881086 191.073599 193.274621 195.483865 133.253120 133.554536 133.903462 134.299529 134.742320 135.231378 135.766202 140.829953 141.115186 141.445462 141.820468 142.239849 142.703214 143.210136 0.000000 1.270000 2.540000 3.810000 5.080000 5.236344 5.679613 6.350000 105.840274 108.260945 110.686963 113.117986 115.553697 158.916320 157.144717 155.394436 153.666205 151.960777 150.278927 148.621457 164.433151 162.721623 161.031970 159.364887 157.721090 156.101315 154.506317 176.088985 175.756968 175.461095 175.201550 174.978495 174.792069 174.642390 183.639288 183.320946 183.037300 182.788514 182.574728 182.396066 182.252632 68.035473 65.688452 63.356319 61.040779 58.743795 56.467631 54.214911 71.248927 69.011280 66.795263 64.603101 62.437308 60.300725 58.196569 
140.055692 231.188180 50.425834 190.722685 182.540699 184.947590 187.357996 189.771783 192.188823 187.352988 189.529139 191.714241 193.907991 196.110099 133.120332 133.397868 133.723082 134.095628 134.515112 134.981096 135.493102 140.704316 140.966921 141.274712 141.627395 142.024635 142.466059 142.951259 1.270000 0.000000 1.270000 2.540000 5.236344 5.080000 5.236344 5.679613 106.236217 108.648067 111.065630 113.488541 115.916466 159.809896 158.027898 156.266867 154.527518 152.810593 151.116855 149.447094 165.296906 163.574696 161.874019 160.195563 158.540032 156.908153 155.300671 176.268485 175.918470 175.604501 175.326771 175.085452 174.880696 174.712630 183.811415 183.475791 183.174775 182.908540 182.677237 182.481000 182.319940 69.214093 66.860199 64.520423 62.196358 59.889834 57.602956 55.338161 72.375236 70.127529 67.900435 65.696050 63.516739 61.365174 59.244376 
141.324549 231.959061 49.164988 190.393209 182.953048 185.354585 187.759766 190.168453 192.580515 188.014886 190.183464 192.361133 194.547589 196.742539 132.999539 133.253120 133.554536 133.903462 134.299529 134.742320 135.231378 140.590039 140.829953 141.115186 141.445462 141.820468 142.239849 142.703214 2.540000 1.270000 0.000000 1.270000 5.679613 5.236344 5.080000 5.236344 106.645815 109.048606 111.457481 113.872056 116.291974 160.708539 158.916320 157.144717 155.394436 153.666205 151.960777 150.278927 166.165878 164.433151 162.721623 161.031970 159.364887 157.721090 156.101315 176.456943 176.088985 175.756968 175.461095 175.201550 174.978495 174.792069 183.992148 183.639288 183.320946 183.037300 182.788514 182.574728 182.396066 70.395892 68.035473 65.688452 63.356319 61.040779 58.743795 56.467631 73.506229 71.248927 69.011280 66.795263 64.603101 62.437308 60.300725 
142.593426 232.734319 47.904626 190.071647 183.373265 185.769370 188.169250 190.572761 192.979770 188.683011 190.843997 193.014214 195.193355 197.381123 132.890774 133.120332 133.397868 133.723082 134.095628 134.515112 134.981096 140.487150 140.704316 140.966921 141.274712 141.627395 142.024635 142.466059 3.810000 2.540000 1.270000 0.000000 6.350000 5.679613 5.236344 5.080000 107.068911 109.462415 111.862380 114.268399 116.680097 161.612166 159.809896 158.027898 156.266867 154.527518 152.810593 151.116855 167.039985 165.296906 163.574696 161.874019 160.195563 158.540032 156.908153 176.654331 176.268485 175.918470 175.604501 175.326771 175.085452 174.880696 184.181460 183.811415 183.475791 183.174775 182.908540 182.677237 182.481000 71.580712 69.214093 66.860199 64.520423 62.196358 59.889834 57.602956 74.641693 72.375236 70.127529 67.900435 65.696050 63.516739 61.365174 
139.097903 226.385080 52.516614 186.171890 177.322650 179.727628 182.136272 184.548438 186.963990 182.357662 184.522798 186.697382 188.881086 191.073599 128.204741 128.517997 128.880560 129.292014 129.751896 130.259691 130.814843 135.778195 136.074017 136.416499 136.805290 137.239998 137.720186 138.245382 5.080000 5.236344 5.679613 6.350000 0.000000 1.270000 2.540000 3.810000 101.016514 103.425327 105.840274 108.260945 110.686963 155.337277 153.524380 151.732343 149.961914 148.213868 146.489006 144.788157 160.736166 158.984844 157.255045 155.547488 153.862913 152.202084 150.565785 171.058884 170.717084 170.412461 170.145215 169.915522 169.723536 169.569383 178.605095 178.277763 177.986081 177.730224 177.510346 177.326582 177.179044 66.294436 63.883483 61.482923 59.094021 56.718252 54.357337 52.013299 69.029827 66.717795 64.422935 62.147149 59.892612 57.661815 55.457624 
140.363928 227.165160 51.275727 185.825666 177.738030 180.137462 182.540699 184.947590 187.357996 183.028814 185.186103 187.352988 189.529139 191.714241 128.066719 128.355182 128.693140 129.080203 129.515933 129.999838 130.531384 135.647878 135.920253 136.239446 136.605129 137.016931 137.474435 137.977189 5.236344 5.080000 5.236344 5.679613 1.270000 0.000000 1.270000 2.540000 101.431289 103.830480 106.236217 108.648067 111.065630 156.251322 154.428267 152.625708 150.844380 149.085044 147.348488 145.635527 161.619680 159.857858 158.117210 156.398441 154.702281 153.029482 151.380818 171.243656 170.883350 170.560112 170.274154 170.025664 169.814807 169.641723 178.782069 178.436985 178.127455 177.853664 177.615779 177.413943 177.248279 67.503462 65.087732 62.681829 60.286928 57.904394 55.535819 53.183068 70.191753 67.871774 65.568106 63.282529 61.017077 58.774076 56.556198 
141.630023 227.949647 50.036302 185.487491 178.161495 180.555300 182.953048 185.354585 187.759766 183.706293 185.855719 188.014886 190.183464 192.361133 127.941154 128.204741 128.517997 128.880560 129.292014 129.751896 130.259691 135.529338 135.778195 136.074017 136.416499 136.805290 137.239998 137.720186 5.679613 5.236344 5.080000 5.236344 2.540000 1.270000 0.000000 1.270000 101.860210 104.249530 106.645815 109.048606 111.457481 157.170314 155.337277 153.524380 151.732343 149.961914 148.213868 146.489006 162.508316 160.736166 158.984844 157.255045 155.547488 153.862913 152.202084 171.437638 171.058884 170.717084 170.412461 170.145215 169.915522 169.723536 178.967880 178.605095 178.277763 177.986081 177.730224 177.510346 177.326582 68.714687 66.294436 63.883483 61.482923 59.094021 56.718252 54.357337 71.357362 69.029827 66.717795 64.422935 62.147149 59.892612 57.661815 
142.896188 228.738494 48.798449 185.157410 178.592987 180.981085 183.373265 185.769370 188.169250 184.390030 186.531578 188.683011 190.843997 193.014214 127.828085 128.066719 128.355182 128.693140 129.080203 129.515933 129.999838 135.422604 135.647878 135.920253 136.239446 136.605129 137.016931 137.474435 6.350000 5.679613 5.236344 5.080000 3.810000 2.540000 1.270000 0.000000 102.303100 104.682312 107.068911 109.462415 111.862380 158.094165 156.251322 154.428267 152.625708 150.844380 149.085044 147.348488 163.401990 161.619680 159.857858 158.117210 156.398441 154.702281 153.029482 171.640798 171.243656 170.883350 170.560112 170.274154 170.025664 169.814807 179.162502 178.782069 178.436985 178.127455 177.853664 177.615779 177.413943 69.927999 67.503462 65.087732 62.681829 60.286928 57.904394 55.535819 72.526477 70.191753 67.871774 65.568106 63.282529 61.017077 58.774076 
150.580997 134.987021 135.667186 118.120467 76.307233 78.711380 81.123807 83.543797 85.970711 86.960717 88.715849 90.508235 92.335705 94.196219 56.680767 58.803435 60.958033 63.141293 65.350341 67.582649 69.835987 61.269407 63.238239 65.246553 67.290814 69.367845 71.474788 73.609076 105.840274 106.236217 106.645815 107.068911 101.016514 101.431289 101.860210 102.303100 0.000000 2.540000 5.080000 7.620000 10.160000 80.049596 77.541717 75.036000 72.532668 70.031976 67.534218 65.039733 81.586466 79.127313 76.673431 74.225344 71.783643 69.349004 66.922198 74.108059 74.430506 74.837818 75.328621 75.901294 76.554000 77.284712 81.686053 81.978698 82.348684 82.794975 83.316344 83.911392 84.578564 81.190856 80.267160 79.413992 78.633646 77.928312 77.300042 76.750729 74.189543 73.177525 72.240676 71.381956 70.604214 69.910155 69.302292 
152.391665 133.434924 137.674138 116.343576 73.912174 76.307233 78.711380 81.123807 83.543797 85.245140 86.960717 88.715849 90.508235 92.335705 55.300140 57.473821 59.676443 61.904919 64.156552 66.428989 68.720166 59.670987 61.690853 63.747935 65.838744 67.960168 70.109428 72.284041 108.260945 108.648067 109.048606 109.462415 103.425327 103.830480 104.249530 104.682312 2.540000 0.000000 2.540000 5.080000 7.620000 79.692783 77.173310 74.655229 72.138684 69.623843 67.110897 64.600067 80.997801 78.520213 76.046744 73.577808 71.113878 68.655492 66.203269 71.584044 71.917807 72.339269 72.846908 73.438936 74.113331 74.867867 79.159159 79.461111 79.842764 80.302983 80.840426 81.453563 82.140700 83.548691 82.651350 81.823045 81.065893 80.381904 79.772960 79.240792 76.510178 75.529261 74.621943 73.790939 73.038854 72.368148 71.781103 
154.222910 131.913476 139.698441 114.595436 71.527116 73.912174 76.307233 78.711380 81.123807 83.571555 85.245140 86.960717 88.715849 90.508235 54.003748 56.227568 58.477151 60.749636 63.042545 65.353729 67.681316 58.139629 60.210888 62.316843 64.454092 66.619623 68.810767 71.025152 110.686963 111.065630 111.457481 111.862380 105.840274 106.236217 106.645815 107.068911 5.080000 2.540000 0.000000 2.540000 5.080000 79.415645 76.887091 74.359318 71.832407 69.306454 66.781566 64.257869 80.485024 77.991149 75.500349 73.012939 70.529278 68.049776 65.574905 69.061200 69.407096 69.843711 70.369354 70.982049 71.679564 72.459448 76.633131 76.944997 77.339068 77.814096 78.368609 79.000933 79.709216 85.916911 85.044562 84.239792 83.504556 82.840705 82.249967 81.733928 78.844338 77.892821 77.013353 76.208431 75.480437 74.831618 74.264049 
156.074006 130.423751 141.739352 112.877382 69.153093 71.527116 73.912174 76.307233 78.711380 81.942534 83.571555 85.245140 86.960717 88.715849 52.797796 55.070336 57.365318 59.680154 62.012620 64.360799 66.723032 56.680767 58.803435 60.958033 63.141293 65.350341 67.582649 69.835987 113.117986 113.488541 113.872056 114.268399 108.260945 108.648067 109.048606 109.462415 7.620000 5.080000 2.540000 0.000000 2.540000 79.219018 76.683981 74.149284 71.614963 69.081059 66.547620 64.014701 80.049596 77.541717 75.036000 72.532668 70.031976 67.534218 65.039733 66.539661 66.898597 67.351475 67.896416 68.531223 69.253426 70.060322 74.108059 74.430506 74.837818 75.328621 75.901294 76.554000 77.284712 88.294681 87.446055 86.663589 85.949089 85.304264 84.730704 84.229864 81.190856 80.267160 79.413992 78.633646 77.928312 77.300042 76.750729 
157.944256 128.966846 143.796164 111.190809 66.791283 69.153093 71.527116 73.912174 76.307233 80.360787 81.942534 83.571555 85.245140 86.960717 51.688615 54.007848 56.346122 58.701162 61.071030 63.454063 65.848833 55.300140 57.473821 59.676443 61.904919 64.156552 66.428989 68.720166 115.553697 115.916466 116.291974 116.680097 110.686963 111.065630 111.457481 111.862380 10.160000 7.620000 5.080000 2.540000 0.000000 79.103503 76.564642 74.025859 71.487162 68.948562 66.410068 63.871694 79.692783 77.173310 74.655229 72.138684 69.623843 67.110897 64.600067 64.019583 64.392567 64.862945 65.428615 66.087132 66.835750 67.671480 71.584044 71.917807 72.339269 72.846908 73.438936 74.113331 74.867867 90.681249 89.855166 89.093860 88.399006 87.772181 87.214852 86.728359 83.548691 82.651350 81.823045 81.065893 80.381904 79.772960 79.240792 
122.264915 75.824306 201.806704 177.557206 80.470046 82.369084 84.301880 86.266165 88.259835 49.454516 51.871331 54.299391 56.737254 59.183709 127.509940 130.021501 132.534147 135.047816 137.562452 140.078003 142.594422 128.878494 131.363893 133.851341 136.340728 138.831948 141.324904 143.819507 158.916320 159.809896 160.708539 161.612166 155.337277 156.251322 157.170314 158.094165 80.049596 79.692783 79.415645 79.219018 79.103503 0.000000 2.540000 5.080000 7.620000 10.160000 12.700000 15.240000 7.620000 8.032185 9.158100 10.776307 12.700000 14.810618 17.038838 106.536830 108.626255 110.734518 112.860565 115.003408 117.162126 119.335857 111.087143 113.092531 115.119029 117.165543 119.231041 121.314554 123.415170 100.173698 101.426343 102.726528 104.072471 105.462421 106.894660 108.367512 93.576458 94.916210 96.304327 97.738749 99.217468 100.738534 102.300056 
122.854223 76.770933 199.762850 175.230740 78.786028 80.724693 82.695931 84.697468 86.727208 48.713942 51.165749 53.625767 56.092914 58.566290 124.999528 127.509940 130.021501 132.534147 135.047816 137.562452 140.078003 126.395267 128.878494 131.363893 133.851341 136.340728 138.831948 141.324904 157.144717 158.027898 158.916320 159.809896 153.524380 154.428267 155.337277 156.251322 77.541717 77.173310 76.887091 76.683981 76.564642 2.540000 0.000000 2.540000 5.080000 7.620000 10.160000 12.700000 8.032185 7.620000 8.032185 9.158100 10.776307 12.700000 14.810618 104.467374 106.536830 108.626255 110.734518 112.860565 115.003408 117.162126 109.104031 111.087143 113.092531 115.119029 117.165543 119.231041 121.314554 98.970397 100.173698 101.426343 102.726528 104.072471 105.462421 106.894660 92.287179 93.576458 94.916210 96.304327 97.738749 99.217468 100.738534 
123.492972 77.789009 197.730499 172.910283 77.148891 79.127676 81.137723 83.176766 85.242722 48.096261 50.578020 53.065290 55.557333 58.053532 122.490335 124.999528 127.509940 130.021501 132.534147 135.047816 137.562452 123.914340 126.395267 128.878494 131.363893 133.851341 136.340728 138.831948 155.394436 156.266867 157.144717 158.027898 151.732343 152.625708 153.524380 154.428267 75.036000 74.655229 74.359318 74.149284 74.025859 5.080000 2.540000 0.000000 2.540000 5.080000 7.620000 10.160000 9.158100 8.032185 7.620000 8.032185 9.158100 10.776307 12.700000 102.419097 104.467374 106.536830 108.626255 110.734518 112.860565 115.003408 107.144430 109.104031 111.087143 113.092531 115.119029 117.165543 119.231041 97.818263 98.970397 100.173698 101.426343 102.726528 104.072471 105.462421 91.050516 92.287179 93.576458 94.916210 96.304327 97.738749 99.217468 
124.180397 78.875769 195.710008 170.596082 75.561682 77.580961 79.630060 81.706736 83.808938 47.606257 50.112289 52.621578 55.133679 57.648226 119.982439 122.490335 124.999528 127.509940 130.021501 132.534147 135.047816 121.435857 123.914340 126.395267 128.878494 131.363893 133.851341 136.340728 153.666205 154.527518 155.394436 156.266867 149.961914 150.844380 151.732343 152.625708 72.532668 72.138684 71.832407 71.614963 71.487162 7.620000 5.080000 2.540000 0.000000 2.540000 5.080000 7.620000 10.776307 9.158100 8.032185 7.620000 8.032185 9.158100 10.776307 100.393296 102.419097 104.467374 106.536830 108.626255 110.734518 112.860565 105.209654 107.144430 109.104031 111.087143 113.092531 115.119029 117.165543 96.719124 97.818263 98.970397 100.173698 101.426343 102.726528 104.072471 89.868642 91.050516 92.287179 93.576458 94.916210 96.304327 97.738749 
