62
# Circuit board instance
Size: large
Nodes: 62
0.000000 140.000000 140.000000 197.989899 95.006288 96.441016 97.920619 99.443094 101.006502 102.608972 104.248702 101.429609 102.774707 104.164382 105.596873 107.070463 108.583479 110.134294 65.651517 67.861763 70.094360 72.347239 74.618563 76.906697 79.210184 69.781059 71.864410 73.976306 76.114372 78.276462 80.460640 82.665155 119.571778 120.840782 122.109806 123.378851 119.881527 121.147286 122.413133 123.679066 130.375818 131.737777 133.134267 134.564212 136.026559 137.520273 139.044344 136.900479 138.198152 139.529998 140.895048 142.292348 143.720955 145.179947 154.577063 155.645705 156.717352 157.791943 157.389317 158.438992 159.491872 160.547893 
140.000000 0.000000 197.989899 140.000000 80.689874 82.374332 84.101776 85.869610 87.675392 89.516826 91.391755 75.093452 76.900594 78.748203 80.633496 82.553892 84.506998 86.490599 121.249894 122.460745 123.711901 125.002152 126.330301 127.695165 129.095578 114.574043 115.854687 117.176401 118.537811 119.937565 121.374337 122.846827 180.456482 181.299824 182.148117 183.001291 176.681386 177.542662 178.408820 179.279790 74.998187 77.341554 79.696971 82.063400 84.439914 86.825687 89.219974 72.353407 74.779699 77.213306 79.653556 82.099857 84.551684 87.008570 141.516495 142.682990 143.851238 145.021196 139.577388 140.759953 141.944029 143.129578 
140.000000 197.989899 0.000000 140.000000 117.653030 115.783031 113.938968 112.122120 110.333831 108.575512 106.848644 122.898357 121.109377 119.347640 117.614372 115.910849 114.238402 112.598416 89.445613 87.088546 84.742052 82.407033 80.084492 77.775549 75.481450 92.519145 90.242393 87.980054 85.733270 83.503296 81.291516 79.099455 21.067843 19.832763 18.602385 17.377709 22.760152 21.621955 20.499249 19.394722 131.441822 130.087434 128.768908 127.487357 126.243905 125.039691 123.875859 137.916062 136.625869 135.371042 134.152575 132.971467 131.828721 130.725345 84.419593 84.276834 84.153002 84.048180 89.465056 89.330361 89.213544 89.114675 
197.989899 140.000000 140.000000 0.000000 106.427893 104.356942 102.307133 100.279762 98.276219 96.297990 94.346668 102.250023 100.092667 97.953663 95.834239 93.735723 91.659552 89.607279 135.616860 134.073972 132.561799 131.081403 129.633873 128.220322 126.841887 129.682718 128.068359 126.484406 124.932016 123.412380 121.926722 120.476300 136.788105 136.603332 136.430130 136.268546 131.767812 131.575988 131.396160 131.228377 76.836365 74.495737 72.168594 69.856284 67.560328 65.282453 63.024619 74.257082 71.832460 69.416089 67.008863 64.611805 62.226088 59.853070 57.092187 56.880884 56.697248 56.541548 52.100350 51.868715 51.667268 51.496363 
95.006288 80.689874 117.653030 106.427893 0.000000 2.540000 5.080000 7.620000 10.160000 12.700000 15.240000 7.620000 8.032185 9.158100 10.776307 12.700000 14.810618 17.038838 46.270525 46.560020 46.985239 47.542540 48.227344 49.034309 49.957517 38.685006 39.030804 39.537082 40.197777 41.005425 41.951540 43.026988 99.774295 100.627445 101.489316 102.359688 96.055242 96.941128 97.835479 98.738064 35.543202 36.770694 38.128097 39.602057 41.180058 42.850609 44.603311 42.467638 43.500172 44.653476 45.918449 47.286132 48.747879 50.295491 77.234761 78.502318 79.769952 81.037660 77.717863 78.977666 80.237791 81.498222 
96.441016 82.374332 115.783031 104.356942 2.540000 0.000000 2.540000 5.080000 7.620000 10.160000 12.700000 8.032185 7.620000 8.032185 9.158100 10.776307 12.700000 14.810618 46.119309 46.270525 46.560020 46.985239 47.542540 48.227344 49.034309 38.504011 38.685006 39.030804 39.537082 40.197777 41.005425 41.951540 98.095064 98.930091 99.774295 100.627445 94.309815 95.178057 96.055242 96.941128 34.459509 35.543202 36.770694 38.128097 39.602057 41.180058 42.850609 41.564875 42.467638 43.500172 44.653476 45.918449 47.286132 48.747879 74.699897 75.967286 77.234761 78.502318 75.199285 76.458397 77.717863 78.977666 
97.920619 84.101776 113.938968 102.307133 5.080000 2.540000 0.000000 2.540000 5.080000 7.620000 10.160000 9.158100 8.032185 7.620000 8.032185 9.158100 10.776307 12.700000 46.107733 46.119309 46.270525 46.560020 46.985239 47.542540 48.227344 38.490145 38.504011 38.685006 39.030804 39.537082 40.197777 41.005425 96.453495 97.269452 98.095064 98.930091 92.601168 93.450767 94.309815 95.178057 33.533557 34.459509 35.543202 36.770694 38.128097 39.602057 41.180058 40.800497 41.564875 42.467638 43.500172 44.653476 45.918449 47.286132 72.165395 73.432598 74.699897 75.967286 72.682199 73.940546 75.199285 76.458397 
99.443094 85.869610 112.122120 100.279762 7.620000 5.080000 2.540000 0.000000 2.540000 5.080000 7.620000 10.776307 9.158100 8.032185 7.620000 8.032185 9.158100 10.776307 46.235902 46.107733 46.119309 46.270525 46.560020 46.985239 47.542540 38.643587 38.490145 38.504011 38.685006 39.030804 39.537082 40.197777 94.851541 95.647440 96.453495 97.269452 90.931372 91.761280 92.601168 93.450767 32.778718 33.533557 34.459509 35.543202 36.770694 38.128097 39.602057 40.182402 40.800497 41.564875 42.467638 43.500172 44.653476 45.918449 69.631292 70.898291 72.165395 73.432598 70.166763 71.424264 72.682199 73.940546 
101.006502 87.675392 110.333831 98.276219 10.160000 7.620000 5.080000 2.540000 0.000000 2.540000 5.080000 12.700000 10.776307 9.158100 8.032185 7.620000 8.032185 9.158100 46.502660 46.235902 46.107733 46.119309 46.270525 46.560020 46.985239 38.962362 38.643587 38.490145 38.504011 38.685006 39.030804 39.537082 93.291244 94.066054 94.851541 95.647440 89.302608 90.111721 90.931372 91.761280 32.207025 32.778718 33.533557 34.459509 35.543202 36.770694 38.128097 39.717421 40.182402 40.800497 41.564875 42.467638 43.500172 44.653476 67.097636 68.364405 69.631292 70.898291 67.653164 68.909722 70.166763 71.424264 
102.608972 89.516826 108.575512 96.297990 12.700000 10.160000 7.620000 5.080000 2.540000 0.000000 2.540000 14.810618 12.700000 10.776307 9.158100 8.032185 7.620000 8.032185 46.905643 46.502660 46.235902 46.107733 46.119309 46.270525 46.560020 39.442459 38.962362 38.643587 38.490145 38.504011 38.685006 39.030804 91.774728 92.527377 93.291244 94.066054 87.717161 88.504323 89.302608 90.111721 31.828349 32.207025 32.778718 33.533557 34.459509 35.543202 36.770694 39.410974 39.717421 40.182402 40.800497 41.564875 42.467638 43.500172 64.564479 65.830991 67.097636 68.364405 65.141613 66.397118 67.653164 68.909722 
104.248702 91.391755 106.848644 94.346668 15.240000 12.700000 10.160000 7.620000 5.080000 2.540000 0.000000 17.038838 14.810618 12.700000 10.776307 9.158100 8.032185 7.620000 47.441380 46.905643 46.502660 46.235902 46.107733 46.119309 46.270525 40.078084 39.442459 38.962362 38.643587 38.490145 38.504011 38.685006 90.304200 91.033575 91.774728 92.527377 86.177422 86.941425 87.717161 88.504323 31.649618 31.828349 32.207025 32.778718 33.533557 34.459509 35.543202 39.266772 39.410974 39.717421 40.182402 40.800497 41.564875 42.467638 62.031880 63.298105 64.564479 65.830991 62.632356 63.886681 65.141613 66.397118 
101.429609 75.093452 122.898357 102.250023 7.620000 8.032185 9.158100 10.776307 12.700000 14.810618 17.038838 0.000000 2.540000 5.080000 7.620000 10.160000 12.700000 15.240000 53.865778 54.114656 54.480944 54.962293 55.555713 56.257658 57.064123 46.270525 46.560020 46.985239 47.542540 48.227344 49.034309 49.957517 105.565783 106.372493 107.188180 108.012640 101.677996 102.515305 103.361435 104.216173 28.970104 30.463612 32.088932 33.827069 35.661533 37.578217 39.565175 35.543202 36.770694 38.128097 39.602057 41.180058 42.850609 44.603311 77.134270 78.403451 79.672659 80.941891 77.117665 78.387115 79.656583 80.926067 
102.774707 76.900594 121.109377 100.092667 8.032185 7.620000 8.032185 9.158100 10.776307 12.700000 14.810618 2.540000 0.000000 2.540000 5.080000 7.620000 10.160000 12.700000 53.735940 53.865778 54.114656 54.480944 54.962293 55.555713 56.257658 46.119309 46.270525 46.560020 46.985239 47.542540 48.227344 49.034309 103.980124 104.768256 105.565783 106.372493 100.030729 100.849729 101.677996 102.515305 27.629793 28.970104 30.463612 32.088932 33.827069 35.661533 37.578217 34.459509 35.543202 36.770694 38.128097 39.602057 41.180058 42.850609 74.595991 75.865116 77.134270 78.403451 74.578821 75.848233 77.117665 78.387115 
104.164382 78.748203 119.347640 97.953663 9.158100 8.032185 7.620000 8.032185 9.158100 10.776307 12.700000 5.080000 2.540000 0.000000 2.540000 5.080000 7.620000 10.160000 53.726005 53.735940 53.865778 54.114656 54.480944 54.962293 55.555713 46.107733 46.119309 46.270525 46.560020 46.985239 47.542540 48.227344 102.432911 103.201603 103.980124 104.768256 98.421449 99.221224 100.030729 100.849729 26.465963 27.629793 28.970104 30.463612 32.088932 33.827069 35.661533 33.533557 34.459509 35.543202 36.770694 38.128097 39.602057 41.180058 72.057834 73.326897 74.595991 75.865116 72.040059 73.309429 74.578821 75.848233 
105.596873 80.633496 117.614372 95.834239 10.776307 9.158100 8.032185 7.620000 8.032185 9.158100 10.776307 7.620000 5.080000 2.540000 0.000000 2.540000 5.080000 7.620000 53.836040 53.726005 53.735940 53.865778 54.114656 54.480944 54.962293 46.235902 46.107733 46.119309 46.270525 46.560020 46.985239 47.542540 100.925911 101.674271 102.432911 103.201603 96.852051 97.631644 98.421449 99.221224 25.502786 26.465963 27.629793 28.970104 30.463612 32.088932 33.827069 32.778718 33.533557 34.459509 35.543202 36.770694 38.128097 39.602057 69.519811 70.788805 72.057834 73.326897 69.501387 70.770711 72.040059 73.309429 
107.070463 82.553892 115.910849 93.735723 12.700000 10.776307 9.158100 8.032185 7.620000 8.032185 9.158100 10.160000 7.620000 5.080000 2.540000 0.000000 2.540000 5.080000 54.065312 53.836040 53.726005 53.735940 53.865778 54.114656 54.480944 46.502660 46.235902 46.107733 46.119309 46.270525 46.560020 46.985239 99.460951 100.188059 100.925911 101.674271 95.324505 96.082920 96.852051 97.631644 24.763687 25.502786 26.465963 27.629793 28.970104 30.463612 32.088932 32.207025 32.778718 33.533557 34.459509 35.543202 36.770694 38.128097 66.981938 68.250855 69.519811 70.788805 66.962816 68.232088 69.501387 70.770711 
108.583479 84.506998 114.238402 91.659552 14.810618 12.700000 10.776307 9.158100 8.032185 7.620000 8.032185 12.700000 10.160000 7.620000 5.080000 2.540000 0.000000 2.540000 54.412315 54.065312 53.836040 53.726005 53.735940 53.865778 54.114656 46.905643 46.502660 46.235902 46.107733 46.119309 46.270525 46.560020 98.039917 98.744824 99.460951 100.188059 93.840853 94.577062 95.324505 96.082920 24.269147 24.763687 25.502786 26.465963 27.629793 28.970104 30.463612 31.828349 32.207025 32.778718 33.533557 34.459509 35.543202 36.770694 64.444233 65.713063 66.981938 68.250855 64.424357 65.693571 66.962816 68.232088 
110.134294 86.490599 112.598416 89.607279 17.038838 14.810618 12.700000 10.776307 9.158100 8.032185 7.620000 15.240000 12.700000 10.160000 7.620000 5.080000 2.540000 0.000000 54.874814 54.412315 54.065312 53.836040 53.726005 53.735940 53.865778 47.441380 46.905643 46.502660 46.235902 46.107733 46.119309 46.270525 96.664746 97.346476 98.039917 98.744824 92.403212 93.116147 93.840853 94.577062 24.034268 24.269147 24.763687 25.502786 26.465963 27.629793 28.970104 31.649618 31.828349 32.207025 32.778718 33.533557 34.459509 35.543202 61.906716 63.175449 64.444233 65.713063 61.886025 63.155174 64.424357 65.693571 
65.651517 121.249894 89.445613 135.616860 46.270525 46.119309 46.107733 46.235902 46.502660 46.905643 47.441380 53.865778 53.735940 53.726005 53.836040 54.065312 54.412315 54.874814 0.000000 2.540000 5.080000 7.620000 10.160000 12.700000 15.240000 7.620000 8.032185 9.158100 10.776307 12.700000 14.810618 17.038838 68.680825 69.841373 71.005667 72.173527 66.761412 67.954747 69.150814 70.349473 78.679486 79.112602 79.624427 80.213453 80.877994 81.616205 82.426108 86.215653 86.611091 87.078853 87.617779 88.226567 88.903781 89.647869 89.058863 90.103693 91.154241 92.210311 92.057969 93.069136 94.086578 95.110095 
67.861763 122.460745 87.088546 134.073972 46.560020 46.270525 46.119309 46.107733 46.235902 46.502660 46.905643 54.114656 53.865778 53.735940 53.726005 53.836040 54.065312 54.412315 2.540000 0.000000 2.540000 5.080000 7.620000 10.160000 12.700000 8.032185 7.620000 8.032185 9.158100 10.776307 12.700000 14.810618 66.371755 67.524217 68.680825 69.841373 64.383540 65.570956 66.761412 67.954747 78.326384 78.679486 79.112602 79.624427 80.213453 80.877994 81.616205 85.893537 86.215653 86.611091 87.078853 87.617779 88.226567 88.903781 86.987182 88.019955 89.058863 90.103693 90.055308 91.053288 92.057969 93.069136 
70.094360 123.711901 84.742052 132.561799 46.985239 46.560020 46.270525 46.119309 46.107733 46.235902 46.502660 54.480944 54.114656 53.865778 53.735940 53.726005 53.836040 54.065312 5.080000 2.540000 0.000000 2.540000 5.080000 7.620000 10.160000 9.158100 8.032185 7.620000 8.032185 9.158100 10.776307 12.700000 64.080163 65.223659 66.371755 67.524217 62.018527 63.199336 64.383540 65.570956 78.054382 78.326384 78.679486 79.112602 79.624427 80.213453 80.877994 85.645571 85.893537 86.215653 86.611091 87.078853 87.617779 88.226567 84.940931 85.960764 86.987182 88.019955 88.080363 89.064255 90.055308 91.053288 
72.347239 125.002152 82.407033 131.081403 47.542540 46.985239 46.560020 46.270525 46.119309 46.107733 46.235902 54.962293 54.480944 54.114656 53.865778 53.735940 53.726005 53.836040 7.620000 5.080000 2.540000 0.000000 2.540000 5.080000 7.620000 10.776307 9.158100 8.032185 7.620000 8.032185 9.158100 10.776307 61.807992 62.941518 64.080163 65.223659 59.667900 60.841310 62.018527 63.199336 77.864330 78.054382 78.326384 78.679486 79.112602 79.624427 80.213453 85.472400 85.645571 85.893537 86.215653 86.611091 87.078853 87.617779 82.921993 83.927924 84.940931 85.960764 86.135042 87.103875 88.080363 89.064255 
74.618563 126.330301 80.084492 129.633873 48.227344 47.542540 46.985239 46.560020 46.270525 46.119309 46.107733 55.555713 54.962293 54.480944 54.114656 53.865778 53.735940 53.726005 10.160000 7.620000 5.080000 2.540000 0.000000 2.540000 5.080000 12.700000 10.776307 9.158100 8.032185 7.620000 8.032185 9.158100 59.557465 60.679872 61.807992 62.941518 57.333429 58.498523 59.667900 60.841310 77.756829 77.864330 78.054382 78.326384 78.679486 79.112602 79.624427 85.374479 85.472400 85.645571 85.893537 86.215653 86.611091 87.078853 80.932411 81.923398 82.921993 83.927924 84.221397 85.174126 86.135042 87.103875 
76.906697 127.695165 77.775549 128.220322 49.034309 48.227344 47.542540 46.985239 46.560020 46.270525 46.119309 56.257658 55.555713 54.962293 54.480944 54.114656 53.865778 53.735940 12.700000 10.160000 7.620000 5.080000 2.540000 0.000000 2.540000 14.810618 12.700000 10.776307 9.158100 8.032185 7.620000 8.032185 57.331131 58.441101 59.557465 60.679872 55.017170 56.172882 57.333429 58.498523 77.732221 77.756829 77.864330 78.054382 78.326384 78.679486 79.112602 85.352067 85.374479 85.472400 85.645571 85.893537 86.215653 86.611091 78.974405 79.949315 80.932411 81.923398 82.341638 83.277138 84.221397 85.174126 
79.210184 129.095578 75.481450 126.841887 49.957517 49.034309 48.227344 47.542540 46.985239 46.560020 46.270525 57.064123 56.257658 55.555713 54.962293 54.480944 54.114656 53.865778 15.240000 12.700000 10.160000 7.620000 5.080000 2.540000 0.000000 17.038838 14.810618 12.700000 10.776307 9.158100 8.032185 7.620000 55.131922 56.227936 57.331131 58.441101 52.721525 53.866606 55.017170 56.172882 77.790585 77.732221 77.756829 77.864330 78.054382 78.326384 78.679486 85.405224 85.352067 85.374479 85.472400 85.645571 85.893537 86.215653 77.050382 78.007988 78.974405 79.949315 80.498137 81.415200 82.341638 83.277138 
69.781059 114.574043 92.519145 129.682718 38.685006 38.504011 38.490145 38.643587 38.962362 39.442459 40.078084 46.270525 46.119309 46.107733 46.235902 46.502660 46.905643 47.441380 7.620000 8.032185 9.158100 10.776307 12.700000 14.810618 17.038838 0.000000 2.540000 5.080000 7.620000 10.160000 12.700000 15.240000 72.137259 73.243059 74.354106 75.470169 69.759554 70.902446 72.049596 73.200803 71.161177 71.639761 72.204576 72.853617 73.584655 74.395272 75.282898 78.679486 79.112602 79.624427 80.213453 80.877994 81.616205 82.426108 84.932162 86.027127 87.126842 88.231132 87.631282 88.692931 89.759992 90.832274 
71.864410 115.854687 90.242393 128.068359 39.030804 38.685006 38.504011 38.490145 38.643587 38.962362 39.442459 46.560020 46.270525 46.119309 46.107733 46.235902 46.502660 46.905643 8.032185 7.620000 8.032185 9.158100 10.776307 12.700000 14.810618 2.540000 0.000000 2.540000 5.080000 7.620000 10.160000 12.700000 69.942393 71.036950 72.137259 73.243059 67.487402 68.621130 69.759554 70.902446 70.770573 71.161177 71.639761 72.204576 72.853617 73.584655 74.395272 78.326384 78.679486 79.112602 79.624427 80.213453 80.877994 81.616205 82.757241 83.842135 84.932162 86.027127 85.525027 86.575245 87.631282 88.692931 
73.976306 117.176401 87.980054 126.484406 39.537082 39.030804 38.685006 38.504011 38.490145 38.643587 38.962362 46.985239 46.560020 46.270525 46.119309 46.107733 46.235902 46.502660 9.158100 8.032185 7.620000 8.032185 9.158100 10.776307 12.700000 5.080000 2.540000 0.000000 2.540000 5.080000 7.620000 10.160000 67.771644 68.853860 69.942393 71.036950 65.235013 66.358611 67.487402 68.621130 70.469413 70.770573 71.161177 71.639761 72.204576 72.853617 73.584655 78.054382 78.326384 78.679486 79.112602 79.624427 80.213453 80.877994 80.603677 81.677683 82.757241 83.842135 83.442928 84.480846 85.525027 86.575245 
76.114372 118.537811 85.733270 124.932016 40.197777 39.537082 39.030804 38.685006 38.504011 38.490145 38.643587 47.542540 46.985239 46.560020 46.270525 46.119309 46.107733 46.235902 10.776307 9.158100 8.032185 7.620000 8.032185 9.158100 10.776307 7.620000 5.080000 2.540000 0.000000 2.540000 5.080000 7.620000 65.627405 66.696050 67.771644 68.853860 63.004503 64.116880 65.235013 66.358611 70.258846 70.469413 70.770573 71.161177 71.639761 72.204576 72.853617 77.864330 78.054382 78.326384 78.679486 79.112602 79.624427 80.213453 78.473231 79.535448 80.603677 81.677683 81.386838 82.411509 83.442928 84.480846 
78.276462 119.937565 83.503296 123.412380 41.005425 40.197777 39.537082 39.030804 38.685006 38.504011 38.490145 48.227344 47.542540 46.985239 46.560020 46.270525 46.119309 46.107733 12.700000 10.776307 9.158100 8.032185 7.620000 8.032185 9.158100 10.160000 7.620000 5.080000 2.540000 0.000000 2.540000 5.080000 63.512361 64.566053 65.627405 66.696050 60.798283 61.898194 63.004503 64.116880 70.139689 70.258846 70.469413 70.770573 71.161177 71.639761 72.204576 77.756829 77.864330 78.054382 78.326384 78.679486 79.112602 79.624427 76.367835 77.417273 78.473231 79.535448 79.358778 80.369171 81.386838 82.411509 
80.460640 121.374337 81.291516 121.926722 41.951540 41.005425 40.197777 39.537082 39.030804 38.685006 38.504011 49.034309 48.227344 47.542540 46.985239 46.560020 46.270525 46.119309 14.810618 12.700000 10.776307 9.158100 8.032185 7.620000 8.032185 12.700000 10.160000 7.620000 5.080000 2.540000 0.000000 2.540000 61.429529 62.466716 63.512361 64.566053 58.619094 59.705124 60.798283 61.898194 70.112408 70.139689 70.258846 70.469413 70.770573 71.161177 71.639761 77.732221 77.756829 77.864330 78.054382 78.326384 78.679486 79.112602 74.289621 75.325189 76.367835 77.417273 77.360954 78.355941 79.358778 80.369171 
82.665155 122.846827 79.099455 120.476300 43.026988 41.951540 41.005425 40.197777 39.537082 39.030804 38.685006 49.957517 49.034309 48.227344 47.542540 46.985239 46.560020 46.270525 17.038838 14.810618 12.700000 10.776307 9.158100 8.032185 7.620000 15.240000 12.700000 10.160000 7.620000 5.080000 2.540000 0.000000 59.382297 60.401235 61.429529 62.466716 56.470067 57.540598 58.619094 59.705124 70.177109 70.112408 70.139689 70.258846 70.469413 70.770573 71.161177 77.790585 77.732221 77.756829 77.864330 78.054382 78.326384 78.679486 72.240934 73.261431 74.289621 75.325189 75.395768 76.374123 77.360954 78.355941 
119.571778 180.456482 21.067843 136.788105 99.774295 98.095064 96.453495 94.851541 93.291244 91.774728 90.304200 105.565783 103.980124 102.432911 100.925911 99.460951 98.039917 96.664746 68.680825 66.371755 64.080163 61.807992 59.557465 57.331131 55.131922 72.137259 69.942393 67.771644 65.627405 63.512361 61.429529 59.382297 0.000000 1.270000 2.540000 3.810000 5.080000 5.236344 5.679613 6.350000 117.275448 116.204886 115.180396 114.203217 113.274575 112.395671 111.567682 124.196908 123.186512 122.220558 121.300107 120.426204 119.599867 118.822090 79.733046 79.908724 80.104155 80.319194 84.772184 84.937441 85.121327 85.323722 
120.840782 181.299824 19.832763 136.603332 100.627445 98.930091 97.269452 95.647440 94.066054 92.527377 91.033575 106.372493 104.768256 103.201603 101.674271 100.188059 98.744824 97.346476 69.841373 67.524217 65.223659 62.941518 60.679872 58.441101 56.227936 73.243059 71.036950 68.853860 66.696050 64.566053 62.466716 60.401235 1.270000 0.000000 1.270000 2.540000 5.236344 5.080000 5.236344 5.679613 117.827615 116.734486 115.686804 114.685815 113.732753 112.828831 111.975240 124.718435 123.686222 122.697913 121.754579 120.857273 120.007027 119.204848 79.577250 79.733046 79.908724 80.104155 84.625666 84.772184 84.937441 85.121327 
122.109806 182.148117 18.602385 136.430130 101.489316 99.774295 98.095064 96.453495 94.851541 93.291244 91.774728 107.188180 105.565783 103.980124 102.432911 100.925911 99.460951 98.039917 71.005667 68.680825 66.371755 64.080163 61.807992 59.557465 57.331131 74.354106 72.137259 69.942393 67.771644 65.627405 63.512361 61.429529 2.540000 1.270000 0.000000 1.270000 5.679613 5.236344 5.080000 5.236344 118.390831 117.275448 116.204886 115.180396 114.203217 113.274575 112.395671 125.250669 124.196908 123.186512 122.220558 121.300107 120.426204 119.599867 79.441455 79.577250 79.733046 79.908724 84.497984 84.625666 84.772184 84.937441 
123.378851 183.001291 17.377709 136.268546 102.359688 100.627445 98.930091 97.269452 95.647440 94.066054 92.527377 108.012640 106.372493 104.768256 103.201603 101.674271 100.188059 98.744824 72.173527 69.841373 67.524217 65.223659 62.941518 60.679872 58.441101 75.470169 73.243059 71.036950 68.853860 66.696050 64.566053 62.466716 3.810000 2.540000 1.270000 0.000000 6.350000 5.679613 5.236344 5.080000 118.964939 117.827615 116.734486 115.686804 114.685815 113.732753 112.828831 125.793474 124.718435 123.686222 122.697913 121.754579 120.857273 120.007027 79.325762 79.441455 79.577250 79.733046 84.389224 84.497984 84.625666 84.772184 
119.881527 176.681386 22.760152 131.767812 96.055242 94.309815 92.601168 90.931372 89.302608 87.717161 86.177422 101.677996 100.030729 98.421449 96.852051 95.324505 93.840853 92.403212 66.761412 64.383540 62.018527 59.667900 57.333429 55.017170 52.721525 69.759554 67.487402 65.235013 63.004503 60.798283 58.619094 56.470067 5.080000 5.236344 5.679613 6.350000 0.000000 1.270000 2.540000 3.810000 112.711220 111.596881 110.529688 109.511019 108.542239 107.624697 106.759713 119.573162 118.523356 117.519080 116.561509 115.651804 114.791104 113.980517 74.699443 74.886931 75.095432 75.324771 79.733046 79.908724 80.104155 80.319194 
121.147286 177.542662 21.621955 131.575988 96.941128 95.178057 93.450767 91.761280 90.111721 88.504323 86.941425 102.515305 100.849729 99.221224 97.631644 96.082920 94.577062 93.116147 67.954747 65.570956 63.199336 60.841310 58.498523 56.172882 53.866606 70.902446 68.621130 66.358611 64.116880 61.898194 59.705124 57.540598 5.236344 5.080000 5.236344 5.679613 1.270000 0.000000 1.270000 2.540000 113.285636 112.148244 111.057305 110.014202 109.020308 108.076980 107.185554 120.114768 119.042642 118.015453 117.034383 116.100601 115.215258 114.379478 74.533126 74.699443 74.886931 75.095432 79.577250 79.733046 79.908724 80.104155 
122.413133 178.408820 20.499249 131.396160 97.835479 96.055242 94.309815 92.601168 90.931372 89.302608 87.717161 103.361435 101.677996 100.030729 98.421449 96.852051 95.324505 93.840853 69.150814 66.761412 64.383540 62.018527 59.667900 57.333429 55.017170 72.049596 69.759554 67.487402 65.235013 63.004503 60.798283 58.619094 5.679613 5.236344 5.080000 5.236344 2.540000 1.270000 0.000000 1.270000 113.871320 112.711220 111.596881 110.529688 109.511019 108.542239 107.624697 120.667309 119.573162 118.523356 117.519080 116.561509 115.651804 114.791104 74.388123 74.533126 74.699443 74.886931 79.441455 79.577250 79.733046 79.908724 
123.679066 179.279790 19.394722 131.228377 98.738064 96.941128 95.178057 93.450767 91.761280 90.111721 88.504323 104.216173 102.515305 100.849729 99.221224 97.631644 96.082920 94.577062 70.349473 67.954747 65.570956 63.199336 60.841310 58.498523 56.172882 73.200803 70.902446 68.621130 66.358611 64.116880 61.898194 59.705124 6.350000 5.679613 5.236344 5.080000 3.810000 2.540000 1.270000 0.000000 114.468097 113.285636 112.148244 111.057305 110.014202 109.020308 108.076980 121.230637 120.114768 119.042642 118.015453 117.034383 116.100601 115.215258 74.264559 74.388123 74.533126 74.699443 79.325762 79.441455 79.577250 79.733046 
130.375818 74.998187 131.441822 76.836365 35.543202 34.459509 33.533557 32.778718 32.207025 31.828349 31.649618 28.970104 27.629793 26.465963 25.502786 24.763687 24.269147 24.034268 78.679486 78.326384 78.054382 77.864330 77.756829 77.732221 77.790585 71.161177 70.770573 70.469413 70.258846 70.139689 70.112408 70.177109 117.275448 117.827615 118.390831 118.964939 112.711220 113.285636 113.871320 114.468097 0.000000 2.540000 5.080000 7.620000 10.160000 12.700000 15.240000 7.620000 8.032185 9.158100 10.776307 12.700000 14.810618 17.038838 66.520944 67.685190 68.853175 70.024712 64.641184 65.838679 67.038843 68.241535 
131.737777 77.341554 130.087434 74.495737 36.770694 35.543202 34.459509 33.533557 32.778718 32.207025 31.828349 30.463612 28.970104 27.629793 26.465963 25.502786 24.763687 24.269147 79.112602 78.679486 78.326384 78.054382 77.864330 77.756829 77.732221 71.639761 71.161177 70.770573 70.469413 70.258846 70.139689 70.112408 116.204886 116.734486 117.275448 117.827615 111.596881 112.148244 112.711220 113.285636 2.540000 0.000000 2.540000 5.080000 7.620000 10.160000 12.700000 8.032185 7.620000 8.032185 9.158100 10.776307 12.700000 14.810618 64.204481 65.360636 66.520944 67.685190 62.254815 63.446509 64.641184 65.838679 
133.134267 79.696971 128.768908 72.168594 38.128097 36.770694 35.543202 34.459509 33.533557 32.778718 32.207025 32.088932 30.463612 28.970104 27.629793 26.465963 25.502786 24.763687 79.624427 79.112602 78.679486 78.326384 78.054382 77.864330 77.756829 72.204576 71.639761 71.161177 70.770573 70.469413 70.258846 70.139689 115.180396 115.686804 116.204886 116.734486 110.529688 111.057305 111.596881 112.148244 5.080000 2.540000 0.000000 2.540000 5.080000 7.620000 10.160000 9.158100 8.032185 7.620000 8.032185 9.158100 10.776307 12.700000 61.905557 63.052706 64.204481 65.360636 59.881088 61.066279 62.254815 63.446509 
134.564212 82.063400 127.487357 69.856284 39.602057 38.128097 36.770694 35.543202 34.459509 33.533557 32.778718 33.827069 32.088932 30.463612 28.970104 27.629793 26.465963 25.502786 80.213453 79.624427 79.112602 78.679486 78.326384 78.054382 77.864330 72.853617 72.204576 71.639761 71.161177 70.770573 70.469413 70.258846 114.203217 114.685815 115.180396 115.686804 109.511019 110.014202 110.529688 111.057305 7.620000 5.080000 2.540000 0.000000 2.540000 5.080000 7.620000 10.776307 9.158100 8.032185 7.620000 8.032185 9.158100 10.776307 59.626200 60.763294 61.905557 63.052706 57.521565 58.699443 59.881088 61.066279 
136.026559 84.439914 126.243905 67.560328 41.180058 39.602057 38.128097 36.770694 35.543202 34.459509 33.533557 35.661533 33.827069 32.088932 30.463612 28.970104 27.629793 26.465963 80.877994 80.213453 79.624427 79.112602 78.679486 78.326384 78.054382 73.584655 72.853617 72.204576 71.639761 71.161177 70.770573 70.469413 113.274575 113.732753 114.203217 114.685815 108.542239 109.020308 109.511019 110.014202 10.160000 7.620000 5.080000 2.540000 0.000000 2.540000 5.080000 12.700000 10.776307 9.158100 8.032185 7.620000 8.032185 9.158100 57.368744 58.494575 59.626200 60.763294 55.178070 56.347689 57.521565 58.699443 
137.520273 86.825687 125.039691 65.282453 42.850609 41.180058 39.602057 38.128097 36.770694 35.543202 34.459509 37.578217 35.661533 33.827069 32.088932 30.463612 28.970104 27.629793 81.616205 80.877994 80.213453 79.624427 79.112602 78.679486 78.326384 74.395272 73.584655 72.853617 72.204576 71.639761 71.161177 70.770573 112.395671 112.828831 113.274575 113.732753 107.624697 108.076980 108.542239 109.020308 12.700000 10.160000 7.620000 5.080000 2.540000 0.000000 2.540000 14.810618 12.700000 10.776307 9.158100 8.032185 7.620000 8.032185 55.135877 56.249053 57.368744 58.494575 52.852735 54.012986 55.178070 56.347689 
139.044344 89.219974 123.875859 63.024619 44.603311 42.850609 41.180058 39.602057 38.128097 36.770694 35.543202 39.565175 37.578217 35.661533 33.827069 32.088932 30.463612 28.970104 82.426108 81.616205 80.877994 80.213453 79.624427 79.112602 78.679486 75.282898 74.395272 73.584655 72.853617 72.204576 71.639761 71.161177 111.567682 111.975240 112.395671 112.828831 106.759713 107.185554 107.624697 108.076980 15.240000 12.700000 10.160000 7.620000 5.080000 2.540000 0.000000 17.038838 14.810618 12.700000 10.776307 9.158100 8.032185 7.620000 52.930712 54.029619 55.135877 56.249053 50.548066 51.697644 52.852735 54.012986 
136.900479 72.353407 137.916062 74.257082 42.467638 41.564875 40.800497 40.182402 39.717421 39.410974 39.266772 35.543202 34.459509 33.533557 32.778718 32.207025 31.828349 31.649618 86.215653 85.893537 85.645571 85.472400 85.374479 85.352067 85.405224 78.679486 78.326384 78.054382 77.864330 77.756829 77.732221 77.790585 124.196908 124.718435 125.250669 125.793474 119.573162 120.114768 120.667309 121.230637 7.620000 8.032185 9.158100 10.776307 12.700000 14.810618 17.038838 0.000000 2.540000 5.080000 7.620000 10.160000 12.700000 15.240000 69.940259 71.048497 72.162066 73.280723 67.584520 68.730753 69.881265 71.035849 
138.198152 74.779699 136.625869 71.832460 43.500172 42.467638 41.564875 40.800497 40.182402 39.717421 39.410974 36.770694 35.543202 34.459509 33.533557 32.778718 32.207025 31.828349 86.611091 86.215653 85.893537 85.645571 85.472400 85.374479 85.352067 79.112602 78.679486 78.326384 78.054382 77.864330 77.756829 77.732221 123.186512 123.686222 124.196908 124.718435 118.523356 119.042642 119.573162 120.114768 8.032185 7.620000 8.032185 9.158100 10.776307 12.700000 14.810618 2.540000 0.000000 2.540000 5.080000 7.620000 10.160000 12.700000 67.740824 68.837611 69.940259 71.048497 65.305795 66.442789 67.584520 68.730753 
139.529998 77.213306 135.371042 69.416089 44.653476 43.500172 42.467638 41.564875 40.800497 40.182402 39.717421 38.128097 36.770694 35.543202 34.459509 33.533557 32.778718 32.207025 87.078853 86.611091 86.215653 85.893537 85.645571 85.472400 85.374479 79.624427 79.112602 78.679486 78.326384 78.054382 77.864330 77.756829 122.220558 122.697913 123.186512 123.686222 117.519080 118.015453 118.523356 119.042642 9.158100 8.032185 7.620000 8.032185 9.158100 10.776307 12.700000 5.080000 2.540000 0.000000 2.540000 5.080000 7.620000 10.160000 65.566012 66.650189 67.740824 68.837611 63.047041 64.173789 65.305795 66.442789 
140.895048 79.653556 134.152575 67.008863 45.918449 44.653476 43.500172 42.467638 41.564875 40.800497 40.182402 39.602057 38.128097 36.770694 35.543202 34.459509 33.533557 32.778718 87.617779 87.078853 86.611091 86.215653 85.893537 85.645571 85.472400 80.213453 79.624427 79.112602 78.679486 78.326384 78.054382 77.864330 121.300107 121.754579 122.220558 122.697913 116.561509 117.034383 117.519080 118.015453 10.776307 9.158100 8.032185 7.620000 8.032185 9.158100 10.776307 7.620000 5.080000 2.540000 0.000000 2.540000 5.080000 7.620000 63.418354 64.488618 65.566012 66.650189 60.810486 61.925838 63.047041 64.173789 
142.292348 82.099857 132.971467 64.611805 47.286132 45.918449 44.653476 43.500172 42.467638 41.564875 40.800497 41.180058 39.602057 38.128097 36.770694 35.543202 34.459509 33.533557 88.226567 87.617779 87.078853 86.611091 86.215653 85.893537 85.645571 80.877994 80.213453 79.624427 79.112602 78.679486 78.326384 78.054382 120.426204 120.857273 121.300107 121.754579 115.651804 116.100601 116.561509 117.034383 12.700000 10.776307 9.158100 8.032185 7.620000 8.032185 9.158100 10.160000 7.620000 5.080000 2.540000 0.000000 2.540000 5.080000 61.300707 62.355587 63.418354 64.488618 58.598670 59.701313 60.810486 61.925838 
143.720955 84.551684 131.828721 62.226088 48.747879 47.286132 45.918449 44.653476 43.500172 42.467638 41.564875 42.850609 41.180058 39.602057 38.128097 36.770694 35.543202 34.459509 88.903781 88.226567 87.617779 87.078853 86.611091 86.215653 85.893537 81.616205 80.877994 80.213453 79.624427 79.112602 78.679486 78.326384 119.599867 120.007027 120.426204 120.857273 114.791104 115.215258 115.651804 116.100601 14.810618 12.700000 10.776307 9.158100 8.032185 7.620000 8.032185 12.700000 10.160000 7.620000 5.080000 2.540000 0.000000 2.540000 59.216289 60.254127 61.300707 62.355587 56.414505 57.502934 58.598670 59.701313 
145.179947 87.008570 130.725345 59.853070 50.295491 48.747879 47.286132 45.918449 44.653476 43.500172 42.467638 44.603311 42.850609 41.180058 39.602057 38.128097 36.770694 35.543202 89.647869 88.903781 88.226567 87.617779 87.078853 86.611091 86.215653 82.426108 81.616205 80.877994 80.213453 79.624427 79.112602 78.679486 118.822090 119.204848 119.599867 120.007027 113.980517 114.379478 114.791104 115.215258 17.038838 14.810618 12.700000 10.776307 9.158100 8.032185 7.620000 15.240000 12.700000 10.160000 7.620000 5.080000 2.540000 0.000000 57.168735 58.187659 59.216289 60.254127 54.261329 55.333816 56.414505 57.502934 
154.577063 141.516495 84.419593 57.092187 77.234761 74.699897 72.165395 69.631292 67.097636 64.564479 62.031880 77.134270 74.595991 72.057834 69.519811 66.981938 64.444233 61.906716 89.058863 86.987182 84.940931 82.921993 80.932411 78.974405 77.050382 84.932162 82.757241 80.603677 78.473231 76.367835 74.289621 72.240934 79.733046 79.577250 79.441455 79.325762 74.699443 74.533126 74.388123 74.264559 66.520944 64.204481 61.905557 59.626200 57.368744 55.135877 52.930712 69.940259 67.740824 65.566012 63.418354 61.300707 59.216289 57.168735 0.000000 1.270000 2.540000 3.810000 5.080000 5.236344 5.679613 6.350000 
155.645705 142.682990 84.276834 56.880884 78.502318 75.967286 73.432598 70.898291 68.364405 65.830991 63.298105 78.403451 75.865116 73.326897 70.788805 68.250855 65.713063 63.175449 90.103693 88.019955 85.960764 83.927924 81.923398 79.949315 78.007988 86.027127 83.842135 81.677683 79.535448 77.417273 75.325189 73.261431 79.908724 79.733046 79.577250 79.441455 74.886931 74.699443 74.533126 74.388123 67.685190 65.360636 63.052706 60.763294 58.494575 56.249053 54.029619 71.048497 68.837611 66.650189 64.488618 62.355587 60.254127 58.187659 1.270000 0.000000 1.270000 2.540000 5.236344 5.080000 5.236344 5.679613 
156.717352 143.851238 84.153002 56.697248 79.769952 77.234761 74.699897 72.165395 69.631292 67.097636 64.564479 79.672659 77.134270 74.595991 72.057834 69.519811 66.981938 64.444233 91.154241 89.058863 86.987182 84.940931 82.921993 80.932411 78.974405 87.126842 84.932162 82.757241 80.603677 78.473231 76.367835 74.289621 80.104155 79.908724 79.733046 79.577250 75.095432 74.886931 74.699443 74.533126 68.853175 66.520944 64.204481 61.905557 59.626200 57.368744 55.135877 72.162066 69.940259 67.740824 65.566012 63.418354 61.300707 59.216289 2.540000 1.270000 0.000000 1.270000 5.679613 5.236344 5.080000 5.236344 
157.791943 145.021196 84.048180 56.541548 81.037660 78.502318 75.967286 73.432598 70.898291 68.364405 65.830991 80.941891 78.403451 75.865116 73.326897 70.788805 68.250855 65.713063 92.210311 90.103693 88.019955 85.960764 83.927924 81.923398 79.949315 88.231132 86.027127 83.842135 81.677683 79.535448 77.417273 75.325189 80.319194 80.104155 79.908724 79.733046 75.324771 75.095432 74.886931 74.699443 70.024712 67.685190 65.360636 63.052706 60.763294 58.494575 56.249053 73.280723 71.048497 68.837611 66.650189 64.488618 62.355587 60.254127 3.810000 2.540000 1.270000 0.000000 6.350000 5.679613 5.236344 5.080000 
157.389317 139.577388 89.465056 52.100350 77.717863 75.199285 72.682199 70.166763 67.653164 65.141613 62.632356 77.117665 74.578821 72.040059 69.501387 66.962816 64.424357 61.886025 92.057969 90.055308 88.080363 86.135042 84.221397 82.341638 80.498137 87.631282 85.525027 83.442928 81.386838 79.358778 77.360954 75.395768 84.772184 84.625666 84.497984 84.389224 79.733046 79.577250 79.441455 79.325762 64.641184 62.254815 59.881088 57.521565 55.178070 52.852735 50.548066 67.584520 65.305795 63.047041 60.810486 58.598670 56.414505 54.261329 5.080000 5.236344 5.679613 6.350000 0.000000 1.270000 2.540000 3.810000 
158.438992 140.759953 89.330361 51.868715 78.977666 76.458397 73.940546 71.424264 68.909722 66.397118 63.886681 78.387115 75.848233 73.309429 70.770711 68.232088 65.693571 63.155174 93.069136 91.053288 89.064255 87.103875 85.174126 83.277138 81.415200 88.692931 86.575245 84.480846 82.411509 80.369171 78.355941 76.374123 84.937441 84.772184 84.625666 84.497984 79.908724 79.733046 79.577250 79.441455 65.838679 63.446509 61.066279 58.699443 56.347689 54.012986 51.697644 68.730753 66.442789 64.173789 61.925838 59.701313 57.502934 55.333816 5.236344 5.080000 5.236344 5.679613 1.270000 0.000000 1.270000 2.540000 
159.491872 141.944029 89.213544 51.667268 80.237791 77.717863 75.199285 72.682199 70.166763 67.653164 65.141613 79.656583 77.117665 74.578821 72.040059 69.501387 66.962816 64.424357 94.086578 92.057969 90.055308 88.080363 86.135042 84.221397 82.341638 89.759992 87.631282 85.525027 83.442928 81.386838 79.358778 77.360954 85.121327 84.937441 84.772184 84.625666 80.104155 79.908724 79.733046 79.577250 67.038843 64.641184 62.254815 59.881088 57.521565 55.178070 52.852735 69.881265 67.584520 65.305795 63.047041 60.810486 58.598670 56.414505 5.679613 5.236344 5.080000 5.236344 2.540000 1.270000 0.000000 1.270000 
160.547893 143.129578 89.114675 51.496363 81.498222 78.977666 76.458397 73.940546 71.424264 68.909722 66.397118 80.926067 78.387115 75.848233 73.309429 70.770711 68.232088 65.693571 95.110095 93.069136 91.053288 89.064255 87.103875 85.174126 83.277138 90.832274 88.692931 86.575245 84.480846 82.411509 80.369171 78.355941 85.323722 85.121327 84.937441 84.772184 80.319194 80.104155 79.908724 79.733046 68.241535 65.838679 63.446509 61.066279 58.699443 56.347689 54.012986 71.035849 68.730753 66.442789 64.173789 61.925838 59.701313 57.502934 6.350000 5.679613 5.236344 5.080000 3.810000 2.540000 1.270000 0.000000 
