40
# Circuit board instance
Size: large
Nodes: 40
0.000000 90.000000 90.000000 127.279221 29.197987 31.213282 33.300431 35.446744 37.642101 39.878404 42.149136 34.504068 36.225367 38.038493 39.930939 41.891956 43.912360 45.984322 44.265872 45.327784 46.504319 47.787014 49.167559 50.637953 52.190601 51.356196 52.274271 53.297685 54.420494 55.636682 56.940265 58.325383 69.936343 70.566758 71.214242 71.878335 74.407557 75.000398 75.609925 76.235736 
90.000000 0.000000 127.279221 90.000000 75.140532 75.946337 76.827702 77.782059 78.806756 79.899087 81.056318 67.915445 68.805917 69.777532 70.826951 71.950768 73.145556 74.407895 52.321065 53.222499 54.228021 55.331954 56.528536 57.812012 59.176729 45.209350 46.249605 47.403267 48.662272 50.018665 51.464747 52.993177 44.879556 45.855749 46.846033 47.849531 41.775196 42.822216 43.881012 44.950751 
90.000000 127.279221 0.000000 90.000000 69.765816 67.318761 64.878851 62.446924 60.023948 57.611056 55.209567 72.147608 69.784123 67.433475 65.097054 62.776449 60.473481 58.190244 83.168173 80.962247 78.776451 76.612507 74.472320 72.357997 70.271874 87.148932 85.046323 82.968191 80.916424 78.893079 76.900398 74.940829 82.634187 81.782541 80.941862 80.112495 86.451149 85.637471 84.835001 84.044061 
127.279221 90.000000 90.000000 0.000000 98.289603 96.568073 94.883309 93.237306 91.632153 90.070033 88.553223 92.883014 91.059326 89.270659 87.519161 85.807107 84.136906 82.511099 87.720986 85.632424 83.568868 81.532219 79.524543 77.548090 75.605309 83.674147 81.481921 79.310448 77.161481 75.036953 72.939000 70.869982 62.860888 61.737076 60.619036 59.507095 60.683471 59.518559 58.358032 57.202157 
29.197987 75.140532 69.765816 98.289603 0.000000 2.540000 5.080000 7.620000 10.160000 12.700000 15.240000 7.620000 8.032185 9.158100 10.776307 12.700000 14.810618 17.038838 22.915160 22.471097 22.309170 22.435487 22.845269 23.523706 24.448444 30.383421 30.049923 29.929028 30.023304 30.330744 30.844974 31.555888 44.149089 44.497975 44.880099 45.294621 49.070411 49.384542 49.729132 50.103551 
31.213282 75.946337 67.318761 96.568073 2.540000 0.000000 2.540000 5.080000 7.620000 10.160000 12.700000 8.032185 7.620000 8.032185 9.158100 10.776307 12.700000 14.810618 23.625455 22.915160 22.471097 22.309170 22.435487 22.845269 23.523706 30.922642 30.383421 30.049923 29.929028 30.023304 30.330744 30.844974 43.554150 43.834234 44.149089 44.497975 48.535834 48.787327 49.070411 49.384542 
33.300431 76.827702 64.878851 94.883309 5.080000 2.540000 0.000000 2.540000 5.080000 7.620000 10.160000 9.158100 8.032185 7.620000 8.032185 9.158100 10.776307 12.700000 24.578912 23.625455 22.915160 22.471097 22.309170 22.435487 22.845269 31.657078 30.922642 30.383421 30.049923 29.929028 30.023304 30.330744 43.100917 43.309509 43.554150 43.834234 48.129536 48.316424 48.535834 48.787327 
35.446744 77.782059 62.446924 93.237306 7.620000 5.080000 2.540000 0.000000 2.540000 5.080000 7.620000 10.776307 9.158100 8.032185 7.620000 8.032185 9.158100 10.776307 25.748531 24.578912 23.625455 22.915160 22.471097 22.309170 22.435487 32.573525 31.657078 30.922642 30.383421 30.049923 29.929028 30.023304 42.793894 42.928898 43.100917 43.309509 47.854786 47.975551 48.129536 48.316424 
37.642101 78.806756 60.023948 91.632153 10.160000 7.620000 5.080000 2.540000 0.000000 2.540000 5.080000 12.700000 10.776307 9.158100 8.032185 7.620000 8.032185 9.158100 27.106346 25.748531 24.578912 23.625455 22.915160 22.471097 22.309170 33.657120 32.573525 31.657078 30.922642 30.383421 30.049923 29.929028 42.636239 42.696255 42.793894 42.928898 47.713856 47.767493 47.854786 47.975551 
39.878404 79.899087 57.611056 90.070033 12.700000 10.160000 7.620000 5.080000 2.540000 0.000000 2.540000 14.810618 12.700000 10.776307 9.158100 8.032185 7.620000 8.032185 28.625590 27.106346 25.748531 24.578912 23.625455 22.915160 22.471097 34.892292 33.657120 32.573525 31.657078 30.922642 30.383421 30.049923 42.629609 42.614004 42.636239 42.696255 47.707932 47.693989 47.713856 47.767493 
42.149136 81.056318 55.209567 88.553223 15.240000 12.700000 10.160000 7.620000 5.080000 2.540000 0.000000 17.038838 14.810618 12.700000 10.776307 9.158100 8.032185 7.620000 30.281974 28.625590 27.106346 25.748531 24.578912 23.625455 22.915160 36.263558 34.892292 33.657120 32.573525 31.657078 30.922642 30.383421 42.774075 42.683014 42.629609 42.614004 47.837064 47.755658 47.707932 47.693989 
34.504068 67.915445 72.147608 92.883014 7.620000 8.032185 9.158100 10.776307 12.700000 14.810618 17.038838 0.000000 2.540000 5.080000 7.620000 10.160000 12.700000 15.240000 15.594412 14.934233 14.689458 14.880598 15.491528 16.475615 17.770974 22.915160 22.471097 22.309170 22.435487 22.845269 23.523706 24.448444 36.847947 37.265251 37.720717 38.212980 41.702700 42.071879 42.475834 42.913586 
36.225367 68.805917 69.784123 91.059326 8.032185 7.620000 8.032185 9.158100 10.776307 12.700000 14.810618 2.540000 0.000000 2.540000 5.080000 7.620000 10.160000 12.700000 16.620567 15.594412 14.934233 14.689458 14.880598 15.491528 16.475615 23.625455 22.915160 22.471097 22.309170 22.435487 22.845269 23.523706 36.132992 36.470115 36.847947 37.265251 41.072340 41.369231 41.702700 42.071879 
38.038493 69.777532 67.433475 89.270659 9.158100 8.032185 7.620000 8.032185 9.158100 10.776307 12.700000 5.080000 2.540000 0.000000 2.540000 5.080000 7.620000 10.160000 17.950042 16.620567 15.594412 14.934233 14.689458 14.880598 15.491528 24.578912 23.625455 22.915160 22.471097 22.309170 22.435487 22.845269 35.585366 35.837729 36.132992 36.470115 40.591406 40.812826 41.072340 41.369231 
39.930939 70.826951 65.097054 87.519161 10.776307 9.158100 8.032185 7.620000 8.032185 9.158100 10.776307 7.620000 5.080000 2.540000 0.000000 2.540000 5.080000 7.620000 19.520962 17.950042 16.620567 15.594412 14.934233 14.689458 14.880598 25.748531 24.578912 23.625455 22.915160 22.471097 22.309170 22.435487 35.212875 35.376822 35.585366 35.837729 40.265253 40.408706 40.591406 40.812826 
41.891956 71.950768 62.776449 85.807107 12.700000 10.776307 9.158100 8.032185 7.620000 8.032185 9.158100 10.160000 7.620000 5.080000 2.540000 0.000000 2.540000 5.080000 21.279923 19.520962 17.950042 16.620567 15.594412 14.934233 14.689458 27.106346 25.748531 24.578912 23.625455 22.915160 22.471097 22.309170 35.021109 35.094151 35.212875 35.376822 40.097657 40.161467 40.265253 40.408706 
43.912360 73.145556 60.473481 84.136906 14.810618 12.700000 10.776307 9.158100 8.032185 7.620000 8.032185 12.700000 10.160000 7.620000 5.080000 2.540000 0.000000 2.540000 23.184165 21.279923 19.520962 17.950042 16.620567 15.594412 14.934233 28.625590 27.106346 25.748531 24.578912 23.625455 22.915160 22.471097 35.013037 34.994036 35.021109 35.094151 40.090607 40.074013 40.097657 40.161467 
45.984322 74.407895 58.190244 82.511099 17.038838 14.810618 12.700000 10.776307 9.158100 8.032185 7.620000 15.240000 12.700000 10.160000 7.620000 5.080000 2.540000 0.000000 25.200775 23.184165 21.279923 19.520962 17.950042 16.620567 15.594412 30.281974 28.625590 27.106346 25.748531 24.578912 23.625455 22.915160 35.188787 35.078039 35.013037 34.994036 40.244188 40.147389 40.090607 40.074013 
44.265872 52.321065 83.168173 87.720986 22.915160 23.625455 24.578912 25.748531 27.106346 28.625590 30.281974 15.594412 16.620567 17.950042 19.520962 21.279923 23.184165 25.200775 0.000000 2.540000 5.080000 7.620000 10.160000 12.700000 15.240000 7.620000 8.032185 9.158100 10.776307 12.700000 14.810618 17.038838 26.340591 27.167213 28.027023 28.917059 30.429171 31.147474 31.900183 32.684920 
45.327784 53.222499 80.962247 85.632424 22.471097 22.915160 23.625455 24.578912 25.748531 27.106346 28.625590 14.934233 15.594412 16.620567 17.950042 19.520962 21.279923 23.184165 2.540000 0.000000 2.540000 5.080000 7.620000 10.160000 12.700000 8.032185 7.620000 8.032185 9.158100 10.776307 12.700000 14.810618 24.800055 25.550378 26.340591 27.167213 29.105848 29.747765 30.429171 31.147474 
46.504319 54.228021 78.776451 83.568868 22.309170 22.471097 22.915160 23.625455 24.578912 25.748531 27.106346 14.689458 14.934233 15.594412 16.620567 17.950042 19.520962 21.279923 5.080000 2.540000 0.000000 2.540000 5.080000 7.620000 10.160000 9.158100 8.032185 7.620000 8.032185 9.158100 10.776307 12.700000 23.434203 24.093347 24.800055 25.550378 27.951199 28.506088 29.105848 29.747765 
47.787014 55.331954 76.612507 81.532219 22.435487 22.309170 22.471097 22.915160 23.625455 24.578912 25.748531 14.880598 14.689458 14.934233 15.594412 16.620567 17.950042 19.520962 7.620000 5.080000 2.540000 0.000000 2.540000 5.080000 7.620000 10.776307 9.158100 8.032185 7.620000 8.032185 9.158100 10.776307 22.275193 22.826742 23.434203 24.093347 26.986884 27.443903 27.951199 28.506088 
49.167559 56.528536 74.472320 79.524543 22.845269 22.435487 22.309170 22.471097 22.915160 23.625455 24.578912 15.491528 14.880598 14.689458 14.934233 15.594412 16.620567 17.950042 10.160000 7.620000 5.080000 2.540000 0.000000 2.540000 5.080000 12.700000 10.776307 9.158100 8.032185 7.620000 8.032185 9.158100 21.356726 21.783803 22.275193 22.826742 26.233899 26.582734 26.986884 27.443903 
50.637953 57.812012 72.357997 77.548090 23.523706 22.845269 22.435487 22.309170 22.471097 22.915160 23.625455 16.475615 15.491528 14.880598 14.689458 14.934233 15.594412 16.620567 12.700000 10.160000 7.620000 5.080000 2.540000 0.000000 2.540000 14.810618 12.700000 10.776307 9.158100 8.032185 7.620000 8.032185 20.710831 20.997886 21.356726 21.783803 25.710819 25.942608 26.233899 26.582734 
52.190601 59.176729 70.271874 75.605309 24.448444 23.523706 22.845269 22.435487 22.309170 22.471097 22.915160 17.770974 16.475615 15.491528 14.880598 14.689458 14.934233 15.594412 15.240000 12.700000 10.160000 7.620000 5.080000 2.540000 0.000000 17.038838 14.810618 12.700000 10.776307 9.158100 8.032185 7.620000 20.363459 20.498575 20.710831 20.997886 25.431833 25.540150 25.710819 25.942608 
51.356196 45.209350 87.148932 83.674147 30.383421 30.922642 31.657078 32.573525 33.657120 34.892292 36.263558 22.915160 23.625455 24.578912 25.748531 27.106346 28.625590 30.281974 7.620000 8.032185 9.158100 10.776307 12.700000 14.810618 17.038838 0.000000 2.540000 5.080000 7.620000 10.160000 12.700000 15.240000 21.034239 22.060597 23.111176 24.182820 24.436197 25.325055 26.245285 27.193699 
52.274271 46.249605 85.046323 81.481921 30.049923 30.383421 30.922642 31.657078 32.573525 33.657120 34.892292 22.471097 22.915160 23.625455 24.578912 25.748531 27.106346 28.625590 8.032185 7.620000 8.032185 9.158100 10.776307 12.700000 14.810618 2.540000 0.000000 2.540000 5.080000 7.620000 10.160000 12.700000 19.069745 20.035826 21.034239 22.060597 22.767162 23.582256 24.436197 25.325055 
53.297685 47.403267 82.968191 79.310448 29.929028 30.049923 30.383421 30.922642 31.657078 32.573525 33.657120 22.309170 22.471097 22.915160 23.625455 24.578912 25.748531 27.106346 9.158100 8.032185 7.620000 8.032185 9.158100 10.776307 12.700000 5.080000 2.540000 0.000000 2.540000 5.080000 7.620000 10.160000 17.256139 18.141165 19.069745 20.035826 21.271173 21.995234 22.767162 23.582256 
54.420494 48.662272 80.916424 77.161481 30.023304 29.929028 30.049923 30.383421 30.922642 31.657078 32.573525 22.435487 22.309170 22.471097 22.915160 23.625455 24.578912 25.748531 10.776307 9.158100 8.032185 7.620000 8.032185 9.158100 10.776307 7.620000 5.080000 2.540000 0.000000 2.540000 5.080000 7.620000 15.645980 16.421711 17.256139 18.141165 19.987125 20.600026 21.271173 21.995234 
55.636682 50.018665 78.893079 75.036953 30.330744 30.023304 29.929028 30.049923 30.383421 30.922642 31.657078 22.845269 22.435487 22.309170 22.471097 22.915160 23.625455 24.578912 12.700000 10.776307 9.158100 8.032185 7.620000 8.032185 9.158100 10.160000 7.620000 5.080000 2.540000 0.000000 2.540000 5.080000 14.308118 14.938091 15.645980 16.421711 18.958131 19.437979 19.987125 20.600026 
56.940265 51.464747 76.900398 72.939000 30.844974 30.330744 30.023304 29.929028 30.049923 30.383421 30.922642 23.523706 22.845269 22.435487 22.309170 22.471097 22.915160 23.625455 14.810618 12.700000 10.776307 9.158100 8.032185 7.620000 8.032185 12.700000 10.160000 7.620000 5.080000 2.540000 0.000000 2.540000 13.324826 13.766761 14.308118 14.938091 18.227437 18.552956 18.958131 19.437979 
58.325383 52.993177 74.940829 70.869982 31.555888 30.844974 30.330744 30.023304 29.929028 30.049923 30.383421 24.448444 23.523706 22.845269 22.435487 22.309170 22.471097 22.915160 17.038838 14.810618 12.700000 10.776307 9.158100 8.032185 7.620000 15.240000 12.700000 10.160000 7.620000 5.080000 2.540000 0.000000 12.778221 12.992462 13.324826 13.766761 17.831753 17.985898 18.227437 18.552956 
69.936343 44.879556 82.634187 62.860888 44.149089 43.554150 43.100917 42.793894 42.636239 42.629609 42.774075 36.847947 36.132992 35.585366 35.212875 35.021109 35.013037 35.188787 26.340591 24.800055 23.434203 22.275193 21.356726 20.710831 20.363459 21.034239 19.069745 17.256139 15.645980 14.308118 13.324826 12.778221 0.000000 1.270000 2.540000 3.810000 5.080000 5.236344 5.679613 6.350000 
70.566758 45.855749 81.782541 61.737076 44.497975 43.834234 43.309509 42.928898 42.696255 42.614004 42.683014 37.265251 36.470115 35.837729 35.376822 35.094151 34.994036 35.078039 27.167213 25.550378 24.093347 22.826742 21.783803 20.997886 20.498575 22.060597 20.035826 18.141165 16.421711 14.938091 13.766761 12.992462 1.270000 0.000000 1.270000 2.540000 5.236344 5.080000 5.236344 5.679613 
71.214242 46.846033 80.941862 60.619036 44.880099 44.149089 43.554150 43.100917 42.793894 42.636239 42.629609 37.720717 36.847947 36.132992 35.585366 35.212875 35.021109 35.013037 28.027023 26.340591 24.800055 23.434203 22.275193 21.356726 20.710831 23.111176 21.034239 19.069745 17.256139 15.645980 14.308118 13.324826 2.540000 1.270000 0.000000 1.270000 5.679613 5.236344 5.080000 5.236344 
71.878335 47.849531 80.112495 59.507095 45.294621 44.497975 43.834234 43.309509 42.928898 42.696255 42.614004 38.212980 37.265251 36.470115 35.837729 35.376822 35.094151 34.994036 28.917059 27.167213 25.550378 24.093347 22.826742 21.783803 20.997886 24.182820 22.060597 20.035826 18.141165 16.421711 14.938091 13.766761 3.810000 2.540000 1.270000 0.000000 6.350000 5.679613 5.236344 5.080000 
74.407557 41.775196 86.451149 60.683471 49.070411 48.535834 48.129536 47.854786 47.713856 47.707932 47.837064 41.702700 41.072340 40.591406 40.265253 40.097657 40.090607 40.244188 30.429171 29.105848 27.951199 26.986884 26.233899 25.710819 25.431833 24.436197 22.767162 21.271173 19.987125 18.958131 18.227437 17.831753 5.080000 5.236344 5.679613 6.350000 0.000000 1.270000 2.540000 3.810000 
75.000398 42.822216 85.637471 59.518559 49.384542 48.787327 48.316424 47.975551 47.767493 47.693989 47.755658 42.071879 41.369231 40.812826 40.408706 40.161467 40.074013 40.147389 31.147474 29.747765 28.506088 27.443903 26.582734 25.942608 25.540150 25.325055 23.582256 21.995234 20.600026 19.437979 18.552956 17.985898 5.236344 5.080000 5.236344 5.679613 1.270000 0.000000 1.270000 2.540000 
75.609925 43.881012 84.835001 58.358032 49.729132 49.070411 48.535834 48.129536 47.854786 47.713856 47.707932 42.475834 41.702700 41.072340 40.591406 40.265253 40.097657 40.090607 31.900183 30.429171 29.105848 27.951199 26.986884 26.233899 25.710819 26.245285 24.436197 22.767162 21.271173 19.987125 18.958131 18.227437 5.679613 5.236344 5.080000 5.236344 2.540000 1.270000 0.000000 1.270000 
76.235736 44.950751 84.044061 57.202157 50.103551 49.384542 48.787327 48.316424 47.975551 47.767493 47.693989 42.913586 42.071879 41.369231 40.812826 40.408706 40.161467 40.074013 32.684920 31.147474 29.747765 28.506088 27.443903 26.582734 25.942608 27.193699 25.325055 23.582256 21.995234 20.600026 19.437979 18.552956 6.350000 5.679613 5.236344 5.080000 3.810000 2.540000 1.270000 0.000000 
