47
# Circuit board instance
Size: large
Nodes: 47
0.000000 140.000000 140.000000 197.989899 93.680693 95.840875 98.019271 100.214693 102.426048 104.652325 106.892591 97.947634 100.015699 102.105064 104.214450 106.342664 108.488598 110.651222 84.200309 84.610693 85.094946 85.651816 86.279897 86.977645 87.743399 91.744493 92.121275 92.566246 93.078427 93.656716 94.299897 95.006652 30.888039 33.414273 35.942447 38.472180 41.003182 102.910253 105.433141 107.956833 110.481272 113.006408 61.587609 63.607844 65.664185 67.753345 69.872380 
140.000000 0.000000 197.989899 140.000000 120.083818 121.776534 123.498293 125.247897 127.024196 128.826085 130.652505 114.473534 116.247972 118.050392 119.879533 121.734190 123.613215 125.515512 58.045682 58.639394 59.335985 60.131879 61.023190 62.005805 63.075456 50.626685 51.306320 52.101046 53.005686 54.014717 55.122408 56.322936 109.344122 106.805335 104.266608 101.727944 99.189349 39.680489 37.268867 34.875476 32.504345 30.160724 99.035000 96.693616 94.362507 92.042454 89.734314 
140.000000 197.989899 0.000000 140.000000 78.525567 76.579799 74.669738 72.798195 70.968216 69.183101 67.446412 83.569920 81.744311 79.957717 78.212812 76.512447 74.859657 73.257663 152.403598 150.282847 148.175283 146.081478 144.002032 141.937575 139.888772 156.697851 154.636005 152.588579 150.556163 148.539372 146.538853 144.555279 140.067202 140.645880 141.267865 141.932585 142.639444 163.740029 165.337305 166.957943 168.601270 170.266630 113.010676 114.124217 115.282975 116.485599 117.730746 
197.989899 140.000000 140.000000 0.000000 108.675276 107.277755 105.922711 104.611797 103.346692 102.129097 100.960732 102.442093 100.958325 99.517273 98.120818 96.770892 95.469468 94.218556 139.665550 137.348255 135.038971 132.738116 130.446136 128.163507 125.890738 136.748769 134.381186 132.020013 129.665598 127.318319 124.978576 122.646801 174.988248 173.413176 171.861210 170.332982 168.829135 133.397220 132.699832 132.047627 131.441278 130.881421 137.063162 135.381072 133.726071 132.099177 130.501442 
93.680693 120.083818 78.525567 108.675276 0.000000 2.540000 5.080000 7.620000 10.160000 12.700000 15.240000 7.620000 8.032185 9.158100 10.776307 12.700000 14.810618 17.038838 74.841818 72.578410 70.333895 68.110140 65.909246 63.733582 61.585822 78.543334 76.389680 74.260450 72.157805 70.084137 68.042098 66.034620 78.353198 77.771881 77.269726 76.848285 76.508891 85.228427 86.811930 88.440041 90.110341 91.820529 41.407569 41.404228 41.556428 41.862471 42.319020 
95.840875 121.776534 76.579799 107.277755 2.540000 0.000000 2.540000 5.080000 7.620000 10.160000 12.700000 8.032185 7.620000 8.032185 9.158100 10.776307 12.700000 14.810618 77.122454 74.841818 72.578410 70.333895 68.110140 65.909246 63.733582 80.719456 78.543334 76.389680 74.260450 72.157805 70.084137 68.042098 80.818664 80.255208 79.768687 79.360518 79.031913 87.246592 88.794112 90.386525 92.021501 93.696813 43.946344 43.943197 44.086632 44.375228 44.806181 
98.019271 123.498293 74.669738 105.922711 5.080000 2.540000 0.000000 2.540000 5.080000 7.620000 10.160000 9.158100 8.032185 7.620000 8.032185 9.158100 10.776307 12.700000 79.418835 77.122454 74.841818 72.578410 70.333895 68.110140 65.909246 82.916277 80.719456 78.543334 76.389680 74.260450 72.157805 70.084137 83.288610 82.741975 82.270162 81.874464 81.555989 89.291400 90.804078 92.361844 93.962456 95.603761 46.485253 46.482278 46.617901 46.890921 47.298959 
100.214693 125.247897 72.798195 104.611797 7.620000 5.080000 2.540000 0.000000 2.540000 5.080000 7.620000 10.776307 9.158100 8.032185 7.620000 8.032185 9.158100 10.776307 81.729634 79.418835 77.122454 74.841818 72.578410 70.333895 68.110140 85.132195 82.916277 80.719456 78.543334 76.389680 74.260450 72.157805 85.762648 85.231882 84.773927 84.389970 84.081024 91.361062 92.840025 94.364187 95.931395 97.539575 49.024276 49.021454 49.150072 49.409102 49.796509 
102.426048 127.024196 70.968216 103.346692 10.160000 7.620000 5.080000 2.540000 0.000000 2.540000 5.080000 12.700000 10.776307 9.158100 8.032185 7.620000 8.032185 9.158100 84.053661 81.729634 79.418835 77.122454 74.841818 72.578410 70.333895 87.365757 85.132195 82.916277 80.719456 78.543334 76.389680 74.260450 88.240434 87.724661 87.279787 86.906901 86.606934 93.453927 94.900279 96.391870 97.926632 99.502570 51.563394 51.560712 51.683010 51.929407 52.298148 
104.652325 128.826085 69.183101 102.129097 12.700000 10.160000 7.620000 5.080000 2.540000 0.000000 2.540000 14.810618 12.700000 10.776307 9.158100 8.032185 7.620000 8.032185 86.389848 84.053661 81.729634 79.418835 77.122454 74.841818 72.578410 89.615643 87.365757 85.132195 82.916277 80.719456 78.543334 76.389680 90.721662 90.220074 89.787565 89.425137 89.133645 95.568470 96.983291 98.443326 99.946592 101.491169 54.102595 54.100039 54.216610 54.451543 54.803317 
106.892591 130.652505 67.446412 100.960732 15.240000 12.700000 10.160000 7.620000 5.080000 2.540000 0.000000 17.038838 14.810618 12.700000 10.776307 9.158100 8.032185 7.620000 88.737236 86.389848 84.053661 81.729634 79.418835 77.122454 74.841818 91.880655 89.615643 87.365757 85.132195 82.916277 80.719456 78.543334 93.206055 92.717909 92.297106 91.944570 91.661091 97.703283 99.087628 100.517101 101.989805 103.503896 56.641868 56.639426 56.750782 56.975266 57.311552 
97.947634 114.473534 83.569920 102.442093 7.620000 8.032185 9.158100 10.776307 12.700000 14.810618 17.038838 0.000000 2.540000 5.080000 7.620000 10.160000 12.700000 15.240000 71.761194 69.397384 67.046462 64.709832 62.389101 60.086111 57.802981 74.841818 72.578410 70.333895 68.110140 65.909246 63.733582 61.585822 80.553815 79.746156 79.011929 78.353198 77.771881 80.771435 82.205483 83.692063 85.228427 86.811930 42.341892 41.878987 41.566411 41.407569 41.404228 
100.015699 116.247972 81.744311 100.958325 8.032185 7.620000 8.032185 9.158100 10.776307 12.700000 14.810618 2.540000 0.000000 2.540000 5.080000 7.620000 10.160000 12.700000 74.136659 71.761194 69.397384 67.046462 64.709832 62.389101 60.086111 77.122454 74.841818 72.578410 70.333895 68.110140 65.909246 63.733582 82.953903 82.169838 81.457460 80.818664 80.255208 82.898177 84.296053 85.746397 87.246592 88.794112 44.827784 44.390810 44.096043 43.946344 43.943197 
102.105064 118.050392 79.957717 99.517273 9.158100 8.032185 7.620000 8.032185 9.158100 10.776307 12.700000 5.080000 2.540000 0.000000 2.540000 5.080000 7.620000 10.160000 76.522693 74.136659 71.761194 69.397384 67.046462 64.709832 62.389101 79.418835 77.122454 74.841818 72.578410 70.333895 68.110140 65.909246 85.362088 84.600345 83.908604 83.288610 82.741975 85.047599 86.410711 87.826141 89.291400 90.804078 47.319423 46.905667 46.626801 46.485253 46.482278 
104.214450 119.879533 78.212812 98.120818 10.776307 9.158100 8.032185 7.620000 8.032185 9.158100 10.776307 7.620000 5.080000 2.540000 0.000000 2.540000 5.080000 7.620000 78.918339 76.522693 74.136659 71.761194 69.397384 67.046462 64.709832 81.729634 79.418835 77.122454 74.841818 72.578410 70.333895 68.110140 87.777704 87.037105 86.364883 85.762648 85.231882 87.218024 88.547730 89.929531 91.361062 92.840025 49.815948 49.423096 49.158513 49.024276 49.021454 
106.342664 121.734190 76.512447 96.770892 12.700000 10.776307 9.158100 8.032185 7.620000 8.032185 9.158100 10.160000 7.620000 5.080000 2.540000 0.000000 2.540000 5.080000 81.322746 78.918339 76.522693 74.136659 71.761194 69.397384 67.046462 84.053661 81.729634 79.418835 77.122454 74.841818 72.578410 70.333895 90.200154 89.479607 88.825872 88.240434 87.724661 89.407921 90.705530 92.054947 93.453927 94.900279 52.316658 51.942723 51.691038 51.563394 51.560712 
108.488598 123.613215 74.859657 95.469468 14.810618 12.700000 10.776307 9.158100 8.032185 7.620000 8.032185 12.700000 10.160000 7.620000 5.080000 2.540000 0.000000 2.540000 83.735160 81.322746 78.918339 76.522693 74.136659 71.761194 69.397384 86.389848 84.053661 81.729634 79.418835 77.122454 74.841818 72.578410 92.628901 91.927394 91.291189 90.721662 90.220074 91.615896 92.882663 94.200898 95.568470 96.983291 54.820980 54.464242 54.224263 54.102595 54.100039 
110.651222 125.515512 73.257663 94.218556 17.038838 14.810618 12.700000 10.776307 9.158100 8.032185 7.620000 15.240000 12.700000 10.160000 7.620000 5.080000 2.540000 0.000000 86.154909 83.735160 81.322746 78.918339 76.522693 74.136659 71.761194 88.737236 86.389848 84.053661 81.729634 79.418835 77.122454 74.841818 95.063464 94.380054 93.760493 93.206055 92.717909 93.840671 95.077801 96.366012 97.703283 99.087628 57.328442 56.987403 56.758092 56.641868 56.639426 
84.200309 58.045682 152.403598 139.665550 74.841818 77.122454 79.418835 81.729634 84.053661 86.389848 88.737236 71.761194 74.136659 76.522693 78.918339 81.322746 83.735160 86.154909 0.000000 2.540000 5.080000 7.620000 10.160000 12.700000 15.240000 7.620000 8.032185 9.158100 10.776307 12.700000 14.810618 17.038838 53.349471 50.847913 48.350363 45.857477 43.370059 18.915144 21.454868 23.994651 26.534475 29.074330 43.157290 41.138514 39.180431 37.292603 35.486244 
84.610693 58.639394 150.282847 137.348255 72.578410 74.841818 77.122454 79.418835 81.729634 84.053661 86.389848 69.397384 71.761194 74.136659 76.522693 78.918339 81.322746 83.735160 2.540000 0.000000 2.540000 5.080000 7.620000 10.160000 12.700000 8.032185 7.620000 8.032185 9.158100 10.776307 12.700000 14.810618 53.837490 51.359707 48.888310 46.424319 43.968980 19.124387 21.639567 24.159941 26.684037 29.210891 41.702787 39.609950 37.572290 35.599284 33.702289 
85.094946 59.335985 148.175283 135.038971 70.333895 72.578410 74.841818 77.122454 79.418835 81.729634 84.053661 67.046462 69.397384 71.761194 74.136659 76.522693 78.918339 81.322746 5.080000 2.540000 0.000000 2.540000 5.080000 7.620000 10.160000 9.158100 8.032185 7.620000 8.032185 9.158100 10.776307 12.700000 54.439763 51.990691 49.550775 47.121437 44.704403 19.662270 22.116364 24.587913 27.072136 29.565839 40.355872 38.189293 36.071470 34.011513 32.020591 
85.651816 60.131879 146.081478 132.738116 68.110140 70.333895 72.578410 74.841818 77.122454 79.418835 81.729634 64.709832 67.046462 69.397384 71.761194 74.136659 76.522693 78.918339 7.620000 5.080000 2.540000 0.000000 2.540000 5.080000 7.620000 10.776307 9.158100 8.032185 7.620000 8.032185 9.158100 10.776307 55.152546 52.736586 50.332841 47.943148 45.569718 20.502945 22.866995 25.265220 27.688742 30.131458 39.127658 36.889013 34.691903 32.544741 30.458093 
86.279897 61.023190 144.002032 130.446136 65.909246 68.110140 70.333895 72.578410 74.841818 77.122454 79.418835 62.389101 64.709832 67.046462 69.397384 71.761194 74.136659 76.522693 10.160000 7.620000 5.080000 2.540000 0.000000 2.540000 5.080000 12.700000 10.776307 9.158100 8.032185 7.620000 8.032185 9.158100 55.971619 53.592596 51.229032 48.883170 46.557685 21.611105 23.865635 26.172513 28.519038 30.896178 38.029646 35.722257 33.448595 31.216030 29.034045 
86.977645 62.005805 141.937575 128.163507 63.733582 65.909246 68.110140 70.333895 72.578410 74.841818 77.122454 60.086111 62.389101 64.709832 67.046462 69.397384 71.761194 74.136659 12.700000 10.160000 7.620000 5.080000 2.540000 0.000000 2.540000 14.810618 12.700000 10.776307 9.158100 8.032185 7.620000 8.032185 56.892391 54.553537 52.233473 49.934821 47.660676 22.948031 25.082680 27.286860 29.545014 31.845661 37.073408 34.702496 32.357257 30.043704 27.769756 
87.743399 63.075456 139.888772 125.890738 61.585822 63.733582 65.909246 68.110140 70.333895 72.578410 74.841818 57.802981 60.086111 62.389101 64.709832 67.046462 69.397384 71.761194 15.240000 12.700000 10.160000 7.620000 5.080000 2.540000 0.000000 17.038838 14.810618 12.700000 10.776307 9.158100 8.032185 7.620000 57.910011 55.613969 53.340050 51.091208 48.870904 24.476267 26.488041 28.584056 30.747087 32.963944 36.270158 33.843020 31.433721 29.046702 26.687940 
91.744493 50.626685 156.697851 136.748769 78.543334 80.719456 82.916277 85.132195 87.365757 89.615643 91.880655 74.841818 77.122454 79.418835 81.729634 84.053661 86.389848 88.737236 7.620000 8.032185 9.158100 10.776307 12.700000 14.810618 17.038838 0.000000 2.540000 5.080000 7.620000 10.160000 12.700000 15.240000 60.873252 58.362551 55.854500 53.349471 50.847913 11.296715 13.835999 16.375505 18.915144 21.454868 49.502464 47.345644 45.228633 43.157290 41.138514 
92.121275 51.306320 154.636005 134.381186 76.389680 78.543334 80.719456 82.916277 85.132195 87.365757 89.615643 72.578410 74.841818 77.122454 79.418835 81.729634 84.053661 86.389848 8.032185 7.620000 8.032185 9.158100 10.776307 12.700000 14.810618 2.540000 0.000000 2.540000 5.080000 7.620000 10.160000 12.700000 61.301403 58.808984 56.320816 53.837490 51.359707 11.643679 14.120707 16.616758 19.124387 21.639567 48.239659 46.023698 43.842901 41.702787 39.609950 
92.566246 52.101046 152.588579 132.020013 74.260450 76.389680 78.543334 80.719456 82.916277 85.132195 87.365757 70.333895 72.578410 74.841818 77.122454 79.418835 81.729634 84.053661 9.158100 8.032185 7.620000 8.032185 9.158100 10.776307 12.700000 5.080000 2.540000 0.000000 2.540000 5.080000 7.620000 10.160000 61.831015 59.360837 56.896808 54.439763 51.990691 12.507516 14.841060 17.233089 19.662270 22.116364 47.080130 44.806860 42.563764 40.355872 38.189293 
93.078427 53.005686 150.556163 129.665598 72.157805 74.260450 76.389680 78.543334 80.719456 82.916277 85.132195 68.110140 70.333895 72.578410 74.841818 77.122454 79.418835 81.729634 10.776307 9.158100 8.032185 7.620000 8.032185 9.158100 10.776307 7.620000 5.080000 2.540000 0.000000 2.540000 5.080000 7.620000 62.459507 60.015203 57.579184 55.152546 52.736586 13.791441 15.938098 18.186403 20.502945 22.866995 46.031683 43.703912 41.401101 39.127658 36.889013 
93.656716 54.014717 148.539372 127.318319 70.084137 72.157805 74.260450 76.389680 78.543334 80.719456 82.916277 65.909246 68.110140 70.333895 72.578410 74.841818 77.122454 79.418835 12.700000 10.776307 9.158100 8.032185 7.620000 8.032185 9.158100 10.160000 7.620000 5.080000 2.540000 0.000000 2.540000 5.080000 63.183929 60.768770 58.364212 55.971619 53.592596 15.390677 17.340474 19.427155 21.611105 23.865635 45.102065 42.723674 40.364979 38.029646 35.722257 
94.299897 55.122408 146.538853 124.978576 68.042098 70.084137 72.157805 74.260450 76.389680 78.543334 80.719456 63.733582 65.909246 68.110140 70.333895 72.578410 74.841818 77.122454 14.810618 12.700000 10.776307 9.158100 8.032185 7.620000 8.032185 12.700000 10.160000 7.620000 5.080000 2.540000 0.000000 2.540000 64.001023 61.617899 59.247812 56.892391 54.553537 17.217585 18.980631 20.904225 22.948031 25.082680 44.298756 41.874764 39.465366 37.073408 34.702496 
95.006652 56.322936 144.555279 122.646801 66.034620 68.042098 70.084137 72.157805 74.260450 76.389680 78.543334 61.585822 63.733582 65.909246 68.110140 70.333895 72.578410 74.841818 17.038838 14.810618 12.700000 10.776307 9.158100 8.032185 7.620000 15.240000 12.700000 10.160000 7.620000 5.080000 2.540000 0.000000 64.907289 62.558698 60.225646 57.910011 55.613969 19.207310 20.802400 22.571268 24.476267 26.488041 43.628736 41.165309 38.711780 36.270158 33.843020 
30.888039 109.344122 140.067202 174.988248 78.353198 80.818664 83.288610 85.762648 88.240434 90.721662 93.206055 80.553815 82.953903 85.362088 87.777704 90.200154 92.628901 95.063464 53.349471 53.837490 54.439763 55.152546 55.971619 56.892391 57.910011 60.873252 61.301403 61.831015 62.459507 63.183929 64.001023 64.907289 0.000000 2.540000 5.080000 7.620000 10.160000 72.024086 74.545993 77.069089 79.593260 82.118407 38.910158 40.136435 41.482162 42.936106 44.487660 
33.414273 106.805335 140.645880 173.413176 77.771881 80.255208 82.741975 85.231882 87.724661 90.220074 92.717909 79.746156 82.169838 84.600345 87.037105 89.479607 91.927394 94.380054 50.847913 51.359707 51.990691 52.736586 53.592596 54.553537 55.613969 58.362551 58.808984 59.360837 60.015203 60.768770 61.617899 62.558698 2.540000 0.000000 2.540000 5.080000 7.620000 69.503497 72.024086 74.545993 77.069089 79.593260 37.814951 38.910158 40.136435 41.482162 42.936106 
35.942447 104.266608 141.267865 171.861210 77.269726 79.768687 82.270162 84.773927 87.279787 89.787565 92.297106 79.011929 81.457460 83.908604 86.364883 88.825872 91.291189 93.760493 48.350363 48.888310 49.550775 50.332841 51.229032 52.233473 53.340050 55.854500 56.320816 56.896808 57.579184 58.364212 59.247812 60.225646 5.080000 2.540000 0.000000 2.540000 5.080000 66.984374 69.503497 72.024086 74.545993 77.069089 36.862499 37.814951 38.910158 40.136435 41.482162 
38.472180 101.727944 141.932585 170.332982 76.848285 79.360518 81.874464 84.389970 86.906901 89.425137 91.944570 78.353198 80.818664 83.288610 85.762648 88.240434 90.721662 93.206055 45.857477 46.424319 47.121437 47.943148 48.883170 49.934821 51.091208 53.349471 53.837490 54.439763 55.152546 55.971619 56.892391 57.910011 7.620000 5.080000 2.540000 0.000000 2.540000 64.466889 66.984374 69.503497 72.024086 74.545993 36.064114 36.862499 37.814951 38.910158 40.136435 
41.003182 99.189349 142.639444 168.829135 76.508891 79.031913 81.555989 84.081024 86.606934 89.133645 91.661091 77.771881 80.255208 82.741975 85.231882 87.724661 90.220074 92.717909 43.370059 43.968980 44.704403 45.569718 46.557685 47.660676 48.870904 50.847913 51.359707 51.990691 52.736586 53.592596 54.553537 55.613969 10.160000 7.620000 5.080000 2.540000 0.000000 61.951243 64.466889 66.984374 69.503497 72.024086 35.430214 36.064114 36.862499 37.814951 38.910158 
102.910253 39.680489 163.740029 133.397220 85.228427 87.246592 89.291400 91.361062 93.453927 95.568470 97.703283 80.771435 82.898177 85.047599 87.218024 89.407921 91.615896 93.840671 18.915144 19.124387 19.662270 20.502945 21.611105 22.948031 24.476267 11.296715 11.643679 12.507516 13.791441 15.390677 17.217585 19.207310 72.024086 69.503497 66.984374 64.466889 61.951243 0.000000 2.540000 5.080000 7.620000 10.160000 59.587478 57.309825 55.055135 52.826346 50.626880 
105.433141 37.268867 165.337305 132.699832 86.811930 88.794112 90.804078 92.840025 94.900279 96.983291 99.087628 82.205483 84.296053 86.410711 88.547730 90.705530 92.882663 95.077801 21.454868 21.639567 22.116364 22.866995 23.865635 25.082680 26.488041 13.835999 14.120707 14.841060 15.938098 17.340474 18.980631 20.802400 74.545993 72.024086 69.503497 66.984374 64.466889 2.540000 0.000000 2.540000 5.080000 7.620000 61.885557 59.587478 57.309825 55.055135 52.826346 
107.956833 34.875476 166.957943 132.047627 88.440041 90.386525 92.361844 94.364187 96.391870 98.443326 100.517101 83.692063 85.746397 87.826141 89.929531 92.054947 94.200898 96.366012 23.994651 24.159941 24.587913 25.265220 26.172513 27.286860 28.584056 16.375505 16.616758 17.233089 18.186403 19.427155 20.904225 22.571268 77.069089 74.545993 72.024086 69.503497 66.984374 5.080000 2.540000 0.000000 2.540000 5.080000 64.201869 61.885557 59.587478 57.309825 55.055135 
110.481272 32.504345 168.601270 131.441278 90.110341 92.021501 93.962456 95.931395 97.926632 99.946592 101.989805 85.228427 87.246592 89.291400 91.361062 93.453927 95.568470 97.703283 26.534475 26.684037 27.072136 27.688742 28.519038 29.545014 30.747087 18.915144 19.124387 19.662270 20.502945 21.611105 22.948031 24.476267 79.593260 77.069089 74.545993 72.024086 69.503497 7.620000 5.080000 2.540000 0.000000 2.540000 66.534510 64.201869 61.885557 59.587478 57.309825 
113.006408 30.160724 170.266630 130.881421 91.820529 93.696813 95.603761 97.539575 99.502570 101.491169 103.503896 86.811930 88.794112 90.804078 92.840025 94.900279 96.983291 99.087628 29.074330 29.210891 29.565839 30.131458 30.896178 31.845661 32.963944 21.454868 21.639567 22.116364 22.866995 23.865635 25.082680 26.488041 82.118407 79.593260 77.069089 74.545993 72.024086 10.160000 7.620000 5.080000 2.540000 0.000000 68.881821 66.534510 64.201869 61.885557 59.587478 
61.587609 99.035000 113.010676 137.063162 41.407569 43.946344 46.485253 49.024276 51.563394 54.102595 56.641868 42.341892 44.827784 47.319423 49.815948 52.316658 54.820980 57.328442 43.157290 41.702787 40.355872 39.127658 38.029646 37.073408 36.270158 49.502464 48.239659 47.080130 46.031683 45.102065 44.298756 43.628736 38.910158 37.814951 36.862499 36.064114 35.430214 59.587478 61.885557 64.201869 66.534510 68.881821 0.000000 2.540000 5.080000 7.620000 10.160000 
63.607844 96.693616 114.124217 135.381072 41.404228 43.943197 46.482278 49.021454 51.560712 54.100039 56.639426 41.878987 44.390810 46.905667 49.423096 51.942723 54.464242 56.987403 41.138514 39.609950 38.189293 36.889013 35.722257 34.702496 33.843020 47.345644 46.023698 44.806860 43.703912 42.723674 41.874764 41.165309 40.136435 38.910158 37.814951 36.862499 36.064114 57.309825 59.587478 61.885557 64.201869 66.534510 2.540000 0.000000 2.540000 5.080000 7.620000 
65.664185 94.362507 115.282975 133.726071 41.556428 44.086632 46.617901 49.150072 51.683010 54.216610 56.750782 41.566411 44.096043 46.626801 49.158513 51.691038 54.224263 56.758092 39.180431 37.572290 36.071470 34.691903 33.448595 32.357257 31.433721 45.228633 43.842901 42.563764 41.401101 40.364979 39.465366 38.711780 41.482162 40.136435 38.910158 37.814951 36.862499 55.055135 57.309825 59.587478 61.885557 64.201869 5.080000 2.540000 0.000000 2.540000 5.080000 
67.753345 92.042454 116.485599 132.099177 41.862471 44.375228 46.890921 49.409102 51.929407 54.451543 56.975266 41.407569 43.946344 46.485253 49.024276 51.563394 54.102595 56.641868 37.292603 35.599284 34.011513 32.544741 31.216030 30.043704 29.046702 43.157290 41.702787 40.355872 39.127658 38.029646 37.073408 36.270158 42.936106 41.482162 40.136435 38.910158 37.814951 52.826346 55.055135 57.309825 59.587478 61.885557 7.620000 5.080000 2.540000 0.000000 2.540000 
69.872380 89.734314 117.730746 130.501442 42.319020 44.806181 47.298959 49.796509 52.298148 54.803317 57.311552 41.404228 43.943197 46.482278 49.021454 51.560712 54.100039 56.639426 35.486244 33.702289 32.020591 30.458093 29.034045 27.769756 26.687940 41.138514 39.609950 38.189293 36.889013 35.722257 34.702496 33.843020 44.487660 42.936106 41.482162 40.136435 38.910158 50.626880 52.826346 55.055135 57.309825 59.587478 10.160000 7.620000 5.080000 2.540000 0.000000 
