45
# Circuit board instance
Size: large
Nodes: 45
0.000000 115.000000 115.000000 162.634560 71.119519 73.192952 75.294977 77.423267 79.575713 80.769986 83.230834 85.696300 88.165998 90.639581 93.116741 95.597199 83.014228 85.410438 87.814732 90.226462 92.645048 95.069967 97.500747 90.889120 93.415497 95.942594 98.470354 100.998729 103.527673 106.057145 92.000764 94.497426 96.996339 99.497332 102.000254 104.504964 107.011338 72.419155 73.393538 74.376842 75.368718 75.798446 76.729928 77.671005 78.621333 
115.000000 0.000000 162.634560 115.000000 70.905740 68.866872 66.862333 64.895301 62.969294 122.791510 124.424017 126.086558 127.777962 129.497097 131.242873 133.014243 117.015923 118.727871 120.469048 122.238205 124.034146 125.855723 127.701840 138.902225 140.568315 142.260245 143.977105 145.718013 147.482118 149.268597 133.208621 134.945024 136.706568 138.492293 140.301275 142.132626 143.985494 87.835830 88.640907 89.456769 90.283124 83.950005 84.791985 85.644521 86.507300 
115.000000 162.634560 0.000000 115.000000 93.265620 94.856197 96.487426 98.157282 99.863827 42.053835 39.848538 37.685410 35.572144 33.518174 31.535088 29.637117 46.217922 44.220779 42.281928 40.409761 38.613978 36.905732 35.297733 26.392741 24.041626 21.733061 19.482179 17.311496 15.255284 13.366475 29.998088 27.951892 25.992969 24.142573 22.427581 20.881383 19.544082 75.830786 74.835055 73.847740 72.869182 79.064395 78.109896 77.164494 76.228525 
162.634560 115.000000 115.000000 0.000000 93.102705 91.559467 90.061431 88.610891 87.210216 101.599652 100.706853 99.870689 99.092592 98.373941 97.716048 97.120147 94.538144 93.577997 92.677536 91.838516 91.062636 90.351521 89.706713 108.303152 107.754331 107.262864 106.829543 106.455079 106.140095 105.885120 100.897380 100.308047 99.779910 99.313946 98.911033 98.571944 98.297340 90.669218 89.838101 89.017345 88.207237 86.910169 86.042750 85.185433 84.338526 
71.119519 70.905740 93.265620 93.102705 0.000000 2.540000 5.080000 7.620000 10.160000 52.206398 54.012927 55.876540 57.791716 59.753496 61.757440 63.799574 47.061316 49.057677 51.102321 53.189678 55.314915 57.473828 59.662762 68.461931 70.292008 72.165088 74.077909 76.027472 78.011023 80.026033 63.340609 65.314340 67.326047 69.372424 71.450495 73.557571 75.691232 17.435405 18.445174 19.485412 20.551495 14.809542 15.986044 17.175868 18.376428 
73.192952 68.866872 94.856197 91.559467 2.540000 0.000000 2.540000 5.080000 7.620000 54.051468 55.798293 57.604175 59.463734 61.372091 63.324834 65.317983 48.704323 50.635949 52.619301 54.648747 56.719339 58.826733 60.967112 70.269791 72.053965 73.882389 75.751859 77.659410 79.602306 81.578021 64.993312 66.918315 68.883194 70.884633 72.919621 74.985427 77.079573 19.122855 20.047809 21.008844 22.001231 15.975179 17.071538 18.190500 19.328139 
75.294977 66.862333 96.487426 90.061431 5.080000 2.540000 0.000000 2.540000 5.080000 55.951029 57.640315 59.390213 61.195524 63.051487 64.953761 66.898396 50.421800 52.290020 54.212892 56.184806 58.200775 60.256380 62.347699 72.121802 73.861252 75.646005 77.472930 79.339112 81.241848 83.178628 66.701812 68.578875 70.497486 72.454346 74.446439 76.471010 78.525548 20.982779 21.829065 22.714861 23.635727 17.435405 18.445174 19.485412 20.551495 
77.423267 64.895301 98.157282 88.610891 7.620000 5.080000 2.540000 0.000000 2.540000 57.899718 59.533735 61.229544 62.982154 64.786956 66.639708 68.536523 52.206398 54.012927 55.876540 57.791716 59.753496 61.757440 63.799574 74.014648 75.710623 77.452773 79.238051 81.063609 82.926786 84.825103 68.461931 70.292008 72.165088 74.077909 76.027472 78.011023 80.026033 22.973324 23.748783 24.565454 25.419367 19.122855 20.047809 21.008844 22.001231 
79.575713 62.969294 99.863827 87.210216 10.160000 7.620000 5.080000 2.540000 0.000000 59.892739 61.473803 63.117509 64.819091 66.574113 68.378458 70.228327 54.051468 55.798293 57.604175 59.463734 61.372091 63.324834 65.317983 75.945278 77.599070 79.299742 81.044345 82.830102 84.654408 86.514826 70.269791 72.053965 73.882389 75.751859 77.659410 79.602306 81.578021 25.063388 25.776045 26.530386 27.322958 20.982779 21.829065 22.714861 23.635727 
80.769986 122.791510 42.053835 101.599652 52.206398 54.051468 55.951029 57.899718 59.892739 0.000000 2.540000 5.080000 7.620000 10.160000 12.700000 15.240000 7.620000 8.032185 9.158100 10.776307 12.700000 14.810618 17.038838 16.288990 18.270874 20.376989 22.572587 24.833947 27.144638 29.493067 12.614786 15.087294 17.579058 20.082911 22.594834 25.112407 27.634084 34.968491 34.151253 33.362353 32.603848 38.952892 38.220944 37.517716 36.844855 
83.230834 124.424017 39.848538 100.706853 54.012927 55.798293 57.640315 59.533735 61.473803 2.540000 0.000000 2.540000 5.080000 7.620000 10.160000 12.700000 8.032185 7.620000 8.032185 9.158100 10.776307 12.700000 14.810618 14.482430 16.288990 18.270874 20.376989 22.572587 24.833947 27.144638 10.175578 12.614786 15.087294 17.579058 20.082911 22.594834 25.112407 36.680340 35.812127 34.968491 34.151253 40.496664 39.711974 38.952892 38.220944 
85.696300 126.086558 37.685410 99.870689 55.876540 57.604175 59.390213 61.229544 63.117509 5.080000 2.540000 0.000000 2.540000 5.080000 7.620000 10.160000 9.158100 8.032185 7.620000 8.032185 9.158100 10.776307 12.700000 12.924919 14.482430 16.288990 18.270874 20.376989 22.572587 24.833947 7.800971 10.175578 12.614786 15.087294 17.579058 20.082911 22.594834 38.483795 37.571425 36.680340 35.812127 42.137097 41.305501 40.496664 39.711974 
88.165998 127.777962 35.572144 99.092592 57.791716 59.463734 61.195524 62.982154 64.819091 7.620000 5.080000 2.540000 0.000000 2.540000 5.080000 7.620000 10.776307 9.158100 8.032185 7.620000 8.032185 9.158100 10.776307 11.716207 12.924919 14.482430 16.288990 18.270874 20.376989 22.572587 5.574147 7.800971 10.175578 12.614786 15.087294 17.579058 20.082911 40.366580 39.415971 38.483795 37.571425 43.863348 42.990129 42.137097 41.305501 
90.639581 129.497097 33.518174 98.373941 59.753496 61.372091 63.051487 64.786956 66.574113 10.160000 7.620000 5.080000 2.540000 0.000000 2.540000 5.080000 12.700000 10.776307 9.158100 8.032185 7.620000 8.032185 9.158100 10.972177 11.716207 12.924919 14.482430 16.288990 18.270874 20.376989 3.766999 5.574147 7.800971 10.175578 12.614786 15.087294 17.579058 42.318109 41.334353 40.366580 39.415971 45.665685 44.755571 43.863348 42.990129 
93.116741 131.242873 31.535088 97.716048 61.757440 63.324834 64.953761 66.639708 68.378458 12.700000 10.160000 7.620000 5.080000 2.540000 0.000000 2.540000 14.810618 12.700000 10.776307 9.158100 8.032185 7.620000 8.032185 10.789395 10.972177 11.716207 12.924919 14.482430 16.288990 18.270874 3.195724 3.766999 5.574147 7.800971 10.175578 12.614786 15.087294 44.329303 43.316762 42.318109 41.334353 47.535456 46.592642 45.665685 44.755571 
95.597199 133.014243 29.637117 97.120147 63.799574 65.317983 66.898396 68.536523 70.228327 15.240000 12.700000 10.160000 7.620000 5.080000 2.540000 0.000000 17.038838 14.810618 12.700000 10.776307 9.158100 8.032185 7.620000 11.195384 10.789395 10.972177 11.716207 12.924919 14.482430 16.288990 4.374725 3.195724 3.766999 5.574147 7.800971 10.175578 12.614786 46.392403 45.354804 44.329303 43.316762 49.465013 48.493202 47.535456 46.592642 
83.014228 117.015923 46.217922 94.538144 47.061316 48.704323 50.421800 52.206398 54.051468 7.620000 8.032185 9.158100 10.776307 12.700000 14.810618 17.038838 0.000000 2.540000 5.080000 7.620000 10.160000 12.700000 15.240000 22.082989 23.582876 25.249730 27.052706 28.966397 30.970285 33.047968 16.288990 18.270874 20.376989 22.572587 24.833947 27.144638 29.493067 29.627195 28.658042 27.713208 26.795265 33.089030 32.224162 31.386863 30.579396 
85.410438 118.727871 44.220779 93.577997 49.057677 50.635949 52.290020 54.012927 55.798293 8.032185 7.620000 8.032185 9.158100 10.776307 12.700000 14.810618 2.540000 0.000000 2.540000 5.080000 7.620000 10.160000 12.700000 20.786245 22.082989 23.582876 25.249730 27.052706 28.966397 30.970285 14.482430 16.288990 18.270874 20.376989 22.572587 24.833947 27.144638 31.629458 30.618356 29.627195 28.658042 34.893207 33.979361 33.089030 32.224162 
87.814732 120.469048 42.281928 92.677536 51.102321 52.619301 54.212892 55.876540 57.604175 9.158100 8.032185 7.620000 8.032185 9.158100 10.776307 12.700000 5.080000 2.540000 0.000000 2.540000 5.080000 7.620000 10.160000 19.732733 20.786245 22.082989 23.582876 25.249730 27.052706 28.966397 12.924919 14.482430 16.288990 18.270874 20.376989 22.572587 24.833947 33.704269 32.658648 31.629458 30.618356 36.784386 35.828767 34.893207 33.979361 
90.226462 122.238205 40.409761 91.838516 53.189678 54.648747 56.184806 57.791716 59.463734 10.776307 9.158100 8.032185 7.620000 8.032185 9.158100 10.776307 7.620000 5.080000 2.540000 0.000000 2.540000 5.080000 7.620000 18.963035 19.732733 20.786245 22.082989 23.582876 25.249730 27.052706 11.716207 12.924919 14.482430 16.288990 18.270874 20.376989 22.572587 35.839031 34.764839 33.704269 32.658648 38.749831 37.758540 36.784386 35.828767 
92.645048 124.034146 38.613978 91.062636 55.314915 56.719339 58.200775 59.753496 61.372091 12.700000 10.776307 9.158100 8.032185 7.620000 8.032185 9.158100 10.160000 7.620000 5.080000 2.540000 0.000000 2.540000 5.080000 18.512587 18.963035 19.732733 20.786245 22.082989 23.582876 25.249730 10.972177 11.716207 12.924919 14.482430 16.288990 18.270874 20.376989 38.023647 36.925655 35.839031 34.764839 40.778805 39.756978 38.749831 37.758540 
95.069967 125.855723 36.905732 90.351521 57.473828 58.826733 60.256380 61.757440 63.324834 14.810618 12.700000 10.776307 9.158100 8.032185 7.620000 8.032185 12.700000 10.160000 7.620000 5.080000 2.540000 0.000000 2.540000 18.404843 18.512587 18.963035 19.732733 20.786245 22.082989 23.582876 10.789395 10.972177 11.716207 12.924919 14.482430 16.288990 18.270874 40.249999 39.132048 38.023647 36.925655 42.862288 41.814237 40.778805 39.756978 
97.500747 127.701840 35.297733 89.706713 59.662762 60.967112 62.347699 63.799574 65.317983 17.038838 14.810618 12.700000 10.776307 9.158100 8.032185 7.620000 15.240000 12.700000 10.160000 7.620000 5.080000 2.540000 0.000000 18.645745 18.404843 18.512587 18.963035 19.732733 20.786245 22.082989 11.195384 10.789395 10.972177 11.716207 12.924919 14.482430 16.288990 42.511533 41.376727 40.249999 39.132048 44.992707 43.922054 42.862288 41.814237 
90.889120 138.902225 26.392741 108.303152 68.461931 70.269791 72.121802 74.014648 75.945278 16.288990 14.482430 12.924919 11.716207 10.972177 10.789395 11.195384 22.082989 20.786245 19.732733 18.963035 18.512587 18.404843 18.645745 0.000000 2.540000 5.080000 7.620000 10.160000 12.700000 15.240000 7.620000 8.032185 9.158100 10.776307 12.700000 14.810618 17.038838 51.156755 50.294187 49.449194 48.622691 54.964121 54.162222 53.378495 52.613754 
93.415497 140.568315 24.041626 107.754331 70.292008 72.053965 73.861252 75.710623 77.599070 18.270874 16.288990 14.482430 12.924919 11.716207 10.972177 10.789395 23.582876 22.082989 20.786245 19.732733 18.963035 18.512587 18.404843 2.540000 0.000000 2.540000 5.080000 7.620000 10.160000 12.700000 8.032185 7.620000 8.032185 9.158100 10.776307 12.700000 14.810618 52.931159 52.036023 51.156755 50.294187 56.619330 55.783408 54.964121 54.162222 
95.942594 142.260245 21.733061 107.262864 72.165088 73.882389 75.646005 77.452773 79.299742 20.376989 18.270874 16.288990 14.482430 12.924919 11.716207 10.972177 25.249730 23.582876 22.082989 20.786245 19.732733 18.963035 18.512587 5.080000 2.540000 0.000000 2.540000 5.080000 7.620000 10.160000 9.158100 8.032185 7.620000 8.032185 9.158100 10.776307 12.700000 54.765909 53.841371 52.931159 52.036023 58.338201 57.471160 56.619330 55.783408 
98.470354 143.977105 19.482179 106.829543 74.077909 75.751859 77.472930 79.238051 81.044345 22.572587 20.376989 18.270874 16.288990 14.482430 12.924919 11.716207 27.052706 25.249730 23.582876 22.082989 20.786245 19.732733 18.963035 7.620000 5.080000 2.540000 0.000000 2.540000 5.080000 7.620000 10.776307 9.158100 8.032185 7.620000 8.032185 9.158100 10.776307 56.655142 55.704058 54.765909 53.841371 60.115274 59.219786 58.338201 57.471160 
100.998729 145.718013 17.311496 106.455079 76.027472 77.659410 79.339112 81.063609 82.830102 24.833947 22.572587 20.376989 18.270874 16.288990 14.482430 12.924919 28.966397 27.052706 25.249730 23.582876 22.082989 20.786245 19.732733 10.160000 7.620000 5.080000 2.540000 0.000000 2.540000 5.080000 12.700000 10.776307 9.158100 8.032185 7.620000 8.032185 9.158100 58.593590 57.618522 56.655142 55.704058 61.945538 61.024053 60.115274 59.219786 
103.527673 147.482118 15.255284 106.140095 78.011023 79.602306 81.241848 82.926786 84.654408 27.144638 24.833947 22.572587 20.376989 18.270874 16.288990 14.482430 30.970285 28.966397 27.052706 25.249730 23.582876 22.082989 20.786245 12.700000 10.160000 7.620000 5.080000 2.540000 0.000000 2.540000 14.810618 12.700000 10.776307 9.158100 8.032185 7.620000 8.032185 60.576526 59.579772 58.593590 57.618522 63.824419 62.879172 61.945538 61.024053 
106.057145 149.268597 13.366475 105.885120 80.026033 81.578021 83.178628 84.825103 86.514826 29.493067 27.144638 24.833947 22.572587 20.376989 18.270874 16.288990 33.047968 30.970285 28.966397 27.052706 25.249730 23.582876 22.082989 15.240000 12.700000 10.160000 7.620000 5.080000 2.540000 0.000000 17.038838 14.810618 12.700000 10.776307 9.158100 8.032185 7.620000 62.599725 61.583339 60.576526 59.579772 65.747749 64.780773 63.824419 62.879172 
92.000764 133.208621 29.998088 100.897380 63.340609 64.993312 66.701812 68.461931 70.269791 12.614786 10.175578 7.800971 5.574147 3.766999 3.195724 4.374725 16.288990 14.482430 12.924919 11.716207 10.972177 10.789395 11.195384 7.620000 8.032185 9.158100 10.776307 12.700000 14.810618 17.038838 0.000000 2.540000 5.080000 7.620000 10.160000 12.700000 15.240000 45.909978 44.946833 43.999265 43.068302 49.339111 48.444190 47.566344 46.706535 
94.497426 134.945024 27.951892 100.308047 65.314340 66.918315 68.578875 70.292008 72.053965 15.087294 12.614786 10.175578 7.800971 5.574147 3.766999 3.195724 18.270874 16.288990 14.482430 12.924919 11.716207 10.972177 10.789395 8.032185 7.620000 8.032185 9.158100 10.776307 12.700000 14.810618 2.540000 0.000000 2.540000 5.080000 7.620000 10.160000 12.700000 47.879224 46.887740 45.909978 44.946833 51.176575 50.250194 49.339111 48.444190 
96.996339 136.706568 25.992969 99.779910 67.326047 68.883194 70.497486 72.165088 73.882389 17.579058 15.087294 12.614786 10.175578 7.800971 5.574147 3.766999 20.376989 18.270874 16.288990 14.482430 12.924919 11.716207 10.972177 9.158100 8.032185 7.620000 8.032185 9.158100 10.776307 12.700000 5.080000 2.540000 0.000000 2.540000 5.080000 7.620000 10.160000 49.900073 48.883594 47.879224 46.887740 53.072018 52.117440 51.176575 50.250194 
99.497332 138.492293 24.142573 99.313946 69.372424 70.884633 72.454346 74.077909 75.751859 20.082911 17.579058 15.087294 12.614786 10.175578 7.800971 5.574147 22.572587 20.376989 18.270874 16.288990 14.482430 12.924919 11.716207 10.776307 9.158100 8.032185 7.620000 8.032185 9.158100 10.776307 7.620000 5.080000 2.540000 0.000000 2.540000 5.080000 7.620000 51.966505 50.927935 49.900073 48.883594 55.019446 54.039581 53.072018 52.117440 
102.000254 140.301275 22.427581 98.911033 71.450495 72.919621 74.446439 76.027472 77.659410 22.594834 20.082911 17.579058 15.087294 12.614786 10.175578 7.800971 24.833947 22.572587 20.376989 18.270874 16.288990 14.482430 12.924919 12.700000 10.776307 9.158100 8.032185 7.620000 8.032185 9.158100 10.160000 7.620000 5.080000 2.540000 0.000000 2.540000 5.080000 54.073295 53.015154 51.966505 50.927935 57.013534 56.010966 55.019446 54.039581 
104.504964 142.132626 20.881383 98.571944 73.557571 74.985427 76.471010 78.011023 79.602306 25.112407 22.594834 20.082911 17.579058 15.087294 12.614786 10.175578 27.144638 24.833947 22.572587 20.376989 18.270874 16.288990 14.482430 14.810618 12.700000 10.776307 9.158100 8.032185 7.620000 8.032185 12.700000 10.160000 7.620000 5.080000 2.540000 0.000000 2.540000 56.215906 55.140382 54.073295 53.015154 59.049554 58.026576 57.013534 56.010966 
107.011338 143.985494 19.544082 98.297340 75.691232 77.079573 78.525548 80.026033 81.578021 27.634084 25.112407 22.594834 20.082911 17.579058 15.087294 12.614786 29.493067 27.144638 24.833947 22.572587 20.376989 18.270874 16.288990 17.038838 14.810618 12.700000 10.776307 9.158100 8.032185 7.620000 15.240000 12.700000 10.160000 7.620000 5.080000 2.540000 0.000000 58.390393 57.299390 56.215906 55.140382 61.123316 60.081960 59.049554 58.026576 
72.419155 87.835830 75.830786 90.669218 17.435405 19.122855 20.982779 22.973324 25.063388 34.968491 36.680340 38.483795 40.366580 42.318109 44.329303 46.392403 29.627195 31.629458 33.704269 35.839031 38.023647 40.249999 42.511533 51.156755 52.931159 54.765909 56.655142 58.593590 60.576526 62.599725 45.909978 47.879224 49.900073 51.966505 54.073295 56.215906 58.390393 0.000000 1.270000 2.540000 3.810000 5.080000 5.236344 5.679613 6.350000 
73.393538 88.640907 74.835055 89.838101 18.445174 20.047809 21.829065 23.748783 25.776045 34.151253 35.812127 37.571425 39.415971 41.334353 43.316762 45.354804 28.658042 30.618356 32.658648 34.764839 36.925655 39.132048 41.376727 50.294187 52.036023 53.841371 55.704058 57.618522 59.579772 61.583339 44.946833 46.887740 48.883594 50.927935 53.015154 55.140382 57.299390 1.270000 0.000000 1.270000 2.540000 5.236344 5.080000 5.236344 5.679613 
74.376842 89.456769 73.847740 89.017345 19.485412 21.008844 22.714861 24.565454 26.530386 33.362353 34.968491 36.680340 38.483795 40.366580 42.318109 44.329303 27.713208 29.627195 31.629458 33.704269 35.839031 38.023647 40.249999 49.449194 51.156755 52.931159 54.765909 56.655142 58.593590 60.576526 43.999265 45.909978 47.879224 49.900073 51.966505 54.073295 56.215906 2.540000 1.270000 0.000000 1.270000 5.679613 5.236344 5.080000 5.236344 
75.368718 90.283124 72.869182 88.207237 20.551495 22.001231 23.635727 25.419367 27.322958 32.603848 34.151253 35.812127 37.571425 39.415971 41.334353 43.316762 26.795265 28.658042 30.618356 32.658648 34.764839 36.925655 39.132048 48.622691 50.294187 52.036023 53.841371 55.704058 57.618522 59.579772 43.068302 44.946833 46.887740 48.883594 50.927935 53.015154 55.140382 3.810000 2.540000 1.270000 0.000000 6.350000 5.679613 5.236344 5.080000 
75.798446 83.950005 79.064395 86.910169 14.809542 15.975179 17.435405 19.122855 20.982779 38.952892 40.496664 42.137097 43.863348 45.665685 47.535456 49.465013 33.089030 34.893207 36.784386 38.749831 40.778805 42.862288 44.992707 54.964121 56.619330 58.338201 60.115274 61.945538 63.824419 65.747749 49.339111 51.176575 53.072018 55.019446 57.013534 59.049554 61.123316 5.080000 5.236344 5.679613 6.350000 0.000000 1.270000 2.540000 3.810000 
76.729928 84.791985 78.109896 86.042750 15.986044 17.071538 18.445174 20.047809 21.829065 38.220944 39.711974 41.305501 42.990129 44.755571 46.592642 48.493202 32.224162 33.979361 35.828767 37.758540 39.756978 41.814237 43.922054 54.162222 55.783408 57.471160 59.219786 61.024053 62.879172 64.780773 48.444190 50.250194 52.117440 54.039581 56.010966 58.026576 60.081960 5.236344 5.080000 5.236344 5.679613 1.270000 0.000000 1.270000 2.540000 
77.671005 85.644521 77.164494 85.185433 17.175868 18.190500 19.485412 21.008844 22.714861 37.517716 38.952892 40.496664 42.137097 43.863348 45.665685 47.535456 31.386863 33.089030 34.893207 36.784386 38.749831 40.778805 42.862288 53.378495 54.964121 56.619330 58.338201 60.115274 61.945538 63.824419 47.566344 49.339111 51.176575 53.072018 55.019446 57.013534 59.049554 5.679613 5.236344 5.080000 5.236344 2.540000 1.270000 0.000000 1.270000 
78.621333 86.507300 76.228525 84.338526 18.376428 19.328139 20.551495 22.001231 23.635727 36.844855 38.220944 39.711974 41.305501 42.990129 44.755571 46.592642 30.579396 32.224162 33.979361 35.828767 37.758540 39.756978 41.814237 52.613754 54.162222 55.783408 57.471160 59.219786 61.024053 62.879172 46.706535 48.444190 50.250194 52.117440 54.039581 56.010966 58.026576 6.350000 5.679613 5.236344 5.080000 3.810000 2.540000 1.270000 0.000000 
