59
# Circuit board instance
Size: large
Nodes: 59
0.000000 140.000000 140.000000 197.989899 108.335816 109.500662 110.711537 111.966946 113.265408 114.605460 115.985661 115.194109 116.290278 117.431164 118.615474 119.841923 121.109229 122.416124 65.246363 65.492559 65.835902 66.274880 66.807611 67.431870 68.145143 72.845761 73.066355 73.374266 73.768400 74.247383 74.809586 75.453148 166.945825 167.810745 168.680793 169.555889 170.710096 171.556040 172.407188 173.263464 141.465333 142.943584 144.451373 145.987785 147.551926 149.142923 150.759926 147.759235 149.175130 150.620551 152.094657 153.596621 155.125635 156.680906 35.641930 38.045778 40.466264 42.900570 45.346473 
140.000000 0.000000 197.989899 140.000000 65.095881 67.016564 68.977309 70.974796 73.006009 75.068211 77.158917 60.306778 62.375104 64.477151 66.609725 68.769988 70.955409 73.163736 75.121637 75.335568 75.634241 76.016658 76.481562 77.027460 77.652643 67.520940 67.758872 68.090788 68.515322 69.030764 69.635096 70.326027 114.689861 115.945255 117.200964 118.456977 114.028035 115.290636 116.553397 117.816315 85.055674 87.492260 89.934568 92.382145 94.834583 97.291514 99.752607 83.193864 85.683410 88.175834 90.670899 93.168392 95.668124 98.169923 107.063778 104.539881 102.016783 99.494545 96.973234 
140.000000 197.989899 0.000000 140.000000 133.064806 131.334644 129.631161 127.955424 126.308536 124.691640 123.105919 138.705718 137.046789 135.415183 133.811899 132.237967 130.694449 129.182433 149.795115 147.511233 145.235859 142.969397 140.712279 138.464962 136.227931 153.257931 151.026425 148.804811 146.593538 144.393083 142.203948 140.026663 125.423845 125.160213 124.908937 124.670093 130.392367 130.138800 129.897156 129.667500 129.594964 128.468216 127.382156 126.337832 125.336288 124.378558 123.465662 136.437553 135.367772 134.337503 133.347662 132.399156 131.492878 130.629709 132.439068 133.106126 133.818078 134.574212 135.373786 
197.989899 140.000000 140.000000 0.000000 101.030032 98.740131 96.462753 94.198807 91.949285 89.715271 87.497954 98.012760 95.650652 93.297891 90.955203 88.623387 86.303324 83.995987 154.352677 152.137229 149.932075 147.737676 145.554519 143.383117 141.224013 150.799755 148.531322 146.271816 144.021658 141.781293 139.551192 137.331856 31.843317 30.788549 29.750605 28.731308 29.370484 28.223452 27.087395 25.963754 63.378877 61.041870 58.721724 56.420520 54.140673 51.884999 49.656791 60.857483 58.419698 55.991000 53.572626 51.166040 48.772987 46.395561 166.530514 164.919211 163.331514 161.768118 160.229734 
108.335816 65.095881 133.064806 101.030032 0.000000 2.540000 5.080000 7.620000 10.160000 12.700000 15.240000 7.620000 8.032185 9.158100 10.776307 12.700000 14.810618 17.038838 53.936824 51.904469 49.918634 47.985095 46.110431 44.302117 42.568610 49.836017 47.628999 45.456767 43.324554 41.238568 39.206189 37.236194 69.624359 70.805664 71.989989 73.177188 71.660777 72.809049 73.961302 75.117351 37.841972 40.064300 42.322389 44.610809 46.925123 49.261681 51.617464 42.159182 44.164804 46.223008 48.327074 50.471269 52.650689 54.861137 73.112465 70.928909 68.769840 66.637639 64.534968 
109.500662 67.016564 131.334644 98.740131 2.540000 0.000000 2.540000 5.080000 7.620000 10.160000 12.700000 8.032185 7.620000 8.032185 9.158100 10.776307 12.700000 14.810618 56.010635 53.936824 51.904469 49.918634 47.985095 46.110431 44.302117 52.073399 49.836017 47.628999 45.456767 43.324554 41.238568 39.206189 67.271446 68.446231 69.624359 70.805664 69.376963 70.516680 71.660777 72.809049 35.662092 37.841972 40.064300 42.322389 44.610809 46.925123 49.261681 40.214010 42.159182 44.164804 46.223008 48.327074 50.471269 52.650689 74.422836 72.278877 70.161363 68.072762 66.015817 
110.711537 68.977309 129.631161 96.462753 5.080000 2.540000 0.000000 2.540000 5.080000 7.620000 10.160000 9.158100 8.032185 7.620000 8.032185 9.158100 10.776307 12.700000 58.121465 56.010635 53.936824 51.904469 49.918634 47.985095 46.110431 54.337393 52.073399 49.836017 47.628999 45.456767 43.324554 41.238568 64.932632 66.100183 67.271446 68.446231 67.111566 68.241847 69.376963 70.516680 33.532937 35.662092 37.841972 40.064300 42.322389 44.610809 46.925123 38.338489 40.214010 42.159182 44.164804 46.223008 48.327074 50.471269 75.795698 73.691691 71.615963 69.571044 67.559732 
111.966946 70.974796 127.955424 94.198807 7.620000 5.080000 2.540000 0.000000 2.540000 5.080000 7.620000 10.776307 9.158100 8.032185 7.620000 8.032185 9.158100 10.776307 60.265424 58.121465 56.010635 53.936824 51.904469 49.918634 47.985095 56.624809 54.337393 52.073399 49.836017 47.628999 45.456767 43.324554 62.609497 63.768997 64.932632 66.100183 64.866515 65.986367 67.111566 68.241847 31.464809 33.532937 35.662092 37.841972 40.064300 42.322389 44.610809 36.543344 38.338489 40.214010 42.159182 44.164804 46.223008 48.327074 77.227717 75.163806 73.129875 71.128493 69.162488 
113.265408 73.006009 126.308536 91.949285 10.160000 7.620000 5.080000 2.540000 0.000000 2.540000 5.080000 12.700000 10.776307 9.158100 8.032185 7.620000 8.032185 9.158100 62.439100 60.265424 58.121465 56.010635 53.936824 51.904469 49.918634 58.932918 56.624809 54.337393 52.073399 49.836017 47.628999 45.456767 60.303854 61.454366 62.609497 63.768997 62.643997 63.752291 64.866515 65.986367 29.470557 31.464809 33.532937 35.662092 37.841972 40.064300 42.322389 34.841004 36.543344 38.338489 40.214010 42.159182 44.164804 46.223008 78.715665 76.691808 74.699493 72.741310 70.820092 
114.605460 75.068211 124.691640 89.715271 12.700000 10.160000 7.620000 5.080000 2.540000 0.000000 2.540000 14.810618 12.700000 10.776307 9.158100 8.032185 7.620000 8.032185 64.639495 62.439100 60.265424 58.121465 56.010635 53.936824 51.904469 61.259382 58.932918 56.624809 54.337393 52.073399 49.836017 47.628999 58.017787 59.158231 60.303854 61.454366 60.446499 61.541952 62.643997 63.752291 27.566219 29.470557 31.464809 33.532937 35.662092 37.841972 40.064300 33.245725 34.841004 36.543344 38.338489 40.214010 42.159182 44.164804 80.256431 78.272423 76.321380 74.405894 72.528782 
115.985661 77.158917 123.105919 87.497954 15.240000 12.700000 10.160000 7.620000 5.080000 2.540000 0.000000 17.038838 14.810618 12.700000 10.776307 9.158100 8.032185 7.620000 66.863971 64.639495 62.439100 60.265424 58.121465 56.010635 53.936824 63.602187 61.259382 58.932918 56.624809 54.337393 52.073399 49.836017 55.753706 56.882834 58.017787 59.158231 58.276850 59.358002 60.446499 61.541952 25.771736 27.566219 29.470557 31.464809 33.532937 35.662092 37.841972 31.773640 33.245725 34.841004 36.543344 38.338489 40.214010 42.159182 81.847032 79.902530 77.992276 76.118848 74.285034 
115.194109 60.306778 138.705718 98.012760 7.620000 8.032185 9.158100 10.776307 12.700000 14.810618 17.038838 0.000000 2.540000 5.080000 7.620000 10.160000 12.700000 15.240000 58.744039 56.883698 55.077683 53.331515 51.651264 50.043569 48.515644 53.936824 51.904469 49.918634 47.985095 46.110431 44.302117 42.568610 67.177020 68.400605 69.625852 70.852675 68.724438 69.920949 71.120008 72.321490 34.680857 37.093060 39.521281 41.962737 44.415247 46.877076 49.346829 37.841972 40.064300 42.322389 44.610809 46.925123 49.261681 51.617464 79.789842 77.544741 75.318378 73.112465 70.928909 
116.290278 62.375104 137.046789 95.650652 8.032185 7.620000 8.032185 9.158100 10.776307 12.700000 14.810618 2.540000 0.000000 2.540000 5.080000 7.620000 10.160000 12.700000 60.653709 58.744039 56.883698 55.077683 53.331515 51.651264 50.043569 56.010635 53.936824 51.904469 49.918634 47.985095 46.110431 44.302117 64.735216 65.955191 67.177020 68.400605 66.339615 67.530612 68.724438 69.920949 32.288261 34.680857 37.093060 39.521281 41.962737 44.415247 46.877076 35.662092 37.841972 40.064300 42.322389 44.610809 46.925123 49.261681 80.992252 78.781425 76.591019 74.422836 72.278877 
117.431164 64.477151 135.415183 93.297891 9.158100 8.032185 7.620000 8.032185 9.158100 10.776307 12.700000 5.080000 2.540000 0.000000 2.540000 5.080000 7.620000 10.160000 62.608193 60.653709 58.744039 56.883698 55.077683 53.331515 51.651264 58.121465 56.010635 53.936824 51.904469 49.918634 47.985095 46.110431 62.301263 63.517201 64.735216 65.955191 63.966739 65.151602 66.339615 67.530612 29.919975 32.288261 34.680857 37.093060 39.521281 41.962737 44.415247 33.532937 35.662092 37.841972 40.064300 42.322389 44.610809 46.925123 82.255542 80.079599 77.925691 75.795698 73.691691 
118.615474 66.609725 133.811899 90.955203 10.776307 9.158100 8.032185 7.620000 8.032185 9.158100 10.776307 7.620000 5.080000 2.540000 0.000000 2.540000 5.080000 7.620000 64.603425 62.608193 60.653709 58.744039 56.883698 55.077683 53.331515 60.265424 58.121465 56.010635 53.936824 51.904469 49.918634 47.985095 59.876121 61.087525 62.301263 63.517201 61.607193 62.785206 63.966739 65.151602 27.582263 29.919975 32.288261 34.680857 37.093060 39.521281 41.962737 31.464809 33.532937 35.662092 37.841972 40.064300 42.322389 44.610809 83.576950 81.436322 79.319265 77.227717 75.163806 
119.841923 68.769988 132.237967 88.623387 12.700000 10.776307 9.158100 8.032185 7.620000 8.032185 9.158100 10.160000 7.620000 5.080000 2.540000 0.000000 2.540000 5.080000 66.635744 64.603425 62.608193 60.653709 58.744039 56.883698 55.077683 62.439100 60.265424 58.121465 56.010635 53.936824 51.904469 49.918634 57.460904 58.667195 59.876121 61.087525 59.262567 60.432906 61.607193 62.785206 25.283606 27.582263 29.919975 32.288261 34.680857 37.093060 39.521281 29.470557 31.464809 33.532937 35.662092 37.841972 40.064300 42.322389 84.953765 82.848719 80.768691 78.715665 76.691808 
121.109229 70.955409 130.694449 86.303324 14.810618 12.700000 10.776307 9.158100 8.032185 7.620000 8.032185 12.700000 10.160000 7.620000 5.080000 2.540000 0.000000 2.540000 68.701859 66.635744 64.603425 62.608193 60.653709 58.744039 56.883698 64.639495 62.439100 60.265424 58.121465 56.010635 53.936824 51.904469 55.056919 56.257417 57.460904 58.667195 56.934705 58.096414 59.262567 60.432906 23.035699 25.283606 27.582263 29.919975 32.288261 34.680857 37.093060 27.566219 29.470557 31.464809 33.532937 35.662092 37.841972 40.064300 86.383338 84.313991 82.271017 80.256431 78.272423 
122.416124 73.163736 129.182433 83.995987 17.038838 14.810618 12.700000 10.776307 9.158100 8.032185 7.620000 15.240000 12.700000 10.160000 7.620000 5.080000 2.540000 0.000000 70.798812 68.701859 66.635744 64.603425 62.608193 60.653709 58.744039 66.863971 64.639495 62.439100 60.265424 58.121465 56.010635 53.936824 52.665704 53.859609 55.056919 56.257417 54.625752 55.777718 56.934705 58.096414 20.854960 23.035699 25.283606 27.582263 29.919975 32.288261 34.680857 25.771736 27.566219 29.470557 31.464809 33.532937 35.662092 37.841972 87.863093 85.829430 83.823400 81.847032 79.902530 
65.246363 75.121637 149.795115 154.352677 53.936824 56.010635 58.121465 60.265424 62.439100 64.639495 66.863971 58.744039 60.653709 62.608193 64.603425 66.635744 68.701859 70.798812 0.000000 2.540000 5.080000 7.620000 10.160000 12.700000 15.240000 7.620000 8.032185 9.158100 10.776307 12.700000 14.810618 17.038838 122.614762 123.737827 124.863708 125.992330 125.078002 126.179145 127.283433 128.390786 91.650358 93.778890 95.927448 98.094718 100.279485 102.480632 104.697124 96.066575 98.099331 100.155249 102.232931 104.331078 106.448478 108.584006 32.183048 29.705753 27.240010 24.789266 22.358455 
65.492559 75.335568 147.511233 152.137229 51.904469 53.936824 56.010635 58.121465 60.265424 62.439100 64.639495 56.883698 58.744039 60.653709 62.608193 64.603425 66.635744 68.701859 2.540000 0.000000 2.540000 5.080000 7.620000 10.160000 12.700000 8.032185 7.620000 8.032185 9.158100 10.776307 12.700000 14.810618 120.377395 121.494591 122.614762 123.737827 122.885491 123.980089 125.078002 126.179145 89.543282 91.650358 93.778890 95.927448 98.094718 100.279485 102.480632 94.058482 96.066575 98.099331 100.155249 102.232931 104.331078 106.448478 31.741391 29.226685 26.716764 24.213118 21.717916 
65.835902 75.634241 145.235859 149.932075 49.918634 51.904469 53.936824 56.010635 58.121465 60.265424 62.439100 55.077683 56.883698 58.744039 60.653709 62.608193 64.603425 66.635744 5.080000 2.540000 0.000000 2.540000 5.080000 7.620000 10.160000 9.158100 8.032185 7.620000 8.032185 9.158100 10.776307 12.700000 118.152265 119.263258 120.377395 121.494591 120.706605 121.794299 122.885491 123.980089 87.459213 89.543282 91.650358 93.778890 95.927448 98.094718 100.279485 92.076666 94.058482 96.066575 98.099331 100.155249 102.232931 104.331078 31.498992 28.963247 26.428319 23.894469 21.362080 
66.274880 76.016658 142.969397 147.737676 47.985095 49.918634 51.904469 53.936824 56.010635 58.121465 60.265424 53.331515 55.077683 56.883698 58.744039 60.653709 62.608193 64.603425 7.620000 5.080000 2.540000 0.000000 2.540000 5.080000 7.620000 10.776307 9.158100 8.032185 7.620000 8.032185 9.158100 10.776307 115.940078 117.044508 118.152265 119.263258 118.542095 119.622504 120.706605 121.794299 85.399833 87.459213 89.543282 91.650358 93.778890 95.927448 98.094718 90.122861 92.076666 94.058482 96.066575 98.099331 100.155249 102.232931 31.460455 28.921332 26.382377 23.843645 21.305216 
66.807611 76.481562 140.712279 145.554519 46.110431 47.985095 49.918634 51.904469 53.936824 56.010635 58.121465 51.651264 53.331515 55.077683 56.883698 58.744039 60.653709 62.608193 10.160000 7.620000 5.080000 2.540000 0.000000 2.540000 5.080000 12.700000 10.776307 9.158100 8.032185 7.620000 8.032185 9.158100 113.741587 114.839071 115.940078 117.044508 116.392763 117.465480 118.542095 119.622504 83.366974 85.399833 87.459213 89.543282 91.650358 93.778890 95.927448 88.198928 90.122861 92.076666 94.058482 96.066575 98.099331 100.155249 31.626527 29.101897 26.580196 24.062344 21.549691 
67.431870 77.027460 138.464962 143.383117 44.302117 46.110431 47.985095 49.918634 51.904469 53.936824 56.010635 50.043569 51.651264 53.331515 55.077683 56.883698 58.744039 60.653709 12.700000 10.160000 7.620000 5.080000 2.540000 0.000000 2.540000 14.810618 12.700000 10.776307 9.158100 8.032185 7.620000 8.032185 111.557603 112.647729 113.741587 114.839071 114.259466 115.324054 116.392763 117.465480 81.362623 83.366974 85.399833 87.459213 89.543282 91.650358 93.778890 86.306865 88.198928 90.122861 92.076666 94.058482 96.066575 98.099331 31.994021 29.500857 27.016420 24.543361 22.085501 
68.145143 77.652643 136.227931 141.224013 42.568610 44.302117 46.110431 47.985095 49.918634 51.904469 53.936824 48.515644 50.043569 51.651264 53.331515 55.077683 56.883698 58.744039 15.240000 12.700000 10.160000 7.620000 5.080000 2.540000 0.000000 17.038838 14.810618 12.700000 10.776307 9.158100 8.032185 7.620000 109.388995 110.471320 111.557603 112.647729 112.143118 113.199113 114.259466 115.324054 79.388939 81.362623 83.366974 85.399833 87.459213 89.543282 91.650358 84.448814 86.306865 88.198928 90.122861 92.076666 94.058482 96.066575 32.556117 30.109533 27.679782 25.271722 22.892198 
72.845761 67.520940 153.257931 150.799755 49.836017 52.073399 54.337393 56.624809 58.932918 61.259382 63.602187 53.936824 56.010635 58.121465 60.265424 62.439100 64.639495 66.863971 7.620000 8.032185 9.158100 10.776307 12.700000 14.810618 17.038838 0.000000 2.540000 5.080000 7.620000 10.160000 12.700000 15.240000 119.230716 120.385355 121.542295 122.701472 121.444108 122.577899 123.714337 124.853349 87.675073 89.897777 92.136884 94.391227 96.659740 98.941448 101.235459 91.650358 93.778890 95.927448 98.094718 100.279485 102.480632 104.697124 39.662554 37.163043 34.669418 32.183048 29.705753 
73.066355 67.758872 151.026425 148.531322 47.628999 49.836017 52.073399 54.337393 56.624809 58.932918 61.259382 51.904469 53.936824 56.010635 58.121465 60.265424 62.439100 64.639495 8.032185 7.620000 8.032185 9.158100 10.776307 12.700000 14.810618 2.540000 0.000000 2.540000 5.080000 7.620000 10.160000 12.700000 116.928615 118.078446 119.230716 120.385355 119.184767 120.313038 121.444108 122.577899 85.470051 87.675073 89.897777 92.136884 94.391227 96.659740 98.941448 89.543282 91.650358 93.778890 95.927448 98.094718 100.279485 102.480632 39.305032 36.781234 34.259830 31.741391 29.226685 
73.374266 68.090788 148.804811 146.271816 45.456767 47.628999 49.836017 52.073399 54.337393 56.624809 58.932918 49.918634 51.904469 53.936824 56.010635 58.121465 60.265424 62.439100 9.158100 8.032185 7.620000 8.032185 9.158100 10.776307 12.700000 5.080000 2.540000 0.000000 2.540000 5.080000 7.620000 10.160000 114.636563 115.781296 116.928615 118.078446 116.936946 118.059375 119.184767 120.313038 83.284117 85.470051 87.675073 89.897777 92.136884 94.391227 96.659740 87.459213 89.543282 91.650358 93.778890 95.927448 98.094718 100.279485 39.109540 36.572253 34.035371 31.498992 28.963247 
73.768400 68.515322 146.593538 144.021658 43.324554 45.456767 47.628999 49.836017 52.073399 54.337393 56.624809 47.985095 49.918634 51.904469 53.936824 56.010635 58.121465 60.265424 10.776307 9.158100 8.032185 7.620000 8.032185 9.158100 10.776307 7.620000 5.080000 2.540000 0.000000 2.540000 5.080000 7.620000 112.355176 113.494496 114.636563 115.781296 114.701321 115.817564 116.936946 118.059375 81.118812 83.284117 85.470051 87.675073 89.897777 92.136884 94.391227 85.399833 87.459213 89.543282 91.650358 93.778890 95.927448 98.094718 39.078509 36.539068 33.999710 31.460455 28.921332 
74.247383 69.030764 144.393083 141.781293 41.238568 43.324554 45.456767 47.628999 49.836017 52.073399 54.337393 46.110431 47.985095 49.918634 51.904469 53.936824 56.010635 58.121465 12.700000 10.776307 9.158100 8.032185 7.620000 8.032185 9.158100 10.160000 7.620000 5.080000 2.540000 0.000000 2.540000 5.080000 110.085115 111.218686 112.355176 113.494496 112.478620 113.588308 114.701321 115.817564 78.975835 81.118812 83.284117 85.470051 87.675073 89.897777 92.136884 83.366974 85.399833 87.459213 89.543282 91.650358 93.778890 95.927448 39.212331 36.682154 34.153437 31.626527 29.101897 
74.809586 69.635096 142.203948 139.551192 39.206189 41.238568 43.324554 45.456767 47.628999 49.836017 52.073399 44.302117 46.110431 47.985095 49.918634 51.904469 53.936824 56.010635 14.810618 12.700000 10.776307 9.158100 8.032185 7.620000 8.032185 12.700000 10.160000 7.620000 5.080000 2.540000 0.000000 2.540000 107.827096 108.954553 110.085115 111.218686 110.269625 111.372358 112.478620 113.588308 76.857053 78.975835 81.118812 83.284117 85.470051 87.675073 89.897777 81.362623 83.366974 85.399833 87.459213 89.543282 91.650358 93.778890 39.509328 36.999468 34.494020 31.994021 29.500857 
75.453148 70.326027 140.026663 137.331856 37.236194 39.206189 41.238568 43.324554 45.456767 47.628999 49.836017 42.568610 44.302117 46.110431 47.985095 49.918634 51.904469 53.936824 17.038838 14.810618 12.700000 10.776307 9.158100 8.032185 7.620000 15.240000 12.700000 10.160000 7.620000 5.080000 2.540000 0.000000 105.581892 106.702842 107.827096 108.954553 108.075175 109.170527 110.269625 111.372358 74.764523 76.857053 78.975835 81.118812 83.284117 85.470051 87.675073 79.388939 81.362623 83.366974 85.399833 87.459213 89.543282 91.650358 39.965866 37.486584 35.016007 32.556117 30.109533 
166.945825 114.689861 125.423845 31.843317 69.624359 67.271446 64.932632 62.609497 60.303854 58.017787 55.753706 67.177020 64.735216 62.301263 59.876121 57.460904 55.056919 52.665704 122.614762 120.377395 118.152265 115.940078 113.741587 111.557603 109.388995 119.230716 116.928615 114.636563 112.355176 110.085115 107.827096 105.581892 0.000000 1.270000 2.540000 3.810000 5.080000 5.236344 5.679613 6.350000 32.608867 30.131643 27.665806 25.214698 22.783071 20.377901 18.009791 31.872500 29.333155 26.793934 24.254877 21.716040 19.177511 16.639430 134.940553 133.279690 131.646884 130.043191 128.469701 
167.810745 115.945255 125.160213 30.788549 70.805664 68.446231 66.100183 63.768997 61.454366 59.158231 56.882834 68.400605 65.955191 63.517201 61.087525 58.667195 56.257417 53.859609 123.737827 121.494591 119.263258 117.044508 114.839071 112.647729 110.471320 120.385355 118.078446 115.781296 113.494496 111.218686 108.954553 106.702842 1.270000 0.000000 1.270000 2.540000 5.236344 5.080000 5.236344 5.679613 33.850968 31.369000 28.897119 26.438154 23.996078 21.576623 19.188351 33.142210 30.602814 28.063527 25.524382 22.985426 20.446729 17.908402 135.898052 134.249036 132.628164 131.036481 129.475063 
168.680793 117.200964 124.908937 29.750605 71.989989 69.624359 67.271446 64.932632 62.609497 60.303854 58.017787 69.625852 67.177020 64.735216 62.301263 59.876121 57.460904 55.056919 124.863708 122.614762 120.377395 118.152265 115.940078 113.741587 111.557603 121.542295 119.230716 116.928615 114.636563 112.355176 110.085115 107.827096 2.540000 1.270000 0.000000 1.270000 5.679613 5.236344 5.080000 5.236344 35.095066 32.608867 30.131643 27.665806 25.214698 22.783071 20.377901 34.411942 31.872500 29.333155 26.793934 24.254877 21.716040 19.177511 136.860638 135.223361 133.614309 132.034514 130.485040 
169.555889 118.456977 124.670093 28.731308 73.177188 70.805664 68.446231 66.100183 63.768997 61.454366 59.158231 70.852675 68.400605 65.955191 63.517201 61.087525 58.667195 56.257417 125.992330 123.737827 121.494591 119.263258 117.044508 114.839071 112.647729 122.701472 120.385355 118.078446 115.781296 113.494496 111.218686 108.954553 3.810000 2.540000 1.270000 0.000000 6.350000 5.679613 5.236344 5.080000 36.340956 33.850968 31.369000 28.897119 26.438154 23.996078 21.576623 35.681692 33.142210 30.602814 28.063527 25.524382 22.985426 20.446729 137.828204 136.202558 134.605212 133.037185 131.499525 
170.710096 114.028035 130.392367 29.370484 71.660777 69.376963 67.111566 64.866515 62.643997 60.446499 58.276850 68.724438 66.339615 63.966739 61.607193 59.262567 56.934705 54.625752 125.078002 122.885491 120.706605 118.542095 116.392763 114.259466 112.143118 121.444108 119.184767 116.936946 114.701321 112.478620 110.269625 108.075175 5.080000 5.236344 5.679613 6.350000 0.000000 1.270000 2.540000 3.810000 34.051561 31.687324 29.352469 27.054604 24.804010 22.614806 20.506662 32.165318 29.651061 27.141598 24.638394 22.143572 19.660324 17.193663 138.342388 136.628449 134.940553 133.279690 131.646884 
171.556040 115.290636 130.138800 28.223452 72.809049 70.516680 68.241847 65.986367 63.752291 61.541952 59.358002 69.920949 67.530612 65.151602 62.785206 60.432906 58.096414 55.777718 126.179145 123.980089 121.794299 119.622504 117.465480 115.324054 113.199113 122.577899 120.313038 118.059375 115.817564 113.588308 111.372358 109.170527 5.236344 5.080000 5.236344 5.679613 1.270000 0.000000 1.270000 2.540000 35.242852 32.866164 30.515801 28.198344 25.922623 23.700660 21.549093 33.423906 30.907663 28.395651 25.889100 23.389768 20.900243 18.424502 139.276503 137.574201 135.898052 134.249036 132.628164 
172.407188 116.553397 129.897156 27.087395 73.961302 71.660777 69.376963 67.111566 64.866515 62.643997 60.446499 71.120008 68.724438 66.339615 63.966739 61.607193 59.262567 56.934705 127.283433 125.078002 122.885491 120.706605 118.542095 116.392763 114.259466 123.714337 121.444108 119.184767 116.936946 114.701321 112.478620 110.269625 5.679613 5.236344 5.080000 5.236344 2.540000 1.270000 0.000000 1.270000 36.439460 34.051561 31.687324 29.352469 27.054604 24.804010 22.614806 34.683327 32.165318 29.651061 27.141598 24.638394 22.143572 19.660324 140.215898 138.525140 136.860638 135.223361 133.614309 
173.263464 117.816315 129.667500 25.963754 75.117351 72.809049 70.516680 68.241847 65.986367 63.752291 61.541952 72.321490 69.920949 67.530612 65.151602 62.785206 60.432906 58.096414 128.390786 126.179145 123.980089 121.794299 119.622504 117.465480 115.324054 124.853349 122.577899 120.313038 118.059375 115.817564 113.588308 111.372358 6.350000 5.679613 5.236344 5.080000 3.810000 2.540000 1.270000 0.000000 37.640878 35.242852 32.866164 30.515801 28.198344 25.922623 23.700660 35.943492 33.423906 30.907663 28.395651 25.889100 23.389768 20.900243 141.160467 139.481160 137.828204 136.202558 134.605212 
141.465333 85.055674 129.594964 63.378877 37.841972 35.662092 33.532937 31.464809 29.470557 27.566219 25.771736 34.680857 32.288261 29.919975 27.582263 25.283606 23.035699 20.854960 91.650358 89.543282 87.459213 85.399833 83.366974 81.362623 79.388939 87.675073 85.470051 83.284117 81.118812 78.975835 76.857053 74.764523 32.608867 33.850968 35.095066 36.340956 34.051561 35.242852 36.439460 37.640878 0.000000 2.540000 5.080000 7.620000 10.160000 12.700000 15.240000 7.620000 8.032185 9.158100 10.776307 12.700000 14.810618 17.038838 107.581857 105.657754 103.760153 101.890534 100.050465 
142.943584 87.492260 128.468216 61.041870 40.064300 37.841972 35.662092 33.532937 31.464809 29.470557 27.566219 37.093060 34.680857 32.288261 29.919975 27.582263 25.283606 23.035699 93.778890 91.650358 89.543282 87.459213 85.399833 83.366974 81.362623 89.897777 87.675073 85.470051 83.284117 81.118812 78.975835 76.857053 30.131643 31.369000 32.608867 33.850968 31.687324 32.866164 34.051561 35.242852 2.540000 0.000000 2.540000 5.080000 7.620000 10.160000 12.700000 8.032185 7.620000 8.032185 9.158100 10.776307 12.700000 14.810618 109.242224 107.347886 105.480695 103.642118 101.833704 
144.451373 89.934568 127.382156 58.721724 42.322389 40.064300 37.841972 35.662092 33.532937 31.464809 29.470557 39.521281 37.093060 34.680857 32.288261 29.919975 27.582263 25.283606 95.927448 93.778890 91.650358 89.543282 87.459213 85.399833 83.366974 92.136884 89.897777 87.675073 85.470051 83.284117 81.118812 78.975835 27.665806 28.897119 30.131643 31.369000 29.352469 30.515801 31.687324 32.866164 5.080000 2.540000 0.000000 2.540000 5.080000 7.620000 10.160000 9.158100 8.032185 7.620000 8.032185 9.158100 10.776307 12.700000 110.935903 109.070984 107.233800 105.425801 103.648513 
145.987785 92.382145 126.337832 56.420520 44.610809 42.322389 40.064300 37.841972 35.662092 33.532937 31.464809 41.962737 39.521281 37.093060 34.680857 32.288261 29.919975 27.582263 98.094718 95.927448 93.778890 91.650358 89.543282 87.459213 85.399833 94.391227 92.136884 89.897777 87.675073 85.470051 83.284117 81.118812 25.214698 26.438154 27.665806 28.897119 27.054604 28.198344 29.352469 30.515801 7.620000 5.080000 2.540000 0.000000 2.540000 5.080000 7.620000 10.776307 9.158100 8.032185 7.620000 8.032185 9.158100 10.776307 112.661389 110.825510 109.017898 107.239981 105.493262 
147.551926 94.834583 125.336288 54.140673 46.925123 44.610809 42.322389 40.064300 37.841972 35.662092 33.532937 44.415247 41.962737 39.521281 37.093060 34.680857 32.288261 29.919975 100.279485 98.094718 95.927448 93.778890 91.650358 89.543282 87.459213 96.659740 94.391227 92.136884 89.897777 87.675073 85.470051 83.284117 22.783071 23.996078 25.214698 26.438154 24.804010 25.922623 27.054604 28.198344 10.160000 7.620000 5.080000 2.540000 0.000000 2.540000 5.080000 12.700000 10.776307 9.158100 8.032185 7.620000 8.032185 9.158100 114.417245 112.609995 110.831491 109.083138 107.366408 
149.142923 97.291514 124.378558 51.884999 49.261681 46.925123 44.610809 42.322389 40.064300 37.841972 35.662092 46.877076 44.415247 41.962737 39.521281 37.093060 34.680857 32.288261 102.480632 100.279485 98.094718 95.927448 93.778890 91.650358 89.543282 98.941448 96.659740 94.391227 92.136884 89.897777 87.675073 85.470051 20.377901 21.576623 22.783071 23.996078 22.614806 23.700660 24.804010 25.922623 12.700000 10.160000 7.620000 5.080000 2.540000 0.000000 2.540000 14.810618 12.700000 10.776307 9.158100 8.032185 7.620000 8.032185 116.202093 114.423038 112.673155 110.953826 109.266491 
150.759926 99.752607 123.465662 49.656791 51.617464 49.261681 46.925123 44.610809 42.322389 40.064300 37.841972 49.346829 46.877076 44.415247 41.962737 39.521281 37.093060 34.680857 104.697124 102.480632 100.279485 98.094718 95.927448 93.778890 91.650358 101.235459 98.941448 96.659740 94.391227 92.136884 89.897777 87.675073 18.009791 19.188351 20.377901 21.576623 20.506662 21.549093 22.614806 23.700660 15.240000 12.700000 10.160000 7.620000 5.080000 2.540000 0.000000 17.038838 14.810618 12.700000 10.776307 9.158100 8.032185 7.620000 118.014618 116.263302 114.541537 112.850676 111.192130 
147.759235 83.193864 136.437553 60.857483 42.159182 40.214010 38.338489 36.543344 34.841004 33.245725 31.773640 37.841972 35.662092 33.532937 31.464809 29.470557 27.566219 25.771736 96.066575 94.058482 92.076666 90.122861 88.198928 86.306865 84.448814 91.650358 89.543282 87.459213 85.399833 83.366974 81.362623 79.388939 31.872500 33.142210 34.411942 35.681692 32.165318 33.423906 34.683327 35.943492 7.620000 8.032185 9.158100 10.776307 12.700000 14.810618 17.038838 0.000000 2.540000 5.080000 7.620000 10.160000 12.700000 15.240000 113.499602 111.504059 109.531064 107.581857 105.657754 
149.175130 85.683410 135.367772 58.419698 44.164804 42.159182 40.214010 38.338489 36.543344 34.841004 33.245725 40.064300 37.841972 35.662092 33.532937 31.464809 29.470557 27.566219 98.099331 96.066575 94.058482 92.076666 90.122861 88.198928 86.306865 93.778890 91.650358 89.543282 87.459213 85.399833 83.366974 81.362623 29.333155 30.602814 31.872500 33.142210 29.651061 30.907663 32.165318 33.423906 8.032185 7.620000 8.032185 9.158100 10.776307 12.700000 14.810618 2.540000 0.000000 2.540000 5.080000 7.620000 10.160000 12.700000 115.074617 113.106865 111.162321 109.242224 107.347886 
150.620551 88.175834 134.337503 55.991000 46.223008 44.164804 42.159182 40.214010 38.338489 36.543344 34.841004 42.322389 40.064300 37.841972 35.662092 33.532937 31.464809 29.470557 100.155249 98.099331 96.066575 94.058482 92.076666 90.122861 88.198928 95.927448 93.778890 91.650358 89.543282 87.459213 85.399833 83.366974 26.793934 28.063527 29.333155 30.602814 27.141598 28.395651 29.651061 30.907663 9.158100 8.032185 7.620000 8.032185 9.158100 10.776307 12.700000 5.080000 2.540000 0.000000 2.540000 5.080000 7.620000 10.160000 116.683668 114.743513 112.827180 110.935903 109.070984 
152.094657 90.670899 133.347662 53.572626 48.327074 46.223008 44.164804 42.159182 40.214010 38.338489 36.543344 44.610809 42.322389 40.064300 37.841972 35.662092 33.532937 31.464809 102.232931 100.155249 98.099331 96.066575 94.058482 92.076666 90.122861 98.094718 95.927448 93.778890 91.650358 89.543282 87.459213 85.399833 24.254877 25.524382 26.793934 28.063527 24.638394 25.889100 27.141598 28.395651 10.776307 9.158100 8.032185 7.620000 8.032185 9.158100 10.776307 7.620000 5.080000 2.540000 0.000000 2.540000 5.080000 7.620000 118.325367 116.412576 114.524175 112.661389 110.825510 
153.596621 93.168392 132.399156 51.166040 50.471269 48.327074 46.223008 44.164804 42.159182 40.214010 38.338489 46.925123 44.610809 42.322389 40.064300 37.841972 35.662092 33.532937 104.331078 102.232931 100.155249 98.099331 96.066575 94.058482 92.076666 100.279485 98.094718 95.927448 93.778890 91.650358 89.543282 87.459213 21.716040 22.985426 24.254877 25.524382 22.143572 23.389768 24.638394 25.889100 12.700000 10.776307 9.158100 8.032185 7.620000 8.032185 9.158100 10.160000 7.620000 5.080000 2.540000 0.000000 2.540000 5.080000 119.998374 118.112680 116.251899 114.417245 112.609995 
155.125635 95.668124 131.492878 48.772987 52.650689 50.471269 48.327074 46.223008 44.164804 42.159182 40.214010 49.261681 46.925123 44.610809 42.322389 40.064300 37.841972 35.662092 106.448478 104.331078 102.232931 100.155249 98.099331 96.066575 94.058482 102.480632 100.279485 98.094718 95.927448 93.778890 91.650358 89.543282 19.177511 20.446729 21.716040 22.985426 19.660324 20.900243 22.143572 23.389768 14.810618 12.700000 10.776307 9.158100 8.032185 7.620000 8.032185 12.700000 10.160000 7.620000 5.080000 2.540000 0.000000 2.540000 121.701398 119.842504 118.009002 116.202093 114.423038 
156.680906 98.169923 130.629709 46.395561 54.861137 52.650689 50.471269 48.327074 46.223008 44.164804 42.159182 51.617464 49.261681 46.925123 44.610809 42.322389 40.064300 37.841972 108.584006 106.448478 104.331078 102.232931 100.155249 98.099331 96.066575 104.697124 102.480632 100.279485 98.094718 95.927448 93.778890 91.650358 16.639430 17.908402 19.177511 20.446729 17.193663 18.424502 19.660324 20.900243 17.038838 14.810618 12.700000 10.776307 9.158100 8.032185 7.620000 15.240000 12.700000 10.160000 7.620000 5.080000 2.540000 0.000000 123.433196 121.600779 119.794191 118.014618 116.263302 
35.641930 107.063778 132.439068 166.530514 73.112465 74.422836 75.795698 77.227717 78.715665 80.256431 81.847032 79.789842 80.992252 82.255542 83.576950 84.953765 86.383338 87.863093 32.183048 31.741391 31.498992 31.460455 31.626527 31.994021 32.556117 39.662554 39.305032 39.109540 39.078509 39.212331 39.509328 39.965866 134.940553 135.898052 136.860638 137.828204 138.342388 139.276503 140.215898 141.160467 107.581857 109.242224 110.935903 112.661389 114.417245 116.202093 118.014618 113.499602 115.074617 116.683668 118.325367 119.998374 121.701398 123.433196 0.000000 2.540000 5.080000 7.620000 10.160000 
38.045778 104.539881 133.106126 164.919211 70.928909 72.278877 73.691691 75.163806 76.691808 78.272423 79.902530 77.544741 78.781425 80.079599 81.436322 82.848719 84.313991 85.829430 29.705753 29.226685 28.963247 28.921332 29.101897 29.500857 30.109533 37.163043 36.781234 36.572253 36.539068 36.682154 36.999468 37.486584 133.279690 134.249036 135.223361 136.202558 136.628449 137.574201 138.525140 139.481160 105.657754 107.347886 109.070984 110.825510 112.609995 114.423038 116.263302 111.504059 113.106865 114.743513 116.412576 118.112680 119.842504 121.600779 2.540000 0.000000 2.540000 5.080000 7.620000 
40.466264 102.016783 133.818078 163.331514 68.769840 70.161363 71.615963 73.129875 74.699493 76.321380 77.992276 75.318378 76.591019 77.925691 79.319265 80.768691 82.271017 83.823400 27.240010 26.716764 26.428319 26.382377 26.580196 27.016420 27.679782 34.669418 34.259830 34.035371 33.999710 34.153437 34.494020 35.016007 131.646884 132.628164 133.614309 134.605212 134.940553 135.898052 136.860638 137.828204 103.760153 105.480695 107.233800 109.017898 110.831491 112.673155 114.541537 109.531064 111.162321 112.827180 114.524175 116.251899 118.009002 119.794191 5.080000 2.540000 0.000000 2.540000 5.080000 
42.900570 99.494545 134.574212 161.768118 66.637639 68.072762 69.571044 71.128493 72.741310 74.405894 76.118848 73.112465 74.422836 75.795698 77.227717 78.715665 80.256431 81.847032 24.789266 24.213118 23.894469 23.843645 24.062344 24.543361 25.271722 32.183048 31.741391 31.498992 31.460455 31.626527 31.994021 32.556117 130.043191 131.036481 132.034514 133.037185 133.279690 134.249036 135.223361 136.202558 101.890534 103.642118 105.425801 107.239981 109.083138 110.953826 112.850676 107.581857 109.242224 110.935903 112.661389 114.417245 116.202093 118.014618 7.620000 5.080000 2.540000 0.000000 2.540000 
45.346473 96.973234 135.373786 160.229734 64.534968 66.015817 67.559732 69.162488 70.820092 72.528782 74.285034 70.928909 72.278877 73.691691 75.163806 76.691808 78.272423 79.902530 22.358455 21.717916 21.362080 21.305216 21.549691 22.085501 22.892198 29.705753 29.226685 28.963247 28.921332 29.101897 29.500857 30.109533 128.469701 129.475063 130.485040 131.499525 131.646884 132.628164 133.614309 134.605212 100.050465 101.833704 103.648513 105.493262 107.366408 109.266491 111.192130 105.657754 107.347886 109.070984 110.825510 112.609995 114.423038 116.263302 10.160000 7.620000 5.080000 2.540000 0.000000 
