36
# Circuit board instance
Size: large
Nodes: 36
0.000000 115.000000 115.000000 162.634560 89.097432 91.032958 92.997579 94.989490 97.007009 107.108309 107.184039 107.274752 107.380410 112.181304 112.253613 112.340232 112.441131 96.306013 98.010401 99.750350 101.524032 103.329710 105.165737 107.030550 102.130618 103.739354 105.384758 107.065139 108.778877 110.524419 112.300283 89.150604 91.560298 93.976856 96.399761 98.828547 
115.000000 0.000000 162.634560 115.000000 75.301082 73.720418 72.194530 70.726965 69.321427 9.892137 10.680957 11.555826 12.498687 6.473769 7.624837 8.808655 10.013614 77.024324 79.145037 81.289793 83.456739 85.644190 87.850615 90.074619 73.047665 75.280488 77.532222 79.801267 82.086188 84.385695 86.698627 41.824742 40.007088 38.271770 36.630490 35.096446 
115.000000 162.634560 0.000000 115.000000 88.037326 89.995654 91.982433 93.995858 96.034254 152.884706 151.979807 151.080164 150.185872 156.480633 155.596649 154.718038 153.844894 88.301227 86.856762 85.463388 84.123644 82.840132 81.615505 80.452453 94.619880 93.273319 91.977202 90.733690 89.544974 88.413266 87.340781 120.841496 122.630034 124.444712 126.284405 128.148034 
162.634560 115.000000 115.000000 0.000000 74.043712 72.435615 70.882074 69.386756 67.953503 109.541763 108.275234 107.008788 105.742426 109.286107 108.016580 106.747065 105.477561 66.745823 64.822799 62.943537 61.112075 59.332839 57.610667 55.950830 62.114570 60.043403 58.009515 56.016968 54.070331 52.174744 50.335975 91.674129 90.859254 90.108631 89.423877 88.806517 
89.097432 75.301082 88.037326 74.043712 0.000000 2.540000 5.080000 7.620000 10.160000 65.805366 64.795455 63.794839 62.803963 68.981234 68.018493 67.065982 66.124142 7.297975 9.391663 11.664022 14.028496 16.445400 18.894626 21.365059 13.508855 14.745577 16.287361 18.056230 19.991996 22.050751 24.201126 34.309181 35.642427 37.101866 38.673214 40.343398 
91.032958 73.720418 89.995654 72.435615 2.540000 0.000000 2.540000 5.080000 7.620000 64.309166 63.275378 62.250333 61.234470 67.364136 66.377945 65.401545 64.435381 5.999217 8.422202 10.898604 13.398838 15.911673 18.431957 20.957002 11.247654 12.706400 14.467159 16.433137 18.539160 20.742617 23.015539 33.117374 34.309181 35.642427 37.101866 38.673214 
92.997579 72.194530 91.982433 70.882074 5.080000 2.540000 0.000000 2.540000 5.080000 62.880001 61.822320 60.772772 59.731784 65.805366 64.795455 63.794839 62.803963 5.623518 8.158851 10.696398 13.234886 15.773862 18.313121 20.852561 9.134193 10.880090 12.892729 15.065581 17.338519 19.676888 22.059891 32.082771 33.117374 34.309181 35.642427 37.101866 
94.989490 70.726965 93.995858 69.386756 7.620000 5.080000 2.540000 0.000000 2.540000 61.522545 60.441114 59.367152 58.301072 64.309166 63.275378 62.250333 61.234470 6.337233 8.666222 11.088259 13.553552 16.042172 18.544728 21.056254 7.297975 9.391663 11.664022 14.028496 16.445400 18.894626 21.365059 31.221005 32.082771 33.117374 34.309181 35.642427 
97.007009 69.321427 96.034254 67.953503 10.160000 7.620000 5.080000 2.540000 0.000000 60.241644 59.136794 58.038702 56.947758 62.880001 61.822320 60.772772 59.731784 7.848584 9.825638 12.016208 14.322658 16.697036 19.114045 21.559351 5.999217 8.422202 10.898604 13.398838 15.911673 18.431957 20.957002 30.546707 31.221005 32.082771 33.117374 34.309181 
107.108309 9.892137 152.884706 109.541763 65.805366 64.309166 62.880001 61.522545 60.241644 0.000000 1.270000 2.540000 3.810000 5.080000 5.236344 5.679613 6.350000 67.848665 70.038565 72.251388 74.485091 76.737850 79.008036 81.294188 64.259497 66.567576 68.891979 71.231106 73.583553 75.948084 78.323602 32.043503 30.313688 28.704642 27.237777 25.937227 
107.184039 10.680957 151.979807 108.275234 64.795455 63.275378 61.822320 60.441114 59.136794 1.270000 0.000000 1.270000 2.540000 5.236344 5.080000 5.236344 5.679613 66.763017 68.940613 71.142245 73.365749 75.609195 77.870860 80.149202 63.112138 65.411388 67.727842 70.059794 72.405745 74.764380 77.134533 31.152160 29.369894 27.706092 26.183344 24.827620 
107.274752 11.555826 151.080164 107.008788 63.794839 62.250333 60.772772 59.367152 58.038702 2.540000 1.270000 0.000000 1.270000 5.679613 5.236344 5.080000 5.236344 65.683980 67.848665 70.038565 72.251388 74.485091 76.737850 79.008036 61.969564 64.259497 66.567576 68.891979 71.231106 73.583553 75.948084 30.287850 28.451494 26.730588 25.148844 23.734101 
107.380410 12.498687 150.185872 105.742426 62.803963 61.234470 59.731784 58.301072 56.947758 3.810000 2.540000 1.270000 0.000000 6.350000 5.679613 5.236344 5.080000 64.611887 66.763017 68.940613 71.142245 73.365749 75.609195 77.870860 60.832044 63.112138 65.411388 67.727842 70.059794 72.405745 74.764380 29.452954 27.561025 25.780747 24.136838 22.658997 
112.181304 6.473769 156.480633 109.286107 68.981234 67.364136 65.805366 64.309166 62.880001 5.080000 5.236344 5.679613 6.350000 0.000000 1.270000 2.540000 3.810000 70.597896 72.705036 74.839059 76.997730 79.179033 81.381149 83.602432 66.576913 68.807301 71.058477 73.328527 75.615750 77.918636 80.235834 35.794251 33.875591 32.043503 30.313688 28.704642 
112.253613 7.624837 155.596649 108.016580 68.018493 66.377945 64.795455 63.275378 61.822320 5.236344 5.080000 5.236344 5.679613 1.270000 0.000000 1.270000 2.540000 69.555172 71.647956 73.768832 75.915444 78.085670 80.277596 82.489491 65.470179 67.689379 69.930415 72.191253 74.470090 76.765323 79.075524 34.998563 33.033720 31.152160 29.369894 27.706092 
112.340232 8.808655 154.718038 106.747065 67.065982 65.401545 63.794839 62.250333 60.772772 5.679613 5.236344 5.080000 5.236344 2.540000 1.270000 0.000000 1.270000 68.520120 70.597896 72.705036 74.839059 76.997730 79.179033 81.381149 64.369475 66.576913 68.807301 71.058477 73.328527 75.615750 77.918636 34.231510 32.219923 30.287850 28.451494 26.730588 
112.441131 10.013614 153.844894 105.477561 66.124142 64.435381 62.803963 61.234470 59.731784 6.350000 5.679613 5.236344 5.080000 3.810000 2.540000 1.270000 0.000000 67.493092 69.555172 71.647956 73.768832 75.915444 78.085670 80.277596 63.275113 65.470179 67.689379 69.930415 72.191253 74.470090 76.765323 33.495057 31.436381 29.452954 27.561025 25.780747 
96.306013 77.024324 88.301227 66.745823 7.297975 5.999217 5.623518 6.337233 7.848584 67.848665 66.763017 65.683980 64.611887 70.597896 69.555172 68.520120 67.493092 0.000000 2.540000 5.080000 7.620000 10.160000 12.700000 15.240000 7.620000 8.032185 9.158100 10.776307 12.700000 14.810618 17.038838 37.476638 38.393223 39.452301 40.642732 41.953336 
98.010401 79.145037 86.856762 64.822799 9.391663 8.422202 8.158851 8.666222 9.825638 70.038565 68.940613 67.848665 66.763017 72.705036 71.647956 70.597896 69.555172 2.540000 0.000000 2.540000 5.080000 7.620000 10.160000 12.700000 8.032185 7.620000 8.032185 9.158100 10.776307 12.700000 14.810618 39.882000 40.744510 41.743976 42.870819 44.115280 
99.750350 81.289793 85.463388 62.943537 11.664022 10.898604 10.696398 11.088259 12.016208 72.251388 71.142245 70.038565 68.940613 74.839059 73.768832 72.705036 71.647956 5.080000 2.540000 0.000000 2.540000 5.080000 7.620000 10.160000 9.158100 8.032185 7.620000 8.032185 9.158100 10.776307 12.700000 42.303104 43.117210 44.062890 45.131872 46.315620 
101.524032 83.456739 84.123644 61.112075 14.028496 13.398838 13.234886 13.553552 14.322658 74.485091 73.365749 72.251388 71.142245 76.997730 75.915444 74.839059 73.768832 7.620000 5.080000 2.540000 0.000000 2.540000 5.080000 7.620000 10.776307 9.158100 8.032185 7.620000 8.032185 9.158100 10.776307 44.737395 45.507974 46.404958 47.421174 48.549136 
103.329710 85.644190 82.840132 59.332839 16.445400 15.911673 15.773862 16.042172 16.697036 76.737850 75.609195 74.485091 73.365749 79.179033 78.085670 76.997730 75.915444 10.160000 7.620000 5.080000 2.540000 0.000000 2.540000 5.080000 12.700000 10.776307 9.158100 8.032185 7.620000 8.032185 9.158100 47.182832 47.914099 48.766846 49.734825 50.811452 
105.165737 87.850615 81.615505 57.610667 18.894626 18.431957 18.313121 18.544728 19.114045 79.008036 77.870860 76.737850 75.609195 81.381149 80.277596 79.179033 78.085670 12.700000 10.160000 7.620000 5.080000 2.540000 0.000000 2.540000 14.810618 12.700000 10.776307 9.158100 8.032185 7.620000 8.032185 49.637767 50.333380 51.145807 52.069580 53.098889 
107.030550 90.074619 80.452453 55.950830 21.365059 20.957002 20.852561 21.056254 21.559351 81.294188 80.149202 79.008036 77.870860 83.602432 82.489491 81.381149 80.277596 15.240000 12.700000 10.160000 7.620000 5.080000 2.540000 0.000000 17.038838 14.810618 12.700000 10.776307 9.158100 8.032185 7.620000 52.100858 52.764009 53.539565 54.422722 55.408334 
102.130618 73.047665 94.619880 62.114570 13.508855 11.247654 9.134193 7.297975 5.999217 64.259497 63.112138 61.969564 60.832044 66.576913 65.470179 64.369475 63.275113 7.620000 8.032185 9.158100 10.776307 12.700000 14.810618 17.038838 0.000000 2.540000 5.080000 7.620000 10.160000 12.700000 15.240000 35.683245 36.112679 36.713218 37.476638 38.393223 
103.739354 75.280488 93.273319 60.043403 14.745577 12.706400 10.880090 9.391663 8.422202 66.567576 65.411388 64.259497 63.112138 68.807301 67.689379 66.576913 65.470179 8.032185 7.620000 8.032185 9.158100 10.776307 12.700000 14.810618 2.540000 0.000000 2.540000 5.080000 7.620000 10.160000 12.700000 38.201695 38.603123 39.165494 39.882000 40.744510 
105.384758 77.532222 91.977202 58.009515 16.287361 14.467159 12.892729 11.664022 10.898604 68.891979 67.727842 66.567576 65.411388 71.058477 69.930415 68.807301 67.689379 9.158100 8.032185 7.620000 8.032185 9.158100 10.776307 12.700000 5.080000 2.540000 0.000000 2.540000 5.080000 7.620000 10.160000 40.722821 41.099633 41.628291 42.303104 43.117210 
107.065139 79.801267 90.733690 56.016968 18.056230 16.433137 15.065581 14.028496 13.398838 71.231106 70.059794 68.891979 67.727842 73.328527 72.191253 71.058477 69.930415 10.776307 9.158100 8.032185 7.620000 8.032185 9.158100 10.776307 7.620000 5.080000 2.540000 0.000000 2.540000 5.080000 7.620000 43.246157 43.601166 44.099847 44.737395 45.507974 
108.778877 82.086188 89.544974 54.070331 19.991996 18.539160 17.338519 16.445400 15.911673 73.583553 72.405745 71.231106 70.059794 75.615750 74.470090 73.328527 72.191253 12.700000 10.776307 9.158100 8.032185 7.620000 8.032185 9.158100 10.160000 7.620000 5.080000 2.540000 0.000000 2.540000 5.080000 45.771336 46.106906 46.578768 47.182832 47.914099 
110.524419 84.385695 88.413266 52.174744 22.050751 20.742617 19.676888 18.894626 18.431957 75.948084 74.764380 73.583553 72.405745 77.918636 76.765323 75.615750 74.470090 14.810618 12.700000 10.776307 9.158100 8.032185 7.620000 8.032185 12.700000 10.160000 7.620000 5.080000 2.540000 0.000000 2.540000 48.298069 48.616202 49.063937 49.637767 50.333380 
112.300283 86.698627 87.340781 50.335975 24.201126 23.015539 22.059891 21.365059 20.957002 78.323602 77.134533 75.948084 74.764380 80.235834 79.075524 77.918636 76.765323 17.038838 14.810618 12.700000 10.776307 9.158100 8.032185 7.620000 15.240000 12.700000 10.160000 7.620000 5.080000 2.540000 0.000000 50.826125 51.128530 51.554451 52.100858 52.764009 
89.150604 41.824742 120.841496 91.674129 34.309181 33.117374 32.082771 31.221005 30.546707 32.043503 31.152160 30.287850 29.452954 35.794251 34.998563 34.231510 33.495057 37.476638 39.882000 42.303104 44.737395 47.182832 49.637767 52.100858 35.683245 38.201695 40.722821 43.246157 45.771336 48.298069 50.826125 0.000000 2.540000 5.080000 7.620000 10.160000 
91.560298 40.007088 122.630034 90.859254 35.642427 34.309181 33.117374 32.082771 31.221005 30.313688 29.369894 28.451494 27.561025 33.875591 33.033720 32.219923 31.436381 38.393223 40.744510 43.117210 45.507974 47.914099 50.333380 52.764009 36.112679 38.603123 41.099633 43.601166 46.106906 48.616202 51.128530 2.540000 0.000000 2.540000 5.080000 7.620000 
93.976856 38.271770 124.444712 90.108631 37.101866 35.642427 34.309181 33.117374 32.082771 28.704642 27.706092 26.730588 25.780747 32.043503 31.152160 30.287850 29.452954 39.452301 41.743976 44.062890 46.404958 48.766846 51.145807 53.539565 36.713218 39.165494 41.628291 44.099847 46.578768 49.063937 51.554451 5.080000 2.540000 0.000000 2.540000 5.080000 
96.399761 36.630490 126.284405 89.423877 38.673214 37.101866 35.642427 34.309181 33.117374 27.237777 26.183344 25.148844 24.136838 30.313688 29.369894 28.451494 27.561025 40.642732 42.870819 45.131872 47.421174 49.734825 52.069580 54.422722 37.476638 39.882000 42.303104 44.737395 47.182832 49.637767 52.100858 7.620000 5.080000 2.540000 0.000000 2.540000 
98.828547 35.096446 128.148034 88.806517 40.343398 38.673214 37.101866 35.642427 34.309181 25.937227 24.827620 23.734101 22.658997 28.704642 27.706092 26.730588 25.780747 41.953336 44.115280 46.315620 48.549136 50.811452 53.098889 55.408334 38.393223 40.744510 43.117210 45.507974 47.914099 50.333380 52.764009 10.160000 7.620000 5.080000 2.540000 0.000000 
