62
# Circuit board instance
Size: large
Nodes: 62
0.000000 140.000000 140.000000 197.989899 166.002311 167.666772 169.352972 171.060267 172.788032 174.535659 176.302557 171.858504 173.466783 175.097137 176.748955 178.421641 180.114614 181.827307 79.419472 79.983933 80.564460 81.160710 84.015637 84.549419 85.098807 85.663502 109.563842 110.331398 111.108168 111.893960 113.666158 114.406194 115.155481 115.913840 158.472592 159.964053 161.481694 163.024783 164.592604 166.184457 167.799660 164.729121 166.164435 167.625948 169.112982 170.624870 172.160956 173.720600 92.308574 92.564964 92.890127 93.283342 93.743753 94.270376 94.862108 99.901682 100.138633 100.439279 100.803051 101.229267 101.717142 102.265795 
140.000000 0.000000 197.989899 140.000000 108.957502 111.476979 113.997365 116.518604 119.040641 121.563425 124.086912 108.243778 110.779488 113.315390 115.851471 118.387720 120.924127 123.460681 76.921959 77.504612 78.103570 78.718462 72.427636 73.046147 73.681357 74.332839 84.130598 85.127783 86.132148 87.143447 81.063663 82.098108 83.139082 84.186343 92.889904 95.412107 97.935230 100.459203 102.983965 105.509458 108.035631 92.287893 94.826110 97.364419 99.902815 102.441290 104.979839 107.518456 48.715544 49.199635 49.808704 50.538235 51.383097 52.337704 53.396171 41.219867 41.790875 42.506238 43.358811 44.340680 45.443464 46.658593 
140.000000 197.989899 0.000000 140.000000 130.003479 129.402798 128.849395 128.343884 127.886831 127.478758 127.120136 137.402630 136.834434 136.311206 135.833467 135.401697 135.016339 134.677790 127.147665 126.098793 125.054022 124.013455 130.068072 129.042940 128.022198 127.005951 114.787481 113.970819 113.162517 112.362755 118.709417 117.919920 117.138871 116.366441 137.446697 136.584517 135.764389 134.987079 134.253332 133.563864 132.919365 144.615751 143.796562 143.017797 142.280120 141.584173 140.930574 140.319915 160.822528 158.745347 156.681806 154.632450 152.597850 150.578606 148.575342 165.297788 163.277550 161.272011 159.281724 157.307270 155.349251 153.408297 
197.989899 140.000000 140.000000 0.000000 34.869397 32.558474 30.284267 28.055705 25.884582 23.786630 21.783002 32.570738 30.083756 27.606430 25.141614 22.693386 20.267756 17.873929 125.602802 124.540921 123.482969 122.429050 122.901744 121.816319 120.734496 119.656371 90.828893 89.794597 88.766420 87.744576 87.995726 86.927726 85.865227 84.808435 49.056765 46.586501 44.124156 41.671134 39.229184 36.800510 34.387926 47.907067 45.374254 42.842293 40.311342 37.781607 35.253347 32.726906 140.414447 138.030492 135.652201 133.279878 130.913847 128.554455 126.202075 137.993080 135.566551 133.144256 130.726428 128.313322 125.905207 123.502376 
166.002311 108.957502 130.003479 34.869397 0.000000 2.540000 5.080000 7.620000 10.160000 12.700000 15.240000 7.620000 8.032185 9.158100 10.776307 12.700000 14.810618 17.038838 91.388554 90.373563 89.365092 88.363366 88.446028 87.396871 86.353645 85.316567 57.103494 56.170517 55.250979 54.345563 53.816600 52.825603 51.846775 50.880817 16.091027 13.598868 11.128365 8.697988 6.353950 4.241883 2.918503 18.987583 16.927386 15.014915 13.313984 11.915530 10.936212 10.494038 105.638140 103.237051 100.842768 98.455789 96.076657 93.705970 91.344385 103.432955 100.979444 98.530317 96.085908 93.646588 91.212763 88.784887 
167.666772 111.476979 129.402798 32.558474 2.540000 0.000000 2.540000 5.080000 7.620000 10.160000 12.700000 8.032185 7.620000 8.032185 9.158100 10.776307 12.700000 14.810618 93.437246 92.409850 91.388554 90.373563 90.561311 89.500908 88.446028 87.396871 59.007208 58.049263 57.103494 56.170517 55.832499 54.819105 53.816600 52.825603 18.596135 16.091027 13.598868 11.128365 8.697988 6.353950 4.241883 21.152386 18.987583 16.927386 15.014915 13.313984 11.915530 10.936212 108.045582 105.638140 103.237051 100.842768 98.455789 96.076657 93.705970 105.890544 103.432955 100.979444 98.530317 96.085908 93.646588 91.212763 
169.352972 113.997365 128.849395 30.284267 5.080000 2.540000 0.000000 2.540000 5.080000 7.620000 10.160000 9.158100 8.032185 7.620000 8.032185 9.158100 10.776307 12.700000 95.509546 94.470542 93.437246 92.409850 92.697926 91.627045 90.561311 89.500908 60.957324 59.976746 59.007208 58.049263 57.889660 56.856200 55.832499 54.819105 21.109585 18.596135 16.091027 13.598868 11.128365 8.697988 6.353950 23.392771 21.152386 18.987583 16.927386 15.014915 13.313984 11.915530 110.458962 108.045582 105.638140 103.237051 100.842768 98.455789 96.076657 108.351935 105.890544 103.432955 100.979444 98.530317 96.085908 93.646588 
171.060267 116.518604 128.343884 28.055705 7.620000 5.080000 2.540000 0.000000 2.540000 5.080000 7.620000 10.776307 9.158100 8.032185 7.620000 8.032185 9.158100 10.776307 97.603949 96.554074 95.509546 94.470542 94.854431 93.773778 92.697926 91.627045 62.949530 61.948417 60.957324 59.976746 59.983837 58.932366 57.889660 56.856200 23.628713 21.109585 18.596135 16.091027 13.598868 11.128365 8.697988 25.688971 23.392771 21.152386 18.987583 16.927386 15.014915 13.313984 112.877898 110.458962 108.045582 105.638140 103.237051 100.842768 98.455789 110.816873 108.351935 105.890544 103.432955 100.979444 98.530317 96.085908 
172.788032 119.040641 127.886831 25.884582 10.160000 7.620000 5.080000 2.540000 0.000000 2.540000 5.080000 12.700000 10.776307 9.158100 8.032185 7.620000 8.032185 9.158100 99.719064 98.659001 97.603949 96.554074 97.029500 95.939724 94.854431 93.773778 64.979954 63.960190 62.949530 61.948417 62.111286 61.043618 59.983837 58.932366 26.151879 23.628713 21.109585 18.596135 16.091027 13.598868 11.128365 28.027272 25.688971 23.392771 21.152386 18.987583 16.927386 15.014915 115.302041 112.877898 110.458962 108.045582 105.638140 103.237051 100.842768 113.285128 110.816873 108.351935 105.890544 103.432955 100.979444 98.530317 
174.535659 121.563425 127.478758 23.786630 12.700000 10.160000 7.620000 5.080000 2.540000 0.000000 2.540000 14.810618 12.700000 10.776307 9.158100 8.032185 7.620000 8.032185 101.853600 100.783981 99.719064 98.659001 99.221913 98.123611 97.029500 95.939724 67.045125 66.008399 64.979954 63.960190 64.268703 63.186439 62.111286 61.043618 28.678018 26.151879 23.628713 21.109585 18.596135 16.091027 13.598868 30.397958 28.027272 25.688971 23.392771 21.152386 18.987583 16.927386 117.731069 115.302041 112.877898 110.458962 108.045582 105.638140 103.237051 115.756486 113.285128 110.816873 108.351935 105.890544 103.432955 100.979444 
176.302557 124.086912 127.120136 21.783002 15.240000 12.700000 10.160000 7.620000 5.080000 2.540000 0.000000 17.038838 14.810618 12.700000 10.776307 9.158100 8.032185 7.620000 104.006360 102.927773 101.853600 100.783981 101.430543 100.324267 99.221913 98.123611 69.141929 68.089754 67.045125 66.008399 66.453169 65.357724 64.268703 63.186439 31.206407 28.678018 26.151879 23.628713 21.109585 18.596135 16.091027 32.794008 30.397958 28.027272 25.688971 23.392771 21.152386 18.987583 120.164686 117.731069 115.302041 112.877898 110.458962 108.045582 105.638140 118.230754 115.756486 113.285128 110.816873 108.351935 105.890544 103.432955 
171.858504 108.243778 137.402630 32.570738 7.620000 8.032185 9.158100 10.776307 12.700000 14.810618 17.038838 0.000000 2.540000 5.080000 7.620000 10.160000 12.700000 15.240000 96.137368 95.173035 94.215951 93.266340 92.929040 91.931059 90.939862 89.955673 62.485654 61.634202 60.797356 59.975729 58.842630 57.937665 57.046619 56.170155 16.536105 14.122707 11.762744 9.496138 7.409070 5.702210 4.799926 16.091027 13.598868 11.128365 8.697988 6.353950 4.241883 2.918503 108.335525 105.995557 103.665005 101.344520 99.034808 96.736643 94.450866 105.638140 103.237051 100.842768 98.455789 96.076657 93.705970 91.344385 
173.466783 110.779488 136.834434 30.083756 8.032185 7.620000 8.032185 9.158100 10.776307 12.700000 14.810618 2.540000 0.000000 2.540000 5.080000 7.620000 10.160000 12.700000 98.086924 97.108734 96.137368 95.173035 94.944498 93.933589 92.929040 91.931059 64.230043 63.351123 62.485654 61.634202 60.691817 59.760882 58.842630 57.937665 18.982568 16.536105 14.122707 11.762744 9.496138 7.409070 5.702210 18.596135 16.091027 13.598868 11.128365 8.697988 6.353950 4.241883 110.684313 108.335525 105.995557 103.665005 101.344520 99.034808 96.736643 108.045582 105.638140 103.237051 100.842768 98.455789 96.076657 93.705970 
175.097137 113.315390 136.311206 27.606430 9.158100 8.032185 7.620000 8.032185 9.158100 10.776307 12.700000 5.080000 2.540000 0.000000 2.540000 5.080000 7.620000 10.160000 100.062976 99.071737 98.086924 97.108734 96.984597 95.961565 94.944498 93.933589 66.026080 65.121870 64.230043 63.351123 62.589467 61.634861 60.691817 59.760882 21.450785 18.982568 16.536105 14.122707 11.762744 9.496138 7.409070 21.109585 18.596135 16.091027 13.598868 11.128365 8.697988 6.353950 113.041371 110.684313 108.335525 105.995557 103.665005 101.344520 99.034808 110.458962 108.045582 105.638140 103.237051 100.842768 98.455789 96.076657 
176.748955 115.851471 135.833467 25.141614 10.776307 9.158100 8.032185 7.620000 8.032185 9.158100 10.776307 7.620000 5.080000 2.540000 0.000000 2.540000 5.080000 7.620000 102.063983 101.060452 100.062976 99.071737 99.047815 98.013407 96.984597 95.961565 67.869663 66.942171 66.026080 65.121870 64.531305 63.555114 62.589467 61.634861 23.934028 21.450785 18.982568 16.536105 14.122707 11.762744 9.496138 23.628713 21.109585 18.596135 16.091027 13.598868 11.128365 8.697988 115.406192 113.041371 110.684313 108.335525 105.995557 103.665005 101.344520 112.877898 110.458962 108.045582 105.638140 103.237051 100.842768 98.455789 
178.421641 118.387720 135.401697 22.693386 12.700000 10.776307 9.158100 8.032185 7.620000 8.032185 9.158100 10.160000 7.620000 5.080000 2.540000 0.000000 2.540000 5.080000 104.088508 103.073392 102.063983 101.060452 101.132737 100.087647 99.047815 98.013407 69.757023 68.808094 67.869663 66.942171 66.513461 65.517571 64.531305 63.555114 26.428061 23.934028 21.450785 18.982568 16.536105 14.122707 11.762744 26.151879 23.628713 21.109585 18.596135 16.091027 13.598868 11.128365 117.778309 115.406192 113.041371 110.684313 108.335525 105.995557 103.665005 115.302041 112.877898 110.458962 108.045582 105.638140 103.237051 100.842768 
180.114614 120.924127 135.016339 20.267756 14.810618 12.700000 10.776307 9.158100 8.032185 7.620000 8.032185 12.700000 10.160000 7.620000 5.080000 2.540000 0.000000 2.540000 106.135204 105.109165 104.088508 103.073392 103.238048 102.182922 101.132737 100.087647 71.684703 70.716028 69.757023 68.808094 68.532437 67.518552 66.513461 65.517571 28.930094 26.428061 23.934028 21.450785 18.982568 16.536105 14.122707 28.678018 26.151879 23.628713 21.109585 18.596135 16.091027 13.598868 120.157289 117.778309 115.406192 113.041371 110.684313 108.335525 105.995557 117.731069 115.302041 112.877898 110.458962 108.045582 105.638140 103.237051 
181.827307 123.460681 134.677790 17.873929 17.038838 14.810618 12.700000 10.776307 9.158100 8.032185 7.620000 15.240000 12.700000 10.160000 7.620000 5.080000 2.540000 0.000000 108.202813 107.166469 106.135204 105.109165 105.362525 104.297963 103.238048 102.182922 73.649537 72.662663 71.684703 70.716028 70.585072 69.554732 68.532437 67.518552 31.438216 28.930094 26.428061 23.934028 21.450785 18.982568 16.536105 31.206407 28.678018 26.151879 23.628713 21.109585 18.596135 16.091027 122.542732 120.157289 117.778309 115.406192 113.041371 110.684313 108.335525 120.164686 117.731069 115.302041 112.877898 110.458962 108.045582 105.638140 
79.419472 76.921959 127.147665 125.602802 91.388554 93.437246 95.509546 97.603949 99.719064 101.853600 104.006360 96.137368 98.086924 100.062976 102.063983 104.088508 106.135204 108.202813 0.000000 1.270000 2.540000 3.810000 5.080000 5.236344 5.679613 6.350000 35.000019 36.130583 37.270130 38.417859 37.621709 38.675712 39.742348 40.820626 81.255687 83.070418 84.922349 86.809097 88.728443 90.678317 92.656791 86.813336 88.514196 90.254495 92.031994 93.844580 95.690259 97.567153 33.722060 31.746637 29.856720 28.069588 26.406116 24.891110 23.553237 38.840676 37.138521 35.536524 34.048826 32.691035 31.479964 30.433136 
79.983933 77.504612 126.098793 124.540921 90.373563 92.409850 94.470542 96.554074 98.659001 100.783981 102.927773 95.173035 97.108734 99.071737 101.060452 103.073392 105.109165 107.166469 1.270000 0.000000 1.270000 2.540000 5.236344 5.080000 5.236344 5.679613 33.879336 35.000019 36.130583 37.270130 36.581430 37.621709 38.675712 39.742348 80.363061 82.158248 83.991886 85.861513 87.764829 89.699688 91.664094 85.978428 87.658691 89.379558 91.138729 92.934028 94.763403 96.624917 34.737303 32.724612 30.789989 28.949091 27.220938 25.628349 24.198105 39.725320 37.977902 36.324155 34.777444 33.352665 32.066073 30.934917 
80.564460 78.103570 125.054022 123.482969 89.365092 91.388554 93.437246 95.509546 97.603949 99.719064 101.853600 94.215951 96.137368 98.086924 100.062976 102.063983 104.088508 106.135204 2.540000 1.270000 0.000000 1.270000 5.679613 5.236344 5.080000 5.236344 32.769548 33.879336 35.000019 36.130583 35.556081 36.581430 37.621709 38.675712 79.480704 81.255687 83.070418 84.922349 86.809097 88.728443 90.678317 85.154276 86.813336 88.514196 90.254495 92.031994 93.844580 95.690259 35.768826 33.722060 31.746637 29.856720 28.069588 26.406116 24.891110 40.630404 38.840676 37.138521 35.536524 34.048826 32.691035 31.479964 
81.160710 78.718462 124.013455 122.429050 88.363366 90.373563 92.409850 94.470542 96.554074 98.659001 100.783981 93.266340 95.173035 97.108734 99.071737 101.060452 103.073392 105.109165 3.810000 2.540000 1.270000 0.000000 6.350000 5.679613 5.236344 5.080000 31.671801 32.769548 33.879336 35.000019 34.546991 35.556081 36.581430 37.621709 78.608961 80.363061 82.158248 83.991886 85.861513 87.764829 89.699688 84.341195 85.978428 87.658691 89.379558 91.138729 92.934028 94.763403 36.815261 34.737303 32.724612 30.789989 28.949091 27.220938 25.628349 41.554593 39.725320 37.977902 36.324155 34.777444 33.352665 32.066073 
84.015637 72.427636 130.068072 122.901744 88.446028 90.561311 92.697926 94.854431 97.029500 99.221913 101.430543 92.929040 94.944498 96.984597 99.047815 101.132737 103.238048 105.362525 5.080000 5.236344 5.679613 6.350000 0.000000 1.270000 2.540000 3.810000 32.957890 34.156116 35.359352 36.567104 35.000019 36.130583 37.270130 38.417859 77.745034 79.639802 81.569657 83.532168 85.525086 87.546335 89.593998 83.071895 84.847789 86.661746 88.511425 90.394633 92.309318 94.253561 30.888177 28.718480 26.614393 24.592761 22.675650 20.891853 19.278411 35.328191 33.447760 31.659556 29.980085 28.428625 27.027229 25.800363 
84.549419 73.046147 129.042940 121.816319 87.396871 89.500908 91.627045 93.773778 95.939724 98.123611 100.324267 91.931059 93.933589 95.961565 98.013407 100.087647 102.182922 104.297963 5.236344 5.080000 5.236344 5.679613 1.270000 0.000000 1.270000 2.540000 31.765242 32.957890 34.156116 35.359352 33.879336 35.000019 36.130583 37.270130 76.811622 78.687873 80.600500 82.546975 84.524960 86.532293 88.566979 82.198994 83.954932 85.750160 87.582261 89.448969 91.348164 93.277860 31.993474 29.796013 27.657288 25.592030 23.619518 21.764981 20.061167 36.298539 34.377376 32.541161 30.805090 29.187038 27.707688 26.390377 
85.098807 73.681357 128.022198 120.734496 86.353645 88.446028 90.561311 92.697926 94.854431 97.029500 99.221913 90.939862 92.929040 94.944498 96.984597 99.047815 101.132737 103.238048 5.679613 5.236344 5.080000 5.236344 2.540000 1.270000 0.000000 1.270000 30.578824 31.765242 32.957890 34.156116 32.769548 33.879336 35.000019 36.130583 75.887983 77.745034 79.639802 81.569657 83.532168 85.525086 87.546335 81.336555 83.071895 84.847789 86.661746 88.511425 90.394633 92.309318 33.110588 30.888177 28.718480 26.614393 24.592761 22.675650 20.891853 37.286897 35.328191 33.447760 31.659556 29.980085 28.428625 27.027229 
85.663502 74.332839 127.005951 119.656371 85.316567 87.396871 89.500908 91.627045 93.773778 95.939724 98.123611 89.955673 91.931059 93.933589 95.961565 98.013407 100.087647 102.182922 6.350000 5.679613 5.236344 5.080000 3.810000 2.540000 1.270000 0.000000 29.399390 30.578824 31.765242 32.957890 31.671801 32.769548 33.879336 35.000019 74.974478 76.811622 78.687873 80.600500 82.546975 84.524960 86.532293 80.484916 82.198994 83.954932 85.750160 87.582261 89.448969 91.348164 34.238364 31.993474 29.796013 27.657288 25.592030 23.619518 21.764981 38.291868 36.298539 34.377376 32.541161 30.805090 29.187038 27.707688 
109.563842 84.130598 114.787481 90.828893 57.103494 59.007208 60.957324 62.949530 64.979954 67.045125 69.141929 62.485654 64.230043 66.026080 67.869663 69.757023 71.684703 73.649537 35.000019 33.879336 32.769548 31.671801 32.957890 31.765242 30.578824 29.399390 0.000000 1.270000 2.540000 3.810000 5.080000 5.236344 5.679613 6.350000 49.004691 50.418823 51.918773 53.497322 55.147721 56.863714 58.639543 55.575628 56.826476 58.161410 59.574777 61.061131 62.615274 64.232287 57.918365 55.385909 52.854178 50.323280 47.793347 45.264542 42.737065 58.983726 56.499043 54.019506 51.545857 49.078987 46.619972 44.170122 
110.331398 85.127783 113.970819 89.794597 56.170517 58.049263 59.976746 61.948417 63.960190 66.008399 68.089754 61.634202 63.351123 65.121870 66.942171 68.808094 70.716028 72.662663 36.130583 35.000019 33.879336 32.769548 34.156116 32.957890 31.765242 30.578824 1.270000 0.000000 1.270000 2.540000 5.236344 5.080000 5.236344 5.679613 48.332178 49.700562 51.158533 52.698656 54.313943 55.997889 57.744489 54.983544 56.190182 57.483790 58.858636 60.309162 61.830043 63.416218 59.184835 56.652053 54.119947 51.588617 49.058183 46.528792 44.000624 60.227798 57.740783 55.258588 52.781894 50.311513 47.848422 45.393808 
111.108168 86.132148 113.162517 88.766420 55.250979 57.103494 59.007208 60.957324 62.949530 64.979954 67.045125 60.797356 62.485654 64.230043 66.026080 67.869663 69.757023 71.684703 37.270130 36.130583 35.000019 33.879336 35.359352 34.156116 32.957890 31.765242 2.540000 1.270000 0.000000 1.270000 5.679613 5.236344 5.080000 5.236344 47.684011 49.004691 50.418823 51.918773 53.497322 55.147721 56.863714 54.414663 55.575628 56.826476 58.161410 59.574777 61.061131 62.615274 60.451453 57.918365 55.385909 52.854178 50.323280 47.793347 45.264542 61.472930 58.983726 56.499043 54.019506 51.545857 49.078987 46.619972 
111.893960 87.143447 112.362755 87.744576 54.345563 56.170517 58.049263 59.976746 61.948417 63.960190 66.008399 59.975729 61.634202 63.351123 65.121870 66.942171 68.808094 70.716028 38.417859 37.270130 36.130583 35.000019 36.567104 35.359352 34.156116 32.957890 3.810000 2.540000 1.270000 0.000000 6.350000 5.679613 5.236344 5.080000 47.061196 48.332178 49.700562 51.158533 52.698656 54.313943 55.997889 53.869721 54.983544 56.190182 57.483790 58.858636 60.309162 61.830043 61.718211 59.184835 56.652053 54.119947 51.588617 49.058183 46.528792 62.719060 60.227798 57.740783 55.258588 52.781894 50.311513 47.848422 
113.666158 81.063663 118.709417 87.995726 53.816600 55.832499 57.889660 59.983837 62.111286 64.268703 66.453169 58.842630 60.691817 62.589467 64.531305 66.513461 68.532437 70.585072 37.621709 36.581430 35.556081 34.546991 35.000019 33.879336 32.769548 31.671801 5.080000 5.236344 5.679613 6.350000 0.000000 1.270000 2.540000 3.810000 44.809024 46.351339 47.978619 49.682515 51.455417 53.290438 55.181381 51.162682 52.518741 53.960350 55.480842 57.073912 58.733655 60.454581 57.758327 55.218532 52.678757 50.139005 47.599279 45.059585 42.519926 58.164836 55.643599 53.124149 50.606754 48.091737 45.579490 43.070499 
114.406194 82.098108 117.919920 86.927726 52.825603 54.819105 56.856200 58.932366 61.043618 63.186439 65.357724 57.937665 59.760882 61.634861 63.555114 65.517571 67.518552 69.554732 38.675712 37.621709 36.581430 35.556081 36.130583 35.000019 33.879336 32.769548 5.236344 5.080000 5.236344 5.679613 1.270000 0.000000 1.270000 2.540000 44.072534 45.569011 47.154898 48.821483 50.560788 52.365566 54.229281 50.518905 51.829588 53.229276 54.711139 56.268683 57.895803 59.586797 59.028231 56.488427 53.948642 51.408878 48.869139 46.329428 43.789750 59.426053 56.904008 54.383635 51.865176 49.348926 46.835239 44.324553 
115.155481 83.139082 117.138871 85.865227 51.846775 53.816600 55.832499 57.889660 59.983837 62.111286 64.268703 57.046619 58.842630 60.691817 62.589467 64.531305 66.513461 68.532437 39.742348 38.675712 37.621709 36.581430 37.270130 36.130583 35.000019 33.879336 5.679613 5.236344 5.080000 5.236344 2.540000 1.270000 0.000000 1.270000 43.360740 44.809024 46.351339 47.978619 49.682515 51.455417 53.290438 49.899151 51.162682 52.518741 53.960350 55.480842 57.073912 58.733655 60.298139 57.758327 55.218532 52.678757 50.139005 47.599279 45.059585 60.687637 58.164836 55.643599 53.124149 50.606754 48.091737 45.579490 
115.913840 84.186343 116.366441 84.808435 50.880817 52.825603 54.819105 56.856200 58.932366 61.043618 63.186439 56.170155 57.937665 59.760882 61.634861 63.555114 65.517571 67.518552 40.820626 39.742348 38.675712 37.621709 38.417859 37.270130 36.130583 35.000019 6.350000 5.679613 5.236344 5.080000 3.810000 2.540000 1.270000 0.000000 42.674876 44.072534 45.569011 47.154898 48.821483 50.560788 52.365566 49.304325 50.518905 51.829588 53.229276 54.711139 56.268683 57.895803 61.568051 59.028231 56.488427 53.948642 51.408878 48.869139 46.329428 61.949565 59.426053 56.904008 54.383635 51.865176 49.348926 46.835239 
158.472592 92.889904 137.446697 49.056765 16.091027 18.596135 21.109585 23.628713 26.151879 28.678018 31.206407 16.536105 18.982568 21.450785 23.934028 26.428061 28.930094 31.438216 81.255687 80.363061 79.480704 78.608961 77.745034 76.811622 75.887983 74.974478 49.004691 48.332178 47.684011 47.061196 44.809024 44.072534 43.360740 42.674876 0.000000 2.540000 5.080000 7.620000 10.160000 12.700000 15.240000 7.620000 8.032185 9.158100 10.776307 12.700000 14.810618 17.038838 91.902325 89.582101 87.274117 84.979371 82.698963 80.434115 78.186178 89.114836 86.720064 84.333790 81.956758 79.589793 77.233824 74.889886 
159.964053 95.412107 136.584517 46.586501 13.598868 16.091027 18.596135 21.109585 23.628713 26.151879 28.678018 14.122707 16.536105 18.982568 21.450785 23.934028 26.428061 28.930094 83.070418 82.158248 81.255687 80.363061 79.639802 78.687873 77.745034 76.811622 50.418823 49.700562 49.004691 48.332178 46.351339 45.569011 44.809024 44.072534 2.540000 0.000000 2.540000 5.080000 7.620000 10.160000 12.700000 8.032185 7.620000 8.032185 9.158100 10.776307 12.700000 14.810618 94.233884 91.902325 89.582101 87.274117 84.979371 82.698963 80.434115 91.517439 89.114836 86.720064 84.333790 81.956758 79.589793 77.233824 
161.481694 97.935230 135.764389 44.124156 11.128365 13.598868 16.091027 18.596135 21.109585 23.628713 26.151879 11.762744 14.122707 16.536105 18.982568 21.450785 23.934028 26.428061 84.922349 83.991886 83.070418 82.158248 81.569657 80.600500 79.639802 78.687873 51.918773 51.158533 50.418823 49.700562 47.978619 47.154898 46.351339 45.569011 5.080000 2.540000 0.000000 2.540000 5.080000 7.620000 10.160000 9.158100 8.032185 7.620000 8.032185 9.158100 10.776307 12.700000 96.575959 94.233884 91.902325 89.582101 87.274117 84.979371 82.698963 93.927272 91.517439 89.114836 86.720064 84.333790 81.956758 79.589793 
163.024783 100.459203 134.987079 41.671134 8.697988 11.128365 13.598868 16.091027 18.596135 21.109585 23.628713 9.496138 11.762744 14.122707 16.536105 18.982568 21.450785 23.934028 86.809097 85.861513 84.922349 83.991886 83.532168 82.546975 81.569657 80.600500 53.497322 52.698656 51.918773 51.158533 49.682515 48.821483 47.978619 47.154898 7.620000 5.080000 2.540000 0.000000 2.540000 5.080000 7.620000 10.776307 9.158100 8.032185 7.620000 8.032185 9.158100 10.776307 98.927801 96.575959 94.233884 91.902325 89.582101 87.274117 84.979371 96.343794 93.927272 91.517439 89.114836 86.720064 84.333790 81.956758 
164.592604 102.983965 134.253332 39.229184 6.353950 8.697988 11.128365 13.598868 16.091027 18.596135 21.109585 7.409070 9.496138 11.762744 14.122707 16.536105 18.982568 21.450785 88.728443 87.764829 86.809097 85.861513 85.525086 84.524960 83.532168 82.546975 55.147721 54.313943 53.497322 52.698656 51.455417 50.560788 49.682515 48.821483 10.160000 7.620000 5.080000 2.540000 0.000000 2.540000 5.080000 12.700000 10.776307 9.158100 8.032185 7.620000 8.032185 9.158100 101.288732 98.927801 96.575959 94.233884 91.902325 89.582101 87.274117 98.766512 96.343794 93.927272 91.517439 89.114836 86.720064 84.333790 
166.184457 105.509458 133.563864 36.800510 4.241883 6.353950 8.697988 11.128365 13.598868 16.091027 18.596135 5.702210 7.409070 9.496138 11.762744 14.122707 16.536105 18.982568 90.678317 89.699688 88.728443 87.764829 87.546335 86.532293 85.525086 84.524960 56.863714 55.997889 55.147721 54.313943 53.290438 52.365566 51.455417 50.560788 12.700000 10.160000 7.620000 5.080000 2.540000 0.000000 2.540000 14.810618 12.700000 10.776307 9.158100 8.032185 7.620000 8.032185 103.658129 101.288732 98.927801 96.575959 94.233884 91.902325 89.582101 101.194982 98.766512 96.343794 93.927272 91.517439 89.114836 86.720064 
167.799660 108.035631 132.919365 34.387926 2.918503 4.241883 6.353950 8.697988 11.128365 13.598868 16.091027 4.799926 5.702210 7.409070 9.496138 11.762744 14.122707 16.536105 92.656791 91.664094 90.678317 89.699688 89.593998 88.566979 87.546335 86.532293 58.639543 57.744489 56.863714 55.997889 55.181381 54.229281 53.290438 52.365566 15.240000 12.700000 10.160000 7.620000 5.080000 2.540000 0.000000 17.038838 14.810618 12.700000 10.776307 9.158100 8.032185 7.620000 106.035425 103.658129 101.288732 98.927801 96.575959 94.233884 91.902325 103.628799 101.194982 98.766512 96.343794 93.927272 91.517439 89.114836 
164.729121 92.287893 144.615751 47.907067 18.987583 21.152386 23.392771 25.688971 28.027272 30.397958 32.794008 16.091027 18.596135 21.109585 23.628713 26.151879 28.678018 31.206407 86.813336 85.978428 85.154276 84.341195 83.071895 82.198994 81.336555 80.484916 55.575628 54.983544 54.414663 53.869721 51.162682 50.518905 49.899151 49.304325 7.620000 8.032185 9.158100 10.776307 12.700000 14.810618 17.038838 0.000000 2.540000 5.080000 7.620000 10.160000 12.700000 15.240000 95.219480 92.982068 90.760584 88.556228 86.370311 84.204269 82.059676 91.902325 89.582101 87.274117 84.979371 82.698963 80.434115 78.186178 
166.164435 94.826110 143.796562 45.374254 16.927386 18.987583 21.152386 23.392771 25.688971 28.027272 30.397958 13.598868 16.091027 18.596135 21.109585 23.628713 26.151879 28.678018 88.514196 87.658691 86.813336 85.978428 84.847789 83.954932 83.071895 82.198994 56.826476 56.190182 55.575628 54.983544 52.518741 51.829588 51.162682 50.518905 8.032185 7.620000 8.032185 9.158100 10.776307 12.700000 14.810618 2.540000 0.000000 2.540000 5.080000 7.620000 10.160000 12.700000 97.471724 95.219480 92.982068 90.760584 88.556228 86.370311 84.204269 94.233884 91.902325 89.582101 87.274117 84.979371 82.698963 80.434115 
167.625948 97.364419 143.017797 42.842293 15.014915 16.927386 18.987583 21.152386 23.392771 25.688971 28.027272 11.128365 13.598868 16.091027 18.596135 21.109585 23.628713 26.151879 90.254495 89.379558 88.514196 87.658691 86.661746 85.750160 84.847789 83.954932 58.161410 57.483790 56.826476 56.190182 53.960350 53.229276 52.518741 51.829588 9.158100 8.032185 7.620000 8.032185 9.158100 10.776307 12.700000 5.080000 2.540000 0.000000 2.540000 5.080000 7.620000 10.160000 99.737796 97.471724 95.219480 92.982068 90.760584 88.556228 86.370311 96.575959 94.233884 91.902325 89.582101 87.274117 84.979371 82.698963 
169.112982 99.902815 142.280120 40.311342 13.313984 15.014915 16.927386 18.987583 21.152386 23.392771 25.688971 8.697988 11.128365 13.598868 16.091027 18.596135 21.109585 23.628713 92.031994 91.138729 90.254495 89.379558 88.511425 87.582261 86.661746 85.750160 59.574777 58.858636 58.161410 57.483790 55.480842 54.711139 53.960350 53.229276 10.776307 9.158100 8.032185 7.620000 8.032185 9.158100 10.776307 7.620000 5.080000 2.540000 0.000000 2.540000 5.080000 7.620000 102.016773 99.737796 97.471724 95.219480 92.982068 90.760584 88.556228 98.927801 96.575959 94.233884 91.902325 89.582101 87.274117 84.979371 
170.624870 102.441290 141.584173 37.781607 11.915530 13.313984 15.014915 16.927386 18.987583 21.152386 23.392771 6.353950 8.697988 11.128365 13.598868 16.091027 18.596135 21.109585 93.844580 92.934028 92.031994 91.138729 90.394633 89.448969 88.511425 87.582261 61.061131 60.309162 59.574777 58.858636 57.073912 56.268683 55.480842 54.711139 12.700000 10.776307 9.158100 8.032185 7.620000 8.032185 9.158100 10.160000 7.620000 5.080000 2.540000 0.000000 2.540000 5.080000 104.307810 102.016773 99.737796 97.471724 95.219480 92.982068 90.760584 101.288732 98.927801 96.575959 94.233884 91.902325 89.582101 87.274117 
172.160956 104.979839 140.930574 35.253347 10.936212 11.915530 13.313984 15.014915 16.927386 18.987583 21.152386 4.241883 6.353950 8.697988 11.128365 13.598868 16.091027 18.596135 95.690259 94.763403 93.844580 92.934028 92.309318 91.348164 90.394633 89.448969 62.615274 61.830043 61.061131 60.309162 58.733655 57.895803 57.073912 56.268683 14.810618 12.700000 10.776307 9.158100 8.032185 7.620000 8.032185 12.700000 10.160000 7.620000 5.080000 2.540000 0.000000 2.540000 106.610130 104.307810 102.016773 99.737796 97.471724 95.219480 92.982068 103.658129 101.288732 98.927801 96.575959 94.233884 91.902325 89.582101 
173.720600 107.518456 140.319915 32.726906 10.494038 10.936212 11.915530 13.313984 15.014915 16.927386 18.987583 2.918503 4.241883 6.353950 8.697988 11.128365 13.598868 16.091027 97.567153 96.624917 95.690259 94.763403 94.253561 93.277860 92.309318 91.348164 64.232287 63.416218 62.615274 61.830043 60.454581 59.586797 58.733655 57.895803 17.038838 14.810618 12.700000 10.776307 9.158100 8.032185 7.620000 15.240000 12.700000 10.160000 7.620000 5.080000 2.540000 0.000000 108.923016 106.610130 104.307810 102.016773 99.737796 97.471724 95.219480 106.035425 103.658129 101.288732 98.927801 96.575959 94.233884 91.902325 
92.308574 48.715544 160.822528 140.414447 105.638140 108.045582 110.458962 112.877898 115.302041 117.731069 120.164686 108.335525 110.684313 113.041371 115.406192 117.778309 120.157289 122.542732 33.722060 34.737303 35.768826 36.815261 30.888177 31.993474 33.110588 34.238364 57.918365 59.184835 60.451453 61.718211 57.758327 59.028231 60.298139 61.568051 91.902325 94.233884 96.575959 98.927801 101.288732 103.658129 106.035425 95.219480 97.471724 99.737796 102.016773 104.307810 106.610130 108.923016 0.000000 2.540000 5.080000 7.620000 10.160000 12.700000 15.240000 7.620000 8.032185 9.158100 10.776307 12.700000 14.810618 17.038838 
92.564964 49.199635 158.745347 138.030492 103.237051 105.638140 108.045582 110.458962 112.877898 115.302041 117.731069 105.995557 108.335525 110.684313 113.041371 115.406192 117.778309 120.157289 31.746637 32.724612 33.722060 34.737303 28.718480 29.796013 30.888177 31.993474 55.385909 56.652053 57.918365 59.184835 55.218532 56.488427 57.758327 59.028231 89.582101 91.902325 94.233884 96.575959 98.927801 101.288732 103.658129 92.982068 95.219480 97.471724 99.737796 102.016773 104.307810 106.610130 2.540000 0.000000 2.540000 5.080000 7.620000 10.160000 12.700000 8.032185 7.620000 8.032185 9.158100 10.776307 12.700000 14.810618 
92.890127 49.808704 156.681806 135.652201 100.842768 103.237051 105.638140 108.045582 110.458962 112.877898 115.302041 103.665005 105.995557 108.335525 110.684313 113.041371 115.406192 117.778309 29.856720 30.789989 31.746637 32.724612 26.614393 27.657288 28.718480 29.796013 52.854178 54.119947 55.385909 56.652053 52.678757 53.948642 55.218532 56.488427 87.274117 89.582101 91.902325 94.233884 96.575959 98.927801 101.288732 90.760584 92.982068 95.219480 97.471724 99.737796 102.016773 104.307810 5.080000 2.540000 0.000000 2.540000 5.080000 7.620000 10.160000 9.158100 8.032185 7.620000 8.032185 9.158100 10.776307 12.700000 
93.283342 50.538235 154.632450 133.279878 98.455789 100.842768 103.237051 105.638140 108.045582 110.458962 112.877898 101.344520 103.665005 105.995557 108.335525 110.684313 113.041371 115.406192 28.069588 28.949091 29.856720 30.789989 24.592761 25.592030 26.614393 27.657288 50.323280 51.588617 52.854178 54.119947 50.139005 51.408878 52.678757 53.948642 84.979371 87.274117 89.582101 91.902325 94.233884 96.575959 98.927801 88.556228 90.760584 92.982068 95.219480 97.471724 99.737796 102.016773 7.620000 5.080000 2.540000 0.000000 2.540000 5.080000 7.620000 10.776307 9.158100 8.032185 7.620000 8.032185 9.158100 10.776307 
93.743753 51.383097 152.597850 130.913847 96.076657 98.455789 100.842768 103.237051 105.638140 108.045582 110.458962 99.034808 101.344520 103.665005 105.995557 108.335525 110.684313 113.041371 26.406116 27.220938 28.069588 28.949091 22.675650 23.619518 24.592761 25.592030 47.793347 49.058183 50.323280 51.588617 47.599279 48.869139 50.139005 51.408878 82.698963 84.979371 87.274117 89.582101 91.902325 94.233884 96.575959 86.370311 88.556228 90.760584 92.982068 95.219480 97.471724 99.737796 10.160000 7.620000 5.080000 2.540000 0.000000 2.540000 5.080000 12.700000 10.776307 9.158100 8.032185 7.620000 8.032185 9.158100 
94.270376 52.337704 150.578606 128.554455 93.705970 96.076657 98.455789 100.842768 103.237051 105.638140 108.045582 96.736643 99.034808 101.344520 103.665005 105.995557 108.335525 110.684313 24.891110 25.628349 26.406116 27.220938 20.891853 21.764981 22.675650 23.619518 45.264542 46.528792 47.793347 49.058183 45.059585 46.329428 47.599279 48.869139 80.434115 82.698963 84.979371 87.274117 89.582101 91.902325 94.233884 84.204269 86.370311 88.556228 90.760584 92.982068 95.219480 97.471724 12.700000 10.160000 7.620000 5.080000 2.540000 0.000000 2.540000 14.810618 12.700000 10.776307 9.158100 8.032185 7.620000 8.032185 
94.862108 53.396171 148.575342 126.202075 91.344385 93.705970 96.076657 98.455789 100.842768 103.237051 105.638140 94.450866 96.736643 99.034808 101.344520 103.665005 105.995557 108.335525 23.553237 24.198105 24.891110 25.628349 19.278411 20.061167 20.891853 21.764981 42.737065 44.000624 45.264542 46.528792 42.519926 43.789750 45.059585 46.329428 78.186178 80.434115 82.698963 84.979371 87.274117 89.582101 91.902325 82.059676 84.204269 86.370311 88.556228 90.760584 92.982068 95.219480 15.240000 12.700000 10.160000 7.620000 5.080000 2.540000 0.000000 17.038838 14.810618 12.700000 10.776307 9.158100 8.032185 7.620000 
99.901682 41.219867 165.297788 137.993080 103.432955 105.890544 108.351935 110.816873 113.285128 115.756486 118.230754 105.638140 108.045582 110.458962 112.877898 115.302041 117.731069 120.164686 38.840676 39.725320 40.630404 41.554593 35.328191 36.298539 37.286897 38.291868 58.983726 60.227798 61.472930 62.719060 58.164836 59.426053 60.687637 61.949565 89.114836 91.517439 93.927272 96.343794 98.766512 101.194982 103.628799 91.902325 94.233884 96.575959 98.927801 101.288732 103.658129 106.035425 7.620000 8.032185 9.158100 10.776307 12.700000 14.810618 17.038838 0.000000 2.540000 5.080000 7.620000 10.160000 12.700000 15.240000 
100.138633 41.790875 163.277550 135.566551 100.979444 103.432955 105.890544 108.351935 110.816873 113.285128 115.756486 103.237051 105.638140 108.045582 110.458962 112.877898 115.302041 117.731069 37.138521 37.977902 38.840676 39.725320 33.447760 34.377376 35.328191 36.298539 56.499043 57.740783 58.983726 60.227798 55.643599 56.904008 58.164836 59.426053 86.720064 89.114836 91.517439 93.927272 96.343794 98.766512 101.194982 89.582101 91.902325 94.233884 96.575959 98.927801 101.288732 103.658129 8.032185 7.620000 8.032185 9.158100 10.776307 12.700000 14.810618 2.540000 0.000000 2.540000 5.080000 7.620000 10.160000 12.700000 
100.439279 42.506238 161.272011 133.144256 98.530317 100.979444 103.432955 105.890544 108.351935 110.816873 113.285128 100.842768 103.237051 105.638140 108.045582 110.458962 112.877898 115.302041 35.536524 36.324155 37.138521 37.977902 31.659556 32.541161 33.447760 34.377376 54.019506 55.258588 56.499043 57.740783 53.124149 54.383635 55.643599 56.904008 84.333790 86.720064 89.114836 91.517439 93.927272 96.343794 98.766512 87.274117 89.582101 91.902325 94.233884 96.575959 98.927801 101.288732 9.158100 8.032185 7.620000 8.032185 9.158100 10.776307 12.700000 5.080000 2.540000 0.000000 2.540000 5.080000 7.620000 10.160000 
100.803051 43.358811 159.281724 130.726428 96.085908 98.530317 100.979444 103.432955 105.890544 108.351935 110.816873 98.455789 100.842768 103.237051 105.638140 108.045582 110.458962 112.877898 34.048826 34.777444 35.536524 36.324155 29.980085 30.805090 31.659556 32.541161 51.545857 52.781894 54.019506 55.258588 50.606754 51.865176 53.124149 54.383635 81.956758 84.333790 86.720064 89.114836 91.517439 93.927272 96.343794 84.979371 87.274117 89.582101 91.902325 94.233884 96.575959 98.927801 10.776307 9.158100 8.032185 7.620000 8.032185 9.158100 10.776307 7.620000 5.080000 2.540000 0.000000 2.540000 5.080000 7.620000 
101.229267 44.340680 157.307270 128.313322 93.646588 96.085908 98.530317 100.979444 103.432955 105.890544 108.351935 96.076657 98.455789 100.842768 103.237051 105.638140 108.045582 110.458962 32.691035 33.352665 34.048826 34.777444 28.428625 29.187038 29.980085 30.805090 49.078987 50.311513 51.545857 52.781894 48.091737 49.348926 50.606754 51.865176 79.589793 81.956758 84.333790 86.720064 89.114836 91.517439 93.927272 82.698963 84.979371 87.274117 89.582101 91.902325 94.233884 96.575959 12.700000 10.776307 9.158100 8.032185 7.620000 8.032185 9.158100 10.160000 7.620000 5.080000 2.540000 0.000000 2.540000 5.080000 
101.717142 45.443464 155.349251 125.905207 91.212763 93.646588 96.085908 98.530317 100.979444 103.432955 105.890544 93.705970 96.076657 98.455789 100.842768 103.237051 105.638140 108.045582 31.479964 32.066073 32.691035 33.352665 27.027229 27.707688 28.428625 29.187038 46.619972 47.848422 49.078987 50.311513 45.579490 46.835239 48.091737 49.348926 77.233824 79.589793 81.956758 84.333790 86.720064 89.114836 91.517439 80.434115 82.698963 84.979371 87.274117 89.582101 91.902325 94.233884 14.810618 12.700000 10.776307 9.158100 8.032185 7.620000 8.032185 12.700000 10.160000 7.620000 5.080000 2.540000 0.000000 2.540000 
102.265795 46.658593 153.408297 123.502376 88.784887 91.212763 93.646588 96.085908 98.530317 100.979444 103.432955 91.344385 93.705970 96.076657 98.455789 100.842768 103.237051 105.638140 30.433136 30.934917 31.479964 32.066073 25.800363 26.390377 27.027229 27.707688 44.170122 45.393808 46.619972 47.848422 43.070499 44.324553 45.579490 46.835239 74.889886 77.233824 79.589793 81.956758 84.333790 86.720064 89.114836 78.186178 80.434115 82.698963 84.979371 87.274117 89.582101 91.902325 17.038838 14.810618 12.700000 10.776307 9.158100 8.032185 7.620000 15.240000 12.700000 10.160000 7.620000 5.080000 2.540000 0.000000 
