38
# Circuit board instance
Size: large
Nodes: 38
0.000000 140.000000 140.000000 197.989899 101.565084 102.784852 104.005823 105.227955 103.103524 104.305303 105.508681 106.713602 144.544391 145.707719 146.872815 148.039637 146.664204 147.810849 148.959496 150.110099 81.587805 83.506860 85.458320 87.440017 89.449940 104.594945 105.864790 107.134638 108.404490 104.798055 106.065468 107.332942 108.600475 104.352535 106.166369 108.009479 109.880391 111.777710 
140.000000 0.000000 197.989899 140.000000 148.152407 148.991259 149.836180 150.687066 144.366222 145.226946 146.093638 146.966195 155.537339 156.619036 157.703541 158.790796 152.927341 154.027368 155.129992 156.235158 95.652175 93.567966 91.506793 89.470247 87.460050 173.433632 174.202399 174.977006 175.757377 169.408838 170.195786 170.988545 171.787034 98.986856 97.309014 95.669189 94.069371 92.511635 
140.000000 197.989899 0.000000 140.000000 51.145187 50.094807 49.054817 48.025892 54.135945 53.144709 52.165559 51.199187 58.725437 58.572481 58.446727 58.348351 63.765074 63.624234 63.508484 63.417961 105.435440 106.927348 108.458225 110.026445 111.630434 35.456234 34.187654 32.919183 31.650836 36.050994 34.804100 33.558938 32.315709 99.292771 101.197335 103.129289 105.087122 107.069413 
197.989899 140.000000 140.000000 0.000000 119.371268 118.925015 118.490694 118.068437 114.638432 114.173682 113.721216 113.281182 82.142924 82.033642 81.943900 81.873763 77.086754 76.970294 76.874642 76.799874 116.659336 114.956628 113.285282 111.646707 110.042367 142.815498 142.505852 142.206873 141.918630 137.899950 137.579240 137.269532 136.970899 93.637602 91.862108 90.123230 88.423127 86.764079 
101.565084 148.152407 51.145187 119.371268 0.000000 1.270000 2.540000 3.810000 5.080000 5.236344 5.679613 6.350000 45.796638 46.769049 47.755435 48.754949 49.250135 50.155634 51.076661 52.012391 54.329673 55.892818 57.525680 59.222495 60.977924 27.725279 28.076602 28.480271 28.934096 22.850751 23.275766 23.761135 24.303243 51.309054 53.571760 55.858313 58.165900 60.492115 
102.784852 148.991259 50.094807 118.925015 1.270000 0.000000 1.270000 2.540000 5.236344 5.080000 5.236344 5.679613 44.839112 45.796638 46.769049 47.755435 48.361035 49.250135 50.155634 51.076661 55.350087 56.885198 58.490364 60.159976 61.888819 27.428315 27.725279 28.076602 28.480271 22.489512 22.850751 23.275766 23.761135 51.910803 54.148369 56.411555 58.697397 61.003347 
104.005823 149.836180 49.054817 118.490694 2.540000 1.270000 0.000000 1.270000 5.679613 5.236344 5.080000 5.236344 43.897446 44.839112 45.796638 46.769049 47.489256 48.361035 49.250135 50.155634 56.380641 57.888430 59.466522 61.109469 62.812184 27.187490 27.428315 27.725279 28.076602 22.195164 22.489512 22.850751 23.275766 52.536365 54.748371 56.987733 59.251351 61.536547 
105.227955 150.687066 48.025892 118.068437 3.810000 2.540000 1.270000 0.000000 6.350000 5.679613 5.236344 5.080000 42.972680 43.897446 44.839112 45.796638 46.635769 47.489256 48.361035 49.250135 57.420789 58.901958 60.453598 62.070424 63.747477 27.004306 27.187490 27.428315 27.725279 21.970394 22.195164 22.489512 22.850751 53.184901 55.371005 57.586160 59.827139 62.091148 
103.103524 144.366222 54.135945 114.638432 5.080000 5.236344 5.679613 6.350000 0.000000 1.270000 2.540000 3.810000 42.669675 43.711703 44.765508 45.830275 45.796638 46.769049 47.755435 48.754949 51.437687 52.842435 54.329673 55.892818 57.525680 32.662490 32.961230 33.305749 33.694644 27.725279 28.076602 28.480271 28.934096 46.868964 49.073494 51.309054 53.571760 55.858313 
104.305303 145.226946 53.144709 114.173682 5.236344 5.080000 5.236344 5.679613 1.270000 0.000000 1.270000 2.540000 41.640306 42.669675 43.711703 44.765508 44.839112 45.796638 46.769049 47.755435 52.514326 53.891017 55.350087 56.885198 58.490364 32.410794 32.662490 32.961230 33.305749 27.428315 27.725279 28.076602 28.480271 47.526963 49.702316 51.910803 54.148369 56.411555 
105.508681 146.093638 52.165559 113.721216 5.679613 5.236344 5.080000 5.236344 2.540000 1.270000 0.000000 1.270000 40.624559 41.640306 42.669675 43.711703 43.897446 44.839112 45.796638 46.769049 53.599431 54.948942 56.380641 57.888430 59.466522 32.207246 32.410794 32.662490 32.961230 27.187490 27.428315 27.725279 28.076602 48.209443 50.355322 52.536365 54.748371 56.987733 
106.713602 146.966195 51.199187 113.281182 6.350000 5.679613 5.236344 5.080000 3.810000 2.540000 1.270000 0.000000 39.623482 40.624559 41.640306 42.669675 42.972680 43.897446 44.839112 45.796638 54.692498 56.015681 57.420789 58.901958 60.453598 32.052763 32.207246 32.410794 32.662490 27.004306 27.187490 27.428315 27.725279 48.915380 51.031583 53.184901 55.371005 57.586160 
144.544391 155.537339 58.725437 82.142924 45.796638 44.839112 43.897446 42.972680 42.669675 41.640306 40.624559 39.623482 0.000000 1.270000 2.540000 3.810000 5.080000 5.236344 5.679613 6.350000 78.283180 78.417672 78.634023 78.931558 79.309366 62.998662 62.450276 61.923083 61.417631 58.479568 57.888387 57.319252 56.772826 60.681744 61.387049 62.188173 63.081463 64.063066 
145.707719 156.619036 58.572481 82.033642 46.769049 45.796638 44.839112 43.897446 43.711703 42.669675 41.640306 40.624559 1.270000 0.000000 1.270000 2.540000 5.236344 5.080000 5.236344 5.679613 79.552335 79.684685 79.897605 80.190452 80.562356 63.567694 62.998662 62.450276 61.923083 59.092133 58.479568 57.888387 57.319252 61.909494 62.600968 63.386751 64.263383 65.227201 
146.872815 157.703541 58.446727 81.943900 47.755435 46.769049 45.796638 44.839112 44.765508 43.711703 42.669675 41.640306 2.540000 1.270000 0.000000 1.270000 5.679613 5.236344 5.080000 5.236344 80.821516 80.951791 81.161387 81.449691 81.815871 64.156822 63.567694 62.998662 62.450276 59.725424 59.092133 58.479568 57.888387 63.138915 63.817070 64.588059 65.448603 66.395218 
148.039637 158.790796 58.348351 81.873763 48.754949 47.755435 46.769049 45.796638 45.830275 44.765508 43.711703 42.669675 3.810000 2.540000 1.270000 0.000000 6.350000 5.679613 5.236344 5.080000 82.090723 82.218987 82.425360 82.709258 83.069886 64.765498 64.156822 63.567694 62.998662 60.378789 59.725424 59.092133 58.479568 64.369912 65.035232 65.791948 66.636946 67.566915 
146.664204 152.927341 63.765074 77.086754 49.250135 48.361035 47.489256 46.635769 45.796638 44.839112 43.897446 42.972680 5.080000 5.236344 5.679613 6.350000 0.000000 1.270000 2.540000 3.810000 78.261203 78.230969 78.283180 78.417672 78.634023 67.597455 67.086671 66.596191 66.126468 62.998662 62.450276 61.923083 61.417631 59.571739 60.075631 60.681744 61.387049 62.188173 
147.810849 154.027368 63.624234 76.970294 50.155634 49.250135 48.361035 47.489256 46.769049 45.796638 44.839112 43.897446 5.236344 5.080000 5.236344 5.679613 1.270000 0.000000 1.270000 2.540000 79.530709 79.500957 79.552335 79.684685 79.897605 68.128086 67.597455 67.086671 66.596191 63.567694 62.998662 62.450276 61.923083 60.821900 61.315519 61.909494 62.600968 63.386751 
148.959496 155.129992 63.508484 76.874642 51.076661 50.155634 49.250135 48.361035 47.755435 46.769049 45.796638 44.839112 5.679613 5.236344 5.080000 5.236344 2.540000 1.270000 0.000000 1.270000 80.800230 80.770946 80.821516 80.951791 81.161387 68.678106 68.128086 67.597455 67.086671 64.156822 63.567694 62.998662 62.450276 62.072866 62.556615 63.138915 63.817070 64.588059 
150.110099 156.235158 63.417961 76.799874 52.012391 51.076661 50.155634 49.250135 48.754949 47.755435 46.769049 45.796638 6.350000 5.679613 5.236344 5.080000 3.810000 2.540000 1.270000 0.000000 82.069765 82.040935 82.090723 82.218987 82.425360 69.247052 68.678106 68.128086 67.597455 64.765498 64.156822 63.567694 62.998662 63.324590 63.798848 64.369912 65.035232 65.791948 
81.587805 95.652175 105.435440 116.659336 54.329673 55.350087 56.380641 57.420789 51.437687 52.514326 53.599431 54.692498 78.283180 79.552335 80.821516 82.090723 78.261203 79.530709 80.800230 82.069765 0.000000 2.540000 5.080000 7.620000 10.160000 78.011487 78.839726 79.679599 80.530742 74.213029 75.083180 75.964597 76.856893 23.416408 24.895793 26.536317 28.309979 30.193325 
83.506860 93.567966 106.927348 114.956628 55.892818 56.885198 57.888430 58.901958 52.842435 53.891017 54.948942 56.015681 78.417672 79.684685 80.951791 82.218987 78.230969 79.500957 80.770946 82.040935 2.540000 0.000000 2.540000 5.080000 7.620000 79.964093 80.772312 81.592294 82.423688 76.093569 76.942456 77.802813 78.674262 22.130499 23.416408 24.895793 26.536317 28.309979 
85.458320 91.506793 108.458225 113.285282 57.525680 58.490364 59.466522 60.453598 54.329673 55.350087 56.380641 57.420789 78.634023 79.897605 81.161387 82.425360 78.283180 79.552335 80.821516 82.090723 5.080000 2.540000 0.000000 2.540000 5.080000 81.948907 82.737740 83.538433 84.350647 78.011487 78.839726 79.679599 80.530742 21.073514 22.130499 23.416408 24.895793 26.536317 
87.440017 89.470247 110.026445 111.646707 59.222495 60.159976 61.109469 62.070424 55.892818 56.885198 57.888430 58.901958 78.931558 80.190452 81.449691 82.709258 78.417672 79.684685 80.951791 82.218987 7.620000 5.080000 2.540000 0.000000 2.540000 83.963645 84.733724 85.515730 86.309339 79.964093 80.772312 81.592294 82.423688 20.281277 21.073514 22.130499 23.416408 24.895793 
89.449940 87.460050 111.630434 110.042367 60.977924 61.888819 62.812184 63.747477 57.525680 58.490364 59.466522 60.453598 79.309366 80.562356 81.815871 83.069886 78.634023 79.897605 81.161387 82.425360 10.160000 7.620000 5.080000 2.540000 0.000000 86.006205 86.758156 87.522076 88.297654 81.948907 82.737740 83.538433 84.350647 19.785617 20.281277 21.073514 22.130499 23.416408 
104.594945 173.433632 35.456234 142.815498 27.725279 27.428315 27.187490 27.004306 32.662490 32.410794 32.207246 32.052763 62.998662 63.567694 64.156822 64.765498 67.597455 68.128086 68.678106 69.247052 78.011487 79.964093 81.948907 83.963645 86.006205 0.000000 1.270000 2.540000 3.810000 5.080000 5.236344 5.679613 6.350000 78.581722 80.923247 83.276406 85.640242 88.013893 
105.864790 174.202399 34.187654 142.505852 28.076602 27.725279 27.428315 27.187490 32.961230 32.662490 32.410794 32.207246 62.450276 62.998662 63.567694 64.156822 67.086671 67.597455 68.128086 68.678106 78.839726 80.772312 82.737740 84.733724 86.758156 1.270000 0.000000 1.270000 2.540000 5.236344 5.080000 5.236344 5.679613 79.089766 81.416680 83.755978 86.106649 88.467787 
107.134638 174.977006 32.919183 142.206873 28.480271 28.076602 27.725279 27.428315 33.305749 32.961230 32.662490 32.410794 61.923083 62.450276 62.998662 63.567694 66.596191 67.086671 67.597455 68.128086 79.679599 81.592294 83.538433 85.515730 87.522076 2.540000 1.270000 0.000000 1.270000 5.679613 5.236344 5.080000 5.236344 79.614828 81.926831 84.251965 86.589173 88.937502 
108.404490 175.757377 31.650836 141.918630 28.934096 28.480271 28.076602 27.725279 33.694644 33.305749 32.961230 32.662490 61.417631 61.923083 62.450276 62.998662 66.126468 66.596191 67.086671 67.597455 80.530742 82.423688 84.350647 86.309339 88.297654 3.810000 2.540000 1.270000 0.000000 6.350000 5.679613 5.236344 5.080000 80.156574 82.453388 84.764080 87.087544 89.422787 
104.798055 169.408838 36.050994 137.899950 22.850751 22.489512 22.195164 21.970394 27.725279 27.428315 27.187490 27.004306 58.479568 59.092133 59.725424 60.378789 62.998662 63.567694 64.156822 64.765498 74.213029 76.093569 78.011487 79.964093 81.948907 5.080000 5.236344 5.679613 6.350000 0.000000 1.270000 2.540000 3.810000 73.937995 76.252905 78.581722 80.923247 83.276406 
106.065468 170.195786 34.804100 137.579240 23.275766 22.850751 22.489512 22.195164 28.076602 27.725279 27.428315 27.187490 57.888387 58.479568 59.092133 59.725424 62.450276 62.998662 63.567694 64.156822 75.083180 76.942456 78.839726 80.772312 82.737740 5.236344 5.080000 5.236344 5.679613 1.270000 0.000000 1.270000 2.540000 74.477722 76.776360 79.089766 81.416680 83.755978 
107.332942 170.988545 33.558938 137.269532 23.761135 23.275766 22.850751 22.489512 28.480271 28.076602 27.725279 27.428315 57.319252 57.888387 58.479568 59.092133 61.923083 62.450276 62.998662 63.567694 75.964597 77.802813 79.679599 81.592294 83.538433 5.679613 5.236344 5.080000 5.236344 2.540000 1.270000 0.000000 1.270000 75.035064 77.317134 79.614828 81.926831 84.251965 
108.600475 171.787034 32.315709 136.970899 24.303243 23.761135 23.275766 22.850751 28.934096 28.480271 28.076602 27.725279 56.772826 57.319252 57.888387 58.479568 61.417631 61.923083 62.450276 62.998662 76.856893 78.674262 80.530742 82.423688 84.350647 6.350000 5.679613 5.236344 5.080000 3.810000 2.540000 1.270000 0.000000 75.609632 77.874866 80.156574 82.453388 84.764080 
104.352535 98.986856 99.292771 93.637602 51.309054 51.910803 52.536365 53.184901 46.868964 47.526963 48.209443 48.915380 60.681744 61.909494 63.138915 64.369912 59.571739 60.821900 62.072866 63.324590 23.416408 22.130499 21.073514 20.281277 19.785617 78.581722 79.089766 79.614828 80.156574 73.937995 74.477722 75.035064 75.609632 0.000000 2.540000 5.080000 7.620000 10.160000 
106.166369 97.309014 101.197335 91.862108 53.571760 54.148369 54.748371 55.371005 49.073494 49.702316 50.355322 51.031583 61.387049 62.600968 63.817070 65.035232 60.075631 61.315519 62.556615 63.798848 24.895793 23.416408 22.130499 21.073514 20.281277 80.923247 81.416680 81.926831 82.453388 76.252905 76.776360 77.317134 77.874866 2.540000 0.000000 2.540000 5.080000 7.620000 
108.009479 95.669189 103.129289 90.123230 55.858313 56.411555 56.987733 57.586160 51.309054 51.910803 52.536365 53.184901 62.188173 63.386751 64.588059 65.791948 60.681744 61.909494 63.138915 64.369912 26.536317 24.895793 23.416408 22.130499 21.073514 83.276406 83.755978 84.251965 84.764080 78.581722 79.089766 79.614828 80.156574 5.080000 2.540000 0.000000 2.540000 5.080000 
109.880391 94.069371 105.087122 88.423127 58.165900 58.697397 59.251351 59.827139 53.571760 54.148369 54.748371 55.371005 63.081463 64.263383 65.448603 66.636946 61.387049 62.600968 63.817070 65.035232 28.309979 26.536317 24.895793 23.416408 22.130499 85.640242 86.106649 86.589173 87.087544 80.923247 81.416680 81.926831 82.453388 7.620000 5.080000 2.540000 0.000000 2.540000 
111.777710 92.511635 107.069413 86.764079 60.492115 61.003347 61.536547 62.091148 55.858313 56.411555 56.987733 57.586160 64.063066 65.227201 66.395218 67.566915 62.188173 63.386751 64.588059 65.791948 30.193325 28.309979 26.536317 24.895793 23.416408 88.013893 88.467787 88.937502 89.422787 83.276406 83.755978 84.251965 84.764080 10.160000 7.620000 5.080000 2.540000 0.000000 
