37
# Circuit board instance
Size: large
Nodes: 37
0.000000 90.000000 90.000000 127.279221 60.261980 62.653912 65.057070 67.470254 69.892426 72.322683 74.760236 63.282051 65.563896 67.864085 70.180816 72.512502 74.857746 77.215313 90.854103 92.199885 93.595262 95.038047 96.526115 73.530519 74.968189 76.463225 78.012328 79.612342 81.260261 82.953229 79.984499 81.308131 82.688618 84.123160 85.609041 87.143633 88.724410 
90.000000 0.000000 127.279221 90.000000 89.501257 91.128927 92.797581 94.505047 96.249259 98.028257 99.840180 83.737606 85.475102 87.251950 89.065794 90.914419 92.795748 94.707832 88.623350 87.425678 86.286171 85.207163 84.190980 49.903684 51.998748 54.131924 56.298878 58.495858 60.719605 62.967282 45.929952 48.198056 50.492059 52.808584 55.144794 57.498289 59.867031 
90.000000 127.279221 0.000000 90.000000 39.275373 37.139755 35.058110 33.040640 31.099838 29.250969 27.512572 43.768330 41.862550 40.027275 38.272648 36.610267 35.053258 33.616266 48.820908 51.281887 53.750219 56.224936 58.705229 78.553514 76.986666 75.472791 74.015138 72.617095 71.282167 70.013967 84.625277 83.172890 81.773620 80.430240 79.145596 77.922591 76.764174 
127.279221 90.000000 90.000000 0.000000 76.951437 75.883662 74.886846 73.963860 73.117499 72.350452 71.665266 70.164346 68.991607 67.893678 66.874243 65.936942 65.085326 64.322796 44.532138 42.098245 39.677655 37.272961 34.887450 57.046429 54.868818 52.723643 50.615029 48.547738 46.527280 44.560027 53.604831 51.281284 48.979235 46.701863 44.452961 42.237077 40.059691 
60.261980 89.501257 39.275373 76.951437 0.000000 2.540000 5.080000 7.620000 10.160000 12.700000 15.240000 7.620000 8.032185 9.158100 10.776307 12.700000 14.810618 17.038838 33.859673 35.886106 37.974346 40.114742 42.299377 43.518364 42.658941 41.935973 41.356614 40.926964 40.651771 40.534181 50.691059 49.955188 49.339247 48.847774 48.484554 48.252482 48.153456 
62.653912 91.128927 37.139755 75.883662 2.540000 0.000000 2.540000 5.080000 7.620000 10.160000 12.700000 8.032185 7.620000 8.032185 9.158100 10.776307 12.700000 14.810618 32.344885 34.460510 36.630112 38.844648 41.096854 44.506335 43.518364 42.658941 41.935973 41.356614 40.926964 40.651771 51.541725 50.691059 49.955188 49.339247 48.847774 48.484554 48.252482 
65.057070 92.797581 35.058110 74.886846 5.080000 2.540000 0.000000 2.540000 5.080000 7.620000 10.160000 9.158100 8.032185 7.620000 8.032185 9.158100 10.776307 12.700000 30.964640 33.168420 35.417262 37.703104 40.019605 45.614504 44.506335 43.518364 42.658941 41.935973 41.356614 40.926964 52.501605 51.541725 50.691059 49.955188 49.339247 48.847774 48.484554 
67.470254 94.505047 33.040640 73.963860 7.620000 5.080000 2.540000 0.000000 2.540000 5.080000 7.620000 10.776307 9.158100 8.032185 7.620000 8.032185 9.158100 10.776307 29.737678 32.026000 34.349716 36.702106 39.077990 46.834339 45.614504 44.506335 43.518364 42.658941 41.935973 41.356614 53.564828 52.501605 51.541725 50.691059 49.955188 49.339247 48.847774 
69.892426 96.249259 31.099838 73.117499 10.160000 7.620000 5.080000 2.540000 0.000000 2.540000 5.080000 12.700000 10.776307 9.158100 8.032185 7.620000 8.032185 9.158100 28.683676 31.049773 33.441393 35.853428 38.282020 48.157354 46.834339 45.614504 44.506335 43.518364 42.658941 41.935973 54.725372 53.564828 52.501605 51.541725 50.691059 49.955188 49.339247 
72.322683 98.028257 29.250969 72.350452 12.700000 10.160000 7.620000 5.080000 2.540000 0.000000 2.540000 14.810618 12.700000 10.776307 9.158100 8.032185 7.620000 8.032185 27.822297 30.255832 32.705561 35.168100 37.640935 49.575291 48.157354 46.834339 45.614504 44.506335 43.518364 42.658941 55.977183 54.725372 53.564828 52.501605 51.541725 50.691059 49.955188 
74.760236 99.840180 27.512572 71.665266 15.240000 12.700000 10.160000 7.620000 5.080000 2.540000 0.000000 17.038838 14.810618 12.700000 10.776307 9.158100 8.032185 7.620000 27.171867 29.658818 32.154064 34.655814 37.162752 51.080244 49.575291 48.157354 46.834339 45.614504 44.506335 43.518364 57.314282 55.977183 54.725372 53.564828 52.501605 51.541725 50.691059 
63.282051 83.737606 43.768330 70.164346 7.620000 8.032185 9.158100 10.776307 12.700000 14.810618 17.038838 0.000000 2.540000 5.080000 7.620000 10.160000 12.700000 15.240000 28.282348 30.041917 31.906825 33.859673 35.886106 36.527267 35.498994 34.626855 33.922894 33.397750 33.059942 32.915241 43.518364 42.658941 41.935973 41.356614 40.926964 40.651771 40.534181 
65.563896 85.475102 41.862550 68.991607 8.032185 7.620000 8.032185 9.158100 10.776307 12.700000 14.810618 2.540000 0.000000 2.540000 5.080000 7.620000 10.160000 12.700000 26.450054 28.323681 30.294548 32.344885 34.460510 37.698901 36.527267 35.498994 34.626855 33.922894 33.397750 33.059942 44.506335 43.518364 42.658941 41.935973 41.356614 40.926964 40.651771 
67.864085 87.251950 40.027275 67.893678 9.158100 8.032185 7.620000 8.032185 9.158100 10.776307 12.700000 5.080000 2.540000 0.000000 2.540000 5.080000 7.620000 10.160000 24.743134 26.736646 28.816263 30.964640 33.168420 39.000977 37.698901 36.527267 35.498994 34.626855 33.922894 33.397750 45.614504 44.506335 43.518364 42.658941 41.935973 41.356614 40.926964 
70.180816 89.065794 38.272648 66.874243 10.776307 9.158100 8.032185 7.620000 8.032185 9.158100 10.776307 7.620000 5.080000 2.540000 0.000000 2.540000 5.080000 7.620000 23.189292 25.305509 27.493591 29.737678 32.026000 40.420892 39.000977 37.698901 36.527267 35.498994 34.626855 33.922894 46.834339 45.614504 44.506335 43.518364 42.658941 41.935973 41.356614 
72.512502 90.914419 36.610267 65.936942 12.700000 10.776307 9.158100 8.032185 7.620000 8.032185 9.158100 10.160000 7.620000 5.080000 2.540000 0.000000 2.540000 5.080000 21.821251 24.058108 26.349977 28.683676 31.049773 41.946681 40.420892 39.000977 37.698901 36.527267 35.498994 34.626855 48.157354 46.834339 45.614504 44.506335 43.518364 42.658941 41.935973 
74.857746 92.795748 35.053258 65.085326 14.810618 12.700000 10.776307 9.158100 8.032185 7.620000 8.032185 12.700000 10.160000 7.620000 5.080000 2.540000 0.000000 2.540000 20.675927 23.024324 25.409609 27.822297 30.255832 43.567221 41.946681 40.420892 39.000977 37.698901 36.527267 35.498994 49.575291 48.157354 46.834339 45.614504 44.506335 43.518364 42.658941 
77.215313 94.707832 33.616266 64.322796 17.038838 14.810618 12.700000 10.776307 9.158100 8.032185 7.620000 15.240000 12.700000 10.160000 7.620000 5.080000 2.540000 0.000000 19.792021 22.233975 24.695716 27.171867 29.658818 45.272338 43.567221 41.946681 40.420892 39.000977 37.698901 36.527267 51.080244 49.575291 48.157354 46.834339 45.614504 44.506335 43.518364 
90.854103 88.623350 48.820908 44.532138 33.859673 32.344885 30.964640 29.737678 28.683676 27.822297 27.171867 28.282348 26.450054 24.743134 23.189292 21.821251 20.675927 19.792021 0.000000 2.540000 5.080000 7.620000 10.160000 39.421809 37.057778 34.718611 32.409693 30.137977 27.912547 25.745410 42.721937 40.550755 38.424820 36.352071 34.342139 32.406715 30.559958 
92.199885 87.425678 51.281887 42.098245 35.886106 34.460510 33.168420 32.026000 31.049773 30.255832 29.658818 30.041917 28.323681 26.736646 25.305509 24.058108 23.024324 22.233975 2.540000 0.000000 2.540000 5.080000 7.620000 38.594349 36.176286 33.776126 31.397977 29.047245 26.731163 24.459578 41.495772 39.256833 37.056740 34.902840 32.804233 30.772233 28.820933 
93.595262 86.286171 53.750219 39.677655 37.974346 36.630112 35.417262 34.349716 33.441393 32.705561 32.154064 31.906825 30.294548 28.816263 27.493591 26.349977 25.409609 24.695716 5.080000 2.540000 0.000000 2.540000 5.080000 37.919280 35.455206 33.002647 30.564374 28.144101 25.746904 23.379883 40.392294 38.088546 35.816761 33.583428 31.396753 29.267195 27.208171 
95.038047 85.207163 56.224936 37.272961 40.114742 38.844648 37.703104 36.702106 35.853428 35.168100 34.655814 33.859673 32.344885 30.964640 29.737678 28.683676 27.822297 27.171867 7.620000 5.080000 2.540000 0.000000 2.540000 37.404852 34.904481 32.410274 29.923772 27.447069 24.983079 22.535973 39.421809 37.057778 34.718611 32.409693 30.137977 27.912547 25.745410 
96.526115 84.190980 58.705229 34.887450 42.299377 41.096854 40.019605 39.077990 38.282020 37.640935 37.162752 35.886106 34.460510 33.168420 32.026000 31.049773 30.255832 29.658818 10.160000 7.620000 5.080000 2.540000 0.000000 37.057757 34.532263 32.009065 29.488752 26.972133 24.460348 21.955056 38.594349 36.176286 33.776126 31.397977 29.047245 26.731163 24.459578 
73.530519 49.903684 78.553514 57.046429 43.518364 44.506335 45.614504 46.834339 48.157354 49.575291 51.080244 36.527267 37.698901 39.000977 40.420892 41.946681 43.567221 45.272338 39.421809 38.594349 37.919280 37.404852 37.057757 0.000000 2.540000 5.080000 7.620000 10.160000 12.700000 15.240000 7.620000 8.032185 9.158100 10.776307 12.700000 14.810618 17.038838 
74.968189 51.998748 76.986666 54.868818 42.658941 43.518364 44.506335 45.614504 46.834339 48.157354 49.575291 35.498994 36.527267 37.698901 39.000977 40.420892 41.946681 43.567221 37.057778 36.176286 35.455206 34.904481 34.532263 2.540000 0.000000 2.540000 5.080000 7.620000 10.160000 12.700000 8.032185 7.620000 8.032185 9.158100 10.776307 12.700000 14.810618 
76.463225 54.131924 75.472791 52.723643 41.935973 42.658941 43.518364 44.506335 45.614504 46.834339 48.157354 34.626855 35.498994 36.527267 37.698901 39.000977 40.420892 41.946681 34.718611 33.776126 33.002647 32.410274 32.009065 5.080000 2.540000 0.000000 2.540000 5.080000 7.620000 10.160000 9.158100 8.032185 7.620000 8.032185 9.158100 10.776307 12.700000 
78.012328 56.298878 74.015138 50.615029 41.356614 41.935973 42.658941 43.518364 44.506335 45.614504 46.834339 33.922894 34.626855 35.498994 36.527267 37.698901 39.000977 40.420892 32.409693 31.397977 30.564374 29.923772 29.488752 7.620000 5.080000 2.540000 0.000000 2.540000 5.080000 7.620000 10.776307 9.158100 8.032185 7.620000 8.032185 9.158100 10.776307 
79.612342 58.495858 72.617095 48.547738 40.926964 41.356614 41.935973 42.658941 43.518364 44.506335 45.614504 33.397750 33.922894 34.626855 35.498994 36.527267 37.698901 39.000977 30.137977 29.047245 28.144101 27.447069 26.972133 10.160000 7.620000 5.080000 2.540000 0.000000 2.540000 5.080000 12.700000 10.776307 9.158100 8.032185 7.620000 8.032185 9.158100 
81.260261 60.719605 71.282167 46.527280 40.651771 40.926964 41.356614 41.935973 42.658941 43.518364 44.506335 33.059942 33.397750 33.922894 34.626855 35.498994 36.527267 37.698901 27.912547 26.731163 25.746904 24.983079 24.460348 12.700000 10.160000 7.620000 5.080000 2.540000 0.000000 2.540000 14.810618 12.700000 10.776307 9.158100 8.032185 7.620000 8.032185 
82.953229 62.967282 70.013967 44.560027 40.534181 40.651771 40.926964 41.356614 41.935973 42.658941 43.518364 32.915241 33.059942 33.397750 33.922894 34.626855 35.498994 36.527267 25.745410 24.459578 23.379883 22.535973 21.955056 15.240000 12.700000 10.160000 7.620000 5.080000 2.540000 0.000000 17.038838 14.810618 12.700000 10.776307 9.158100 8.032185 7.620000 
79.984499 45.929952 84.625277 53.604831 50.691059 51.541725 52.501605 53.564828 54.725372 55.977183 57.314282 43.518364 44.506335 45.614504 46.834339 48.157354 49.575291 51.080244 42.721937 41.495772 40.392294 39.421809 38.594349 7.620000 8.032185 9.158100 10.776307 12.700000 14.810618 17.038838 0.000000 2.540000 5.080000 7.620000 10.160000 12.700000 15.240000 
81.308131 48.198056 83.172890 51.281284 49.955188 50.691059 51.541725 52.501605 53.564828 54.725372 55.977183 42.658941 43.518364 44.506335 45.614504 46.834339 48.157354 49.575291 40.550755 39.256833 38.088546 37.057778 36.176286 8.032185 7.620000 8.032185 9.158100 10.776307 12.700000 14.810618 2.540000 0.000000 2.540000 5.080000 7.620000 10.160000 12.700000 
82.688618 50.492059 81.773620 48.979235 49.339247 49.955188 50.691059 51.541725 52.501605 53.564828 54.725372 41.935973 42.658941 43.518364 44.506335 45.614504 46.834339 48.157354 38.424820 37.056740 35.816761 34.718611 33.776126 9.158100 8.032185 7.620000 8.032185 9.158100 10.776307 12.700000 5.080000 2.540000 0.000000 2.540000 5.080000 7.620000 10.160000 
84.123160 52.808584 80.430240 46.701863 48.847774 49.339247 49.955188 50.691059 51.541725 52.501605 53.564828 41.356614 41.935973 42.658941 43.518364 44.506335 45.614504 46.834339 36.352071 34.902840 33.583428 32.409693 31.397977 10.776307 9.158100 8.032185 7.620000 8.032185 9.158100 10.776307 7.620000 5.080000 2.540000 0.000000 2.540000 5.080000 7.620000 
85.609041 55.144794 79.145596 44.452961 48.484554 48.847774 49.339247 49.955188 50.691059 51.541725 52.501605 40.926964 41.356614 41.935973 42.658941 43.518364 44.506335 45.614504 34.342139 32.804233 31.396753 30.137977 29.047245 12.700000 10.776307 9.158100 8.032185 7.620000 8.032185 9.158100 10.160000 7.620000 5.080000 2.540000 0.000000 2.540000 5.080000 
87.143633 57.498289 77.922591 42.237077 48.252482 48.484554 48.847774 49.339247 49.955188 50.691059 51.541725 40.651771 40.926964 41.356614 41.935973 42.658941 43.518364 44.506335 32.406715 30.772233 29.267195 27.912547 26.731163 14.810618 12.700000 10.776307 9.158100 8.032185 7.620000 8.032185 12.700000 10.160000 7.620000 5.080000 2.540000 0.000000 2.540000 
88.724410 59.867031 76.764174 40.059691 48.153456 48.252482 48.484554 48.847774 49.339247 49.955188 50.691059 40.534181 40.651771 40.926964 41.356614 41.935973 42.658941 43.518364 30.559958 28.820933 27.208171 25.745410 24.459578 17.038838 14.810618 12.700000 10.776307 9.158100 8.032185 7.620000 15.240000 12.700000 10.160000 7.620000 5.080000 2.540000 0.000000 
