59
# Circuit board instance
Size: large
Nodes: 59
0.000000 140.000000 140.000000 197.989899 47.396381 48.167380 49.057918 50.061615 51.171813 52.381741 53.684657 54.754672 55.423404 56.199079 57.077338 58.053524 59.122788 60.280176 63.176248 63.349182 63.547031 63.769563 68.218584 68.378766 68.562103 68.768408 26.957739 28.591292 30.349753 32.212671 34.162964 36.186506 38.271680 33.295301 34.631190 36.096604 37.676432 39.356898 41.125668 42.971838 70.453310 72.445934 74.471880 76.528503 78.613395 80.724365 82.859421 75.477700 77.340983 79.241879 81.177745 83.146138 85.144804 87.171658 118.783433 121.285241 123.788605 126.293431 128.799635 
140.000000 0.000000 197.989899 140.000000 95.410911 95.796250 96.247100 96.762546 97.341561 97.983018 98.685700 87.870923 88.289177 88.778159 89.336709 89.963530 90.657207 91.416217 77.740278 77.880879 78.041896 78.223204 72.688978 72.839330 73.011467 73.205235 119.907330 120.285120 120.715184 121.196965 121.729849 122.313169 122.946206 112.365587 112.768646 113.227262 113.740765 114.308414 114.929407 115.602885 110.269389 111.553049 112.879273 114.246581 115.653514 117.098645 118.580576 103.725371 105.088996 106.495750 107.943947 109.431941 110.958132 112.520965 30.997608 29.159174 27.432942 25.841410 24.410935 
140.000000 197.989899 0.000000 140.000000 134.688297 132.300480 129.918435 127.542486 125.172980 122.810290 120.454817 137.450335 135.111340 132.779731 130.455905 128.140283 125.833321 123.535502 146.140399 144.994127 143.849933 142.707867 148.389869 147.261107 146.134664 145.010593 125.222904 122.720487 120.219647 117.720483 115.223106 112.727633 110.234194 126.738443 124.266550 121.797458 119.331344 116.868394 114.408813 111.952824 96.045259 93.798914 91.567919 89.353426 87.156691 84.979092 82.822138 99.789309 97.629148 95.487686 93.366210 91.266112 89.188903 87.136221 167.043097 168.831283 170.638539 172.464266 174.307884 
197.989899 140.000000 140.000000 0.000000 158.106807 156.077680 154.063704 152.065482 150.083644 148.118846 146.171776 153.674395 151.585947 149.511478 147.451579 145.406868 143.377996 141.365644 153.001074 151.906581 150.814839 149.725908 150.497394 149.384558 148.274247 147.166519 171.265361 169.444286 167.641915 165.858857 164.095741 162.353218 160.631957 166.072518 164.193859 162.333204 160.491176 158.668427 156.865626 155.083471 128.141957 126.467014 124.821285 123.205942 121.622195 120.071293 118.554527 122.556010 120.803642 119.079669 117.385342 115.721962 114.090884 112.493512 121.469108 121.013015 120.608701 120.256687 119.957435 
47.396381 95.410911 134.688297 158.106807 0.000000 2.540000 5.080000 7.620000 10.160000 12.700000 15.240000 7.620000 8.032185 9.158100 10.776307 12.700000 14.810618 17.038838 17.945474 17.615520 17.372359 17.219667 22.851294 22.593099 22.404027 22.285836 24.496444 24.971786 25.690613 26.633218 27.776829 29.097755 30.573022 16.980586 17.659406 18.662051 19.939731 21.443339 23.128854 24.959451 41.565826 44.104811 46.643907 49.183096 51.722365 54.261702 56.801099 42.039737 44.551723 47.066715 49.584257 52.103979 54.625579 57.148809 71.840932 74.367517 76.894986 79.423255 81.952249 
48.167380 95.796250 132.300480 156.077680 2.540000 0.000000 2.540000 5.080000 7.620000 10.160000 12.700000 8.032185 7.620000 8.032185 9.158100 10.776307 12.700000 14.810618 18.846338 18.357542 17.945474 17.615520 23.565357 23.176301 22.851294 22.593099 24.278893 24.496444 24.971786 25.690613 26.633218 27.776829 29.097755 16.665209 16.980586 17.659406 18.662051 19.939731 21.443339 23.128854 39.026973 41.565826 44.104811 46.643907 49.183096 51.722365 54.261702 39.531332 42.039737 44.551723 47.066715 49.584257 52.103979 54.625579 71.620246 74.154351 76.688846 79.223693 81.758861 
49.057918 96.247100 129.918435 154.063704 5.080000 2.540000 0.000000 2.540000 5.080000 7.620000 10.160000 9.158100 8.032185 7.620000 8.032185 9.158100 10.776307 12.700000 20.030778 19.406065 18.846338 18.357542 24.522921 24.015348 23.565357 23.176301 24.326051 24.278893 24.496444 24.971786 25.690613 26.633218 27.776829 16.733837 16.665209 16.980586 17.659406 18.662051 19.939731 21.443339 36.488279 39.026973 41.565826 44.104811 46.643907 49.183096 51.722365 37.027235 39.531332 42.039737 44.551723 47.066715 49.584257 52.103979 71.489181 74.027773 76.566458 79.105227 81.644073 
50.061615 96.762546 127.542486 152.065482 7.620000 5.080000 2.540000 0.000000 2.540000 5.080000 7.620000 10.776307 9.158100 8.032185 7.620000 8.032185 9.158100 10.776307 21.451874 20.714598 20.030778 19.406065 25.696779 25.084580 24.522921 24.015348 24.636396 24.326051 24.278893 24.496444 24.971786 25.690613 26.633218 17.181868 16.733837 16.665209 16.980586 17.659406 18.662051 19.939731 33.949781 36.488279 39.026973 41.565826 44.104811 46.643907 49.183096 34.528383 37.027235 39.531332 42.039737 44.551723 47.066715 49.584257 71.448231 73.988227 76.528224 79.068221 81.608218 
51.171813 97.341561 125.172980 150.083644 10.160000 7.620000 5.080000 2.540000 0.000000 2.540000 5.080000 12.700000 10.776307 9.158100 8.032185 7.620000 8.032185 9.158100 23.065925 22.237288 21.451874 20.714598 27.058797 26.355997 25.696779 25.084580 25.200209 24.636396 24.326051 24.278893 24.496444 24.971786 25.690613 17.980964 17.181868 16.733837 16.665209 16.980586 17.659406 18.662051 31.411526 33.949781 36.488279 39.026973 41.565826 44.104811 46.643907 32.036004 34.528383 37.027235 39.531332 42.039737 44.551723 47.066715 71.497549 74.035853 76.574270 79.112789 81.651400 
52.381741 97.983018 122.810290 148.118846 12.700000 10.160000 7.620000 5.080000 2.540000 0.000000 2.540000 14.810618 12.700000 10.776307 9.158100 8.032185 7.620000 8.032185 24.835340 23.933295 23.065925 22.237288 28.582087 27.801874 27.058797 26.355997 26.001004 25.200209 24.636396 24.326051 24.278893 24.496444 24.971786 19.087083 17.980964 17.181868 16.733837 16.665209 16.980586 17.659406 28.873577 31.411526 33.949781 36.488279 39.026973 41.565826 44.104811 29.551735 32.036004 34.528383 37.027235 39.531332 42.039737 44.551723 71.636949 74.170483 76.704445 79.238794 81.773493 
53.684657 98.685700 120.454817 146.171776 15.240000 12.700000 10.160000 7.620000 5.080000 2.540000 0.000000 17.038838 14.810618 12.700000 10.776307 9.158100 8.032185 7.620000 26.729282 25.768419 24.835340 23.933295 30.242290 29.396479 28.582087 27.801874 27.017718 26.001004 25.200209 24.636396 24.326051 24.278893 24.496444 20.450468 19.087083 17.980964 17.181868 16.733837 16.665209 16.980586 26.336025 28.873577 31.411526 33.949781 36.488279 39.026973 41.565826 27.077810 29.551735 32.036004 34.528383 37.027235 39.531332 42.039737 71.865907 74.391645 76.918321 79.445847 81.974144 
54.754672 87.870923 137.450335 153.674395 7.620000 8.032185 9.158100 10.776307 12.700000 14.810618 17.038838 0.000000 2.540000 5.080000 7.620000 10.160000 12.700000 15.240000 10.890440 10.337707 9.917685 9.647724 15.534609 15.152246 14.868855 14.690165 32.061504 32.426137 32.982902 33.722286 34.632593 35.700751 36.913059 24.496444 24.971786 25.690613 26.633218 27.776829 29.097755 30.573022 42.476171 44.963781 47.456941 49.954821 52.456747 54.962165 57.470619 41.565826 44.104811 46.643907 49.183096 51.722365 54.261702 56.801099 64.267521 66.790814 69.315327 71.840932 74.367517 
55.423404 88.289177 135.111340 151.585947 8.032185 7.620000 8.032185 9.158100 10.776307 12.700000 14.810618 2.540000 0.000000 2.540000 5.080000 7.620000 10.160000 12.700000 12.318527 11.556859 10.890440 10.337707 16.567090 16.008853 15.534609 15.152246 31.895594 32.061504 32.426137 32.982902 33.722286 34.632593 35.700751 24.278893 24.496444 24.971786 25.690613 26.633218 27.776829 29.097755 39.995148 42.476171 44.963781 47.456941 49.954821 52.456747 54.962165 39.026973 41.565826 44.104811 46.643907 49.183096 51.722365 54.261702 64.020735 66.553385 69.086574 71.620246 74.154351 
56.199079 88.778159 132.779731 149.511478 9.158100 8.032185 7.620000 8.032185 9.158100 10.776307 12.700000 5.080000 2.540000 0.000000 2.540000 5.080000 7.620000 10.160000 14.063916 13.158914 12.318527 11.556859 17.902963 17.201145 16.567090 16.008853 31.931505 31.895594 32.061504 32.426137 32.982902 33.722286 34.632593 24.326051 24.278893 24.496444 24.971786 25.690613 26.633218 27.776829 37.522017 39.995148 42.476171 44.963781 47.456941 49.954821 52.456747 36.488279 39.026973 41.565826 44.104811 46.643907 49.183096 51.722365 63.874078 66.412321 68.950693 71.489181 74.027773 
57.077338 89.336709 130.455905 147.451579 10.776307 9.158100 8.032185 7.620000 8.032185 9.158100 10.776307 7.620000 5.080000 2.540000 0.000000 2.540000 5.080000 7.620000 16.023250 15.021858 14.063916 13.158914 19.479910 18.664903 17.902963 17.201145 32.168560 31.931505 31.895594 32.061504 32.426137 32.982902 33.722286 24.636396 24.326051 24.278893 24.496444 24.971786 25.690613 26.633218 35.058449 37.522017 39.995148 42.476171 44.963781 47.456941 49.954821 33.949781 36.488279 39.026973 41.565826 44.104811 46.643907 49.183096 63.828242 66.368238 68.908234 71.448231 73.988227 
58.053524 89.963530 128.140283 145.406868 12.700000 10.776307 9.158100 8.032185 7.620000 8.032185 9.158100 10.160000 7.620000 5.080000 2.540000 0.000000 2.540000 5.080000 18.127287 17.060441 16.023250 15.021858 21.244315 20.341608 19.479910 18.664903 32.602374 32.168560 31.931505 31.895594 32.061504 32.426137 32.982902 25.200209 24.636396 24.326051 24.278893 24.496444 24.971786 25.690613 32.606612 35.058449 37.522017 39.995148 42.476171 44.963781 47.456941 31.411526 33.949781 36.488279 39.026973 41.565826 44.104811 46.643907 63.883443 66.421328 68.959369 71.497549 74.035853 
59.122788 90.657207 125.833321 143.377996 14.810618 12.700000 10.776307 9.158100 8.032185 7.620000 8.032185 12.700000 10.160000 7.620000 5.080000 2.540000 0.000000 2.540000 20.331152 19.218851 18.127287 17.060441 23.153361 22.183026 21.244315 20.341608 33.225238 32.602374 32.168560 31.931505 31.895594 32.061504 32.426137 26.001004 25.200209 24.636396 24.326051 24.278893 24.496444 24.971786 30.169367 32.606612 35.058449 37.522017 39.995148 42.476171 44.963781 28.873577 31.411526 33.949781 36.488279 39.026973 41.565826 44.104811 64.039420 66.571359 69.103889 71.636949 74.170483 
60.280176 91.416217 123.535502 141.365644 17.038838 14.810618 12.700000 10.776307 9.158100 8.032185 7.620000 15.240000 12.700000 10.160000 7.620000 5.080000 2.540000 0.000000 22.605667 21.460966 20.331152 19.218851 25.174164 24.151510 23.153361 22.183026 34.026774 33.225238 32.602374 32.168560 31.931505 31.895594 32.061504 27.017718 26.001004 25.200209 24.636396 24.326051 24.278893 24.496444 27.750557 30.169367 32.606612 35.058449 37.522017 39.995148 42.476171 26.336025 28.873577 31.411526 33.949781 36.488279 39.026973 41.565826 64.295439 66.817677 69.341212 71.865907 74.391645 
63.176248 77.740278 146.140399 153.001074 17.945474 18.846338 20.030778 21.451874 23.065925 24.835340 26.729282 10.890440 12.318527 14.063916 16.023250 18.127287 20.331152 22.605667 0.000000 1.270000 2.540000 3.810000 5.080000 5.236344 5.679613 6.350000 42.310061 42.899282 43.628645 44.491260 45.479544 46.585501 47.800962 34.884137 35.596491 36.472188 37.499787 38.667179 39.962115 41.372621 50.278399 52.650990 55.038525 57.439141 59.851264 62.273557 64.704878 48.021206 50.499956 52.984508 55.474082 57.968031 60.465815 62.966976 55.767797 58.243349 60.724224 63.209796 65.699532 
63.349182 77.880879 144.994127 151.906581 17.615520 18.357542 19.406065 20.714598 22.237288 23.933295 25.768419 10.337707 11.556859 13.158914 15.021858 17.060441 19.218851 21.460966 1.270000 0.000000 1.270000 2.540000 5.236344 5.080000 5.236344 5.679613 42.069899 42.586757 43.246857 44.043757 44.970187 46.018323 47.180054 34.592458 35.219223 36.014614 36.967747 38.066776 39.299463 40.653651 49.098386 51.462697 53.843013 56.237302 58.643853 61.061215 63.488154 46.784296 49.259801 51.741559 54.228710 56.720546 59.216474 61.715999 55.491062 57.978431 60.470176 62.965777 65.464794 
63.547031 78.041896 143.849933 150.814839 17.372359 17.945474 18.846338 20.030778 21.451874 23.065925 24.835340 9.917685 10.890440 12.318527 14.063916 16.023250 18.127287 20.331152 2.540000 1.270000 0.000000 1.270000 5.679613 5.236344 5.080000 5.236344 41.866900 42.310061 42.899282 43.628645 44.491260 45.479544 46.585501 34.345292 34.884137 35.596491 36.472188 37.499787 38.667179 39.962115 47.922973 50.278399 52.650990 55.038525 57.439141 59.851264 62.273557 45.549206 48.021206 50.499956 52.984508 55.474082 57.968031 60.465815 55.242144 57.740238 60.241836 62.746520 65.253934 
63.769563 78.223204 142.707867 149.725908 17.219667 17.615520 18.357542 19.406065 20.714598 22.237288 23.933295 9.647724 10.337707 11.556859 13.158914 15.021858 17.060441 19.218851 3.810000 2.540000 1.270000 0.000000 6.350000 5.679613 5.236344 5.080000 41.701607 42.069899 42.586757 43.246857 44.043757 44.970187 46.018323 34.143606 34.592458 35.219223 36.014614 36.967747 38.066776 39.299463 46.752508 49.098386 51.462697 53.843013 56.237302 58.643853 61.061215 44.316090 46.784296 49.259801 51.741559 54.228710 56.720546 59.216474 55.021422 57.529101 60.039497 62.552283 65.067183 
68.218584 72.688978 148.389869 150.497394 22.851294 23.565357 24.522921 25.696779 27.058797 28.582087 30.242290 15.534609 16.567090 17.902963 19.479910 21.244315 23.153361 25.174164 5.080000 5.236344 5.679613 6.350000 0.000000 1.270000 2.540000 3.810000 47.294990 47.822831 48.478176 49.255934 50.150411 51.155485 52.264776 39.826607 40.452018 41.224702 42.136559 43.178772 44.342150 45.617424 52.348393 54.631159 56.935718 59.259529 61.600411 63.956491 66.326149 49.407022 51.819525 54.243669 56.677962 59.121149 61.572172 64.030131 50.835772 53.298310 55.767797 58.243349 60.724224 
68.378766 72.839330 147.261107 149.384558 22.593099 23.176301 24.015348 25.084580 26.355997 27.801874 29.396479 15.152246 16.008853 17.201145 18.664903 20.341608 22.183026 24.151510 5.236344 5.080000 5.236344 5.679613 1.270000 0.000000 1.270000 2.540000 47.080263 47.542683 48.134867 48.852097 49.688957 50.639518 51.697508 39.571376 40.120435 40.820436 41.663773 42.641940 43.745896 44.966376 51.216094 53.486877 55.780883 58.095361 60.427959 62.776658 65.139715 48.205683 50.611714 53.030241 55.459630 57.898514 60.345741 62.800335 50.532034 53.008684 55.491062 57.978431 60.470176 
68.562103 73.011467 146.134664 148.274247 22.404027 22.851294 23.565357 24.522921 25.696779 27.058797 28.582087 14.868855 15.534609 16.567090 17.902963 19.479910 21.244315 23.153361 5.679613 5.236344 5.080000 5.236344 2.540000 1.270000 0.000000 1.270000 46.898957 47.294990 47.822831 48.478176 49.255934 50.150411 51.155485 39.355491 39.826607 40.452018 41.224702 42.136559 43.178772 44.342150 50.090400 52.348393 54.631159 56.935718 59.259529 61.600411 63.956491 47.007954 49.407022 51.819525 54.243669 56.677962 59.121149 61.572172 50.258562 52.748054 55.242144 57.740238 60.241836 
68.768408 73.205235 145.010593 147.166519 22.285836 22.593099 23.176301 24.015348 25.084580 26.355997 27.801874 14.690165 15.152246 16.008853 17.201145 18.664903 20.341608 22.183026 6.350000 5.679613 5.236344 5.080000 3.810000 2.540000 1.270000 0.000000 46.751458 47.080263 47.542683 48.134867 48.852097 49.688957 50.639518 39.179605 39.571376 40.120435 40.820436 41.663773 42.641940 43.745896 48.971765 51.216094 53.486877 55.780883 58.095361 60.427959 62.776658 45.814118 48.205683 50.611714 53.030241 55.459630 57.898514 60.345741 50.015852 52.516851 55.021422 57.529101 60.039497 
26.957739 119.907330 125.222904 171.265361 24.496444 24.278893 24.326051 24.636396 25.200209 26.001004 27.017718 32.061504 31.895594 31.931505 32.168560 32.602374 33.225238 34.026774 42.310061 42.069899 41.866900 41.701607 47.294990 47.080263 46.898957 46.751458 0.000000 2.540000 5.080000 7.620000 10.160000 12.700000 15.240000 7.620000 8.032185 9.158100 10.776307 12.700000 14.810618 17.038838 44.608969 46.801858 49.028266 51.283828 53.564861 55.868246 58.191329 48.983482 50.988580 53.039535 55.131229 57.259199 59.419546 61.608864 95.802859 98.340544 100.878345 103.416254 105.954263 
28.591292 120.285120 122.720487 169.444286 24.971786 24.496444 24.278893 24.326051 24.636396 25.200209 26.001004 32.426137 32.061504 31.895594 31.931505 32.168560 32.602374 33.225238 42.899282 42.586757 42.310061 42.069899 47.822831 47.542683 47.294990 47.080263 2.540000 0.000000 2.540000 5.080000 7.620000 10.160000 12.700000 8.032185 7.620000 8.032185 9.158100 10.776307 12.700000 14.810618 42.454794 44.608969 46.801858 49.028266 51.283828 53.564861 55.868246 47.030107 48.983482 50.988580 53.039535 55.131229 57.259199 59.419546 95.726646 98.266299 100.805969 103.345656 105.885357 
30.349753 120.715184 120.219647 167.641915 25.690613 24.971786 24.496444 24.278893 24.326051 24.636396 25.200209 32.982902 32.426137 32.061504 31.895594 31.931505 32.168560 32.602374 43.628645 43.246857 42.899282 42.586757 48.478176 48.134867 47.822831 47.542683 5.080000 2.540000 0.000000 2.540000 5.080000 7.620000 10.160000 9.158100 8.032185 7.620000 8.032185 9.158100 10.776307 12.700000 40.345534 42.454794 44.608969 46.801858 49.028266 51.283828 53.564861 45.135170 47.030107 48.983482 50.988580 53.039535 55.131229 57.259199 95.717798 98.257679 100.797567 103.337460 105.877358 
32.212671 121.196965 117.720483 165.858857 26.633218 25.690613 24.971786 24.496444 24.278893 24.326051 24.636396 33.722286 32.982902 32.426137 32.061504 31.895594 31.931505 32.168560 44.491260 44.043757 43.628645 43.246857 49.255934 48.852097 48.478176 48.134867 7.620000 5.080000 2.540000 0.000000 2.540000 5.080000 7.620000 10.776307 9.158100 8.032185 7.620000 8.032185 9.158100 10.776307 38.288614 40.345534 42.454794 44.608969 46.801858 49.028266 51.283828 43.306344 45.135170 47.030107 48.983482 50.988580 53.039535 55.131229 95.776334 98.314703 100.853155 103.391682 105.930280 
34.162964 121.729849 115.223106 164.095741 27.776829 26.633218 25.690613 24.971786 24.496444 24.278893 24.326051 34.632593 33.722286 32.982902 32.426137 32.061504 31.895594 31.931505 45.479544 44.970187 44.491260 44.043757 50.150411 49.688957 49.255934 48.852097 10.160000 7.620000 5.080000 2.540000 0.000000 2.540000 5.080000 12.700000 10.776307 9.158100 8.032185 7.620000 8.032185 9.158100 36.292933 38.288614 40.345534 42.454794 44.608969 46.801858 49.028266 41.552358 43.306344 45.135170 47.030107 48.983482 50.988580 53.039535 95.902131 98.437256 100.972627 103.508224 106.044032 
36.186506 122.313169 112.727633 162.353218 29.097755 27.776829 26.633218 25.690613 24.971786 24.496444 24.278893 35.700751 34.632593 33.722286 32.982902 32.426137 32.061504 31.895594 46.585501 46.018323 45.479544 44.970187 51.155485 50.639518 50.150411 49.688957 12.700000 10.160000 7.620000 5.080000 2.540000 0.000000 2.540000 14.810618 12.700000 10.776307 9.158100 8.032185 7.620000 8.032185 34.369161 36.292933 38.288614 40.345534 42.454794 44.608969 46.801858 39.883088 41.552358 43.306344 45.135170 47.030107 48.983482 50.988580 96.094924 98.625094 101.155756 103.686876 106.218419 
38.271680 122.946206 110.234194 160.631957 30.573022 29.097755 27.776829 26.633218 25.690613 24.971786 24.496444 36.913059 35.700751 34.632593 33.722286 32.982902 32.426137 32.061504 47.800962 47.180054 46.585501 46.018323 52.264776 51.697508 51.155485 50.639518 15.240000 12.700000 10.160000 7.620000 5.080000 2.540000 0.000000 17.038838 14.810618 12.700000 10.776307 9.158100 8.032185 7.620000 32.530058 34.369161 36.292933 38.288614 40.345534 42.454794 44.608969 38.309609 39.883088 41.552358 43.306344 45.135170 47.030107 48.983482 96.354311 98.877844 101.402199 103.927317 106.453142 
33.295301 112.365587 126.738443 166.072518 16.980586 16.665209 16.733837 17.181868 17.980964 19.087083 20.450468 24.496444 24.278893 24.326051 24.636396 25.200209 26.001004 27.017718 34.884137 34.592458 34.345292 34.143606 39.826607 39.571376 39.355491 39.179605 7.620000 8.032185 9.158100 10.776307 12.700000 14.810618 17.038838 0.000000 2.540000 5.080000 7.620000 10.160000 12.700000 15.240000 41.190623 43.555955 45.939941 48.339822 50.753342 53.178645 55.614190 44.608969 46.801858 49.028266 51.283828 53.564861 55.868246 58.191329 88.190605 90.727878 93.265300 95.802859 98.340544 
34.631190 112.768646 124.266550 164.193859 17.659406 16.980586 16.665209 16.733837 17.181868 17.980964 19.087083 24.971786 24.496444 24.278893 24.326051 24.636396 25.200209 26.001004 35.596491 35.219223 34.884137 34.592458 40.452018 40.120435 39.826607 39.571376 8.032185 7.620000 8.032185 9.158100 10.776307 12.700000 14.810618 2.540000 0.000000 2.540000 5.080000 7.620000 10.160000 12.700000 38.847354 41.190623 43.555955 45.939941 48.339822 50.753342 53.178645 42.454794 44.608969 46.801858 49.028266 51.283828 53.564861 55.868246 88.107807 90.647398 93.187012 95.726646 98.266299 
36.096604 113.227262 121.797458 162.333204 18.662051 17.659406 16.980586 16.665209 16.733837 17.181868 17.980964 25.690613 24.971786 24.496444 24.278893 24.326051 24.636396 25.200209 36.472188 36.014614 35.596491 35.219223 41.224702 40.820436 40.452018 40.120435 9.158100 8.032185 7.620000 8.032185 9.158100 10.776307 12.700000 5.080000 2.540000 0.000000 2.540000 5.080000 7.620000 10.160000 36.530392 38.847354 41.190623 43.555955 45.939941 48.339822 50.753342 40.345534 42.454794 44.608969 46.801858 49.028266 51.283828 53.564861 88.098194 90.638055 93.177923 95.717798 98.257679 
37.676432 113.740765 119.331344 160.491176 19.939731 18.662051 17.659406 16.980586 16.665209 16.733837 17.181868 26.633218 25.690613 24.971786 24.496444 24.278893 24.326051 24.636396 37.499787 36.967747 36.472188 36.014614 42.136559 41.663773 41.224702 40.820436 10.776307 9.158100 8.032185 7.620000 8.032185 9.158100 10.776307 7.620000 5.080000 2.540000 0.000000 2.540000 5.080000 7.620000 34.245078 36.530392 38.847354 41.190623 43.555955 45.939941 48.339822 38.288614 40.345534 42.454794 44.608969 46.801858 49.028266 51.283828 88.161790 90.699869 93.238053 95.776334 98.314703 
39.356898 114.308414 116.868394 158.668427 21.443339 19.939731 18.662051 17.659406 16.980586 16.665209 16.733837 27.776829 26.633218 25.690613 24.971786 24.496444 24.278893 24.326051 38.667179 38.066776 37.499787 36.967747 43.178772 42.641940 42.136559 41.663773 12.700000 10.776307 9.158100 8.032185 7.620000 8.032185 9.158100 10.160000 7.620000 5.080000 2.540000 0.000000 2.540000 5.080000 31.998193 34.245078 36.530392 38.847354 41.190623 43.555955 45.939941 36.292933 38.288614 40.345534 42.454794 44.608969 46.801858 49.028266 88.298435 90.832697 93.367270 95.902131 98.437256 
41.125668 114.929407 114.408813 156.865626 23.128854 21.443339 19.939731 18.662051 17.659406 16.980586 16.665209 29.097755 27.776829 26.633218 25.690613 24.971786 24.496444 24.278893 39.962115 39.299463 38.667179 38.066776 44.342150 43.745896 43.178772 42.641940 14.810618 12.700000 10.776307 9.158100 8.032185 7.620000 8.032185 12.700000 10.160000 7.620000 5.080000 2.540000 0.000000 2.540000 29.798433 31.998193 34.245078 36.530392 38.847354 41.190623 43.555955 34.369161 36.292933 38.288614 40.345534 42.454794 44.608969 46.801858 88.507793 91.036226 93.565287 96.094924 98.625094 
42.971838 115.602885 111.952824 155.083471 24.959451 23.128854 21.443339 19.939731 18.662051 17.659406 16.980586 30.573022 29.097755 27.776829 26.633218 25.690613 24.971786 24.496444 41.372621 40.653651 39.962115 39.299463 45.617424 44.966376 44.342150 43.745896 17.038838 14.810618 12.700000 10.776307 9.158100 8.032185 7.620000 15.240000 12.700000 10.160000 7.620000 5.080000 2.540000 0.000000 27.657043 29.798433 31.998193 34.245078 36.530392 38.847354 41.190623 32.530058 34.369161 36.292933 38.288614 40.345534 42.454794 44.608969 88.789348 91.309985 93.831667 96.354311 98.877844 
70.453310 110.269389 96.045259 128.141957 41.565826 39.026973 36.488279 33.949781 31.411526 28.873577 26.336025 42.476171 39.995148 37.522017 35.058449 32.606612 30.169367 27.750557 50.278399 49.098386 47.922973 46.752508 52.348393 51.216094 50.090400 48.971765 44.608969 42.454794 40.345534 38.288614 36.292933 34.369161 32.530058 41.190623 38.847354 36.530392 34.245078 31.998193 29.798433 27.657043 0.000000 2.540000 5.080000 7.620000 10.160000 12.700000 15.240000 7.620000 8.032185 9.158100 10.776307 12.700000 14.810618 17.038838 80.239360 82.546415 84.866776 87.199379 89.543269 
72.445934 111.553049 93.798914 126.467014 44.104811 41.565826 39.026973 36.488279 33.949781 31.411526 28.873577 44.963781 42.476171 39.995148 37.522017 35.058449 32.606612 30.169367 52.650990 51.462697 50.278399 49.098386 54.631159 53.486877 52.348393 51.216094 46.801858 44.608969 42.454794 40.345534 38.288614 36.292933 34.369161 43.555955 41.190623 38.847354 36.530392 34.245078 31.998193 29.798433 2.540000 0.000000 2.540000 5.080000 7.620000 10.160000 12.700000 8.032185 7.620000 8.032185 9.158100 10.776307 12.700000 14.810618 81.349616 83.626047 85.917255 88.222088 90.539506 
74.471880 112.879273 91.567919 124.821285 46.643907 44.104811 41.565826 39.026973 36.488279 33.949781 31.411526 47.456941 44.963781 42.476171 39.995148 37.522017 35.058449 32.606612 55.038525 53.843013 52.650990 51.462697 56.935718 55.780883 54.631159 53.486877 49.028266 46.801858 44.608969 42.454794 40.345534 38.288614 36.292933 45.939941 43.555955 41.190623 38.847354 36.530392 34.245078 31.998193 5.080000 2.540000 0.000000 2.540000 5.080000 7.620000 10.160000 9.158100 8.032185 7.620000 8.032185 9.158100 10.776307 12.700000 82.523138 84.768060 87.029208 89.305348 91.595362 
76.528503 114.246581 89.353426 123.205942 49.183096 46.643907 44.104811 41.565826 39.026973 36.488279 33.949781 49.954821 47.456941 44.963781 42.476171 39.995148 37.522017 35.058449 57.439141 56.237302 55.038525 53.843013 59.259529 58.095361 56.935718 55.780883 51.283828 49.028266 46.801858 44.608969 42.454794 40.345534 38.288614 48.339822 45.939941 43.555955 41.190623 38.847354 36.530392 34.245078 7.620000 5.080000 2.540000 0.000000 2.540000 5.080000 7.620000 10.776307 9.158100 8.032185 7.620000 8.032185 9.158100 10.776307 83.757267 85.969969 88.200309 90.446982 92.708802 
78.613395 115.653514 87.156691 121.622195 51.722365 49.183096 46.643907 44.104811 41.565826 39.026973 36.488279 52.456747 49.954821 47.456941 44.963781 42.476171 39.995148 37.522017 59.851264 58.643853 57.439141 56.237302 61.600411 60.427959 59.259529 58.095361 53.564861 51.283828 49.028266 46.801858 44.608969 42.454794 40.345534 50.753342 48.339822 45.939941 43.555955 41.190623 38.847354 36.530392 10.160000 7.620000 5.080000 2.540000 0.000000 2.540000 5.080000 12.700000 10.776307 9.158100 8.032185 7.620000 8.032185 9.158100 85.049365 87.229297 89.428235 91.644810 93.877775 
80.724365 117.098645 84.979092 120.071293 54.261702 51.722365 49.183096 46.643907 44.104811 41.565826 39.026973 54.962165 52.456747 49.954821 47.456941 44.963781 42.476171 39.995148 62.273557 61.061215 59.851264 58.643853 63.956491 62.776658 61.600411 60.427959 55.868246 53.564861 51.283828 49.028266 46.801858 44.608969 42.454794 53.178645 50.753342 48.339822 45.939941 43.555955 41.190623 38.847354 12.700000 10.160000 7.620000 5.080000 2.540000 0.000000 2.540000 14.810618 12.700000 10.776307 9.158100 8.032185 7.620000 8.032185 86.396831 88.543594 90.710678 92.896659 95.100234 
82.859421 118.580576 82.822138 118.554527 56.801099 54.261702 51.722365 49.183096 46.643907 44.104811 41.565826 57.470619 54.962165 52.456747 49.954821 47.456941 44.963781 42.476171 64.704878 63.488154 62.273557 61.061215 66.326149 65.139715 63.956491 62.776658 58.191329 55.868246 53.564861 51.283828 49.028266 46.801858 44.608969 55.614190 53.178645 50.753342 48.339822 45.939941 43.555955 41.190623 15.240000 12.700000 10.160000 7.620000 5.080000 2.540000 0.000000 17.038838 14.810618 12.700000 10.776307 9.158100 8.032185 7.620000 87.797115 89.910451 92.045359 94.200373 96.374144 
75.477700 103.725371 99.789309 122.556010 42.039737 39.531332 37.027235 34.528383 32.036004 29.551735 27.077810 41.565826 39.026973 36.488279 33.949781 31.411526 28.873577 26.336025 48.021206 46.784296 45.549206 44.316090 49.407022 48.205683 47.007954 45.814118 48.983482 47.030107 45.135170 43.306344 41.552358 39.883088 38.309609 44.608969 42.454794 40.345534 38.288614 36.292933 34.369161 32.530058 7.620000 8.032185 9.158100 10.776307 12.700000 14.810618 17.038838 0.000000 2.540000 5.080000 7.620000 10.160000 12.700000 15.240000 73.410537 75.670028 77.946792 80.239360 82.546415 
77.340983 105.088996 97.629148 120.803642 44.551723 42.039737 39.531332 37.027235 34.528383 32.036004 29.551735 44.104811 41.565826 39.026973 36.488279 33.949781 31.411526 28.873577 50.499956 49.259801 48.021206 46.784296 51.819525 50.611714 49.407022 48.205683 50.988580 48.983482 47.030107 45.135170 43.306344 41.552358 39.883088 46.801858 44.608969 42.454794 40.345534 38.288614 36.292933 34.369161 8.032185 7.620000 8.032185 9.158100 10.776307 12.700000 14.810618 2.540000 0.000000 2.540000 5.080000 7.620000 10.160000 12.700000 74.622464 76.846328 79.089238 81.349616 83.626047 
79.241879 106.495750 95.487686 119.079669 47.066715 44.551723 42.039737 39.531332 37.027235 34.528383 32.036004 46.643907 44.104811 41.565826 39.026973 36.488279 33.949781 31.411526 52.984508 51.741559 50.499956 49.259801 54.243669 53.030241 51.819525 50.611714 53.039535 50.988580 48.983482 47.030107 45.135170 43.306344 41.552358 49.028266 46.801858 44.608969 42.454794 40.345534 38.288614 36.292933 9.158100 8.032185 7.620000 8.032185 9.158100 10.776307 12.700000 5.080000 2.540000 0.000000 2.540000 5.080000 7.620000 10.160000 75.900068 78.087557 80.295802 82.523138 84.768060 
81.177745 107.943947 93.366210 117.385342 49.584257 47.066715 44.551723 42.039737 39.531332 37.027235 34.528383 49.183096 46.643907 44.104811 41.565826 39.026973 36.488279 33.949781 55.474082 54.228710 52.984508 51.741559 56.677962 55.459630 54.243669 53.030241 55.131229 53.039535 50.988580 48.983482 47.030107 45.135170 43.306344 51.283828 49.028266 46.801858 44.608969 42.454794 40.345534 38.288614 10.776307 9.158100 8.032185 7.620000 8.032185 9.158100 10.776307 7.620000 5.080000 2.540000 0.000000 2.540000 5.080000 7.620000 77.240092 79.390667 81.563640 83.757267 85.969969 
83.146138 109.431941 91.266112 115.721962 52.103979 49.584257 47.066715 44.551723 42.039737 39.531332 37.027235 51.722365 49.183096 46.643907 44.104811 41.565826 39.026973 36.488279 57.968031 56.720546 55.474082 54.228710 59.121149 57.898514 56.677962 55.459630 57.259199 55.131229 53.039535 50.988580 48.983482 47.030107 45.135170 53.564861 51.283828 49.028266 46.801858 44.608969 42.454794 40.345534 12.700000 10.776307 9.158100 8.032185 7.620000 8.032185 9.158100 10.160000 7.620000 5.080000 2.540000 0.000000 2.540000 5.080000 78.639345 80.752664 82.889939 85.049365 87.229297 
85.144804 110.958132 89.188903 114.090884 54.625579 52.103979 49.584257 47.066715 44.551723 42.039737 39.531332 54.261702 51.722365 49.183096 46.643907 44.104811 41.565826 39.026973 60.465815 59.216474 57.968031 56.720546 61.572172 60.345741 59.121149 57.898514 59.419546 57.259199 55.131229 53.039535 50.988580 48.983482 47.030107 55.868246 53.564861 51.283828 49.028266 46.801858 44.608969 42.454794 14.810618 12.700000 10.776307 9.158100 8.032185 7.620000 8.032185 12.700000 10.160000 7.620000 5.080000 2.540000 0.000000 2.540000 80.094722 82.170619 84.271940 86.396831 88.543594 
87.171658 112.520965 87.136221 112.493512 57.148809 54.625579 52.103979 49.584257 47.066715 44.551723 42.039737 56.801099 54.261702 51.722365 49.183096 46.643907 44.104811 41.565826 62.966976 61.715999 60.465815 59.216474 64.030131 62.800335 61.572172 60.345741 61.608864 59.419546 57.259199 55.131229 53.039535 50.988580 48.983482 58.191329 55.868246 53.564861 51.283828 49.028266 46.801858 44.608969 17.038838 14.810618 12.700000 10.776307 9.158100 8.032185 7.620000 15.240000 12.700000 10.160000 7.620000 5.080000 2.540000 0.000000 81.603220 83.641686 85.706948 87.797115 89.910451 
118.783433 30.997608 167.043097 121.469108 71.840932 71.620246 71.489181 71.448231 71.497549 71.636949 71.865907 64.267521 64.020735 63.874078 63.828242 63.883443 64.039420 64.295439 55.767797 55.491062 55.242144 55.021422 50.835772 50.532034 50.258562 50.015852 95.802859 95.726646 95.717798 95.776334 95.902131 96.094924 96.354311 88.190605 88.107807 88.098194 88.161790 88.298435 88.507793 88.789348 80.239360 81.349616 82.523138 83.757267 85.049365 86.396831 87.797115 73.410537 74.622464 75.900068 77.240092 78.639345 80.094722 81.603220 0.000000 2.540000 5.080000 7.620000 10.160000 
121.285241 29.159174 168.831283 121.013015 74.367517 74.154351 74.027773 73.988227 74.035853 74.170483 74.391645 66.790814 66.553385 66.412321 66.368238 66.421328 66.571359 66.817677 58.243349 57.978431 57.740238 57.529101 53.298310 53.008684 52.748054 52.516851 98.340544 98.266299 98.257679 98.314703 98.437256 98.625094 98.877844 90.727878 90.647398 90.638055 90.699869 90.832697 91.036226 91.309985 82.546415 83.626047 84.768060 85.969969 87.229297 88.543594 89.910451 75.670028 76.846328 78.087557 79.390667 80.752664 82.170619 83.641686 2.540000 0.000000 2.540000 5.080000 7.620000 
123.788605 27.432942 170.638539 120.608701 76.894986 76.688846 76.566458 76.528224 76.574270 76.704445 76.918321 69.315327 69.086574 68.950693 68.908234 68.959369 69.103889 69.341212 60.724224 60.470176 60.241836 60.039497 55.767797 55.491062 55.242144 55.021422 100.878345 100.805969 100.797567 100.853155 100.972627 101.155756 101.402199 93.265300 93.187012 93.177923 93.238053 93.367270 93.565287 93.831667 84.866776 85.917255 87.029208 88.200309 89.428235 90.710678 92.045359 77.946792 79.089238 80.295802 81.563640 82.889939 84.271940 85.706948 5.080000 2.540000 0.000000 2.540000 5.080000 
126.293431 25.841410 172.464266 120.256687 79.423255 79.223693 79.105227 79.068221 79.112789 79.238794 79.445847 71.840932 71.620246 71.489181 71.448231 71.497549 71.636949 71.865907 63.209796 62.965777 62.746520 62.552283 58.243349 57.978431 57.740238 57.529101 103.416254 103.345656 103.337460 103.391682 103.508224 103.686876 103.927317 95.802859 95.726646 95.717798 95.776334 95.902131 96.094924 96.354311 87.199379 88.222088 89.305348 90.446982 91.644810 92.896659 94.200373 80.239360 81.349616 82.523138 83.757267 85.049365 86.396831 87.797115 7.620000 5.080000 2.540000 0.000000 2.540000 
128.799635 24.410935 174.307884 119.957435 81.952249 81.758861 81.644073 81.608218 81.651400 81.773493 81.974144 74.367517 74.154351 74.027773 73.988227 74.035853 74.170483 74.391645 65.699532 65.464794 65.253934 65.067183 60.724224 60.470176 60.241836 60.039497 105.954263 105.885357 105.877358 105.930280 106.044032 106.218419 106.453142 98.340544 98.266299 98.257679 98.314703 98.437256 98.625094 98.877844 89.543269 90.539506 91.595362 92.708802 93.877775 95.100234 96.374144 82.546415 83.626047 84.768060 85.969969 87.229297 88.543594 89.910451 10.160000 7.620000 5.080000 2.540000 0.000000 
