37
# Circuit board instance
Size: large
Nodes: 37
0.000000 65.000000 65.000000 91.923882 22.616990 24.549818 26.584997 28.700763 30.880555 57.539151 59.619493 61.734247 63.879994 66.053715 68.252737 70.474692 62.296952 64.223363 66.191190 68.196848 70.237096 72.309007 74.409936 20.982281 23.377475 25.800383 28.243874 30.703033 33.174377 35.655371 24.711065 26.774745 28.914363 31.114258 33.362507 35.649963 37.969542 
65.000000 0.000000 91.923882 65.000000 50.681928 48.266170 45.863838 43.477159 41.108859 56.280683 58.405867 60.563013 62.748825 64.960408 67.195219 69.451016 52.412514 54.688223 56.986270 59.304059 61.639363 63.990264 66.355105 60.886600 61.752962 62.710300 63.754516 64.881416 66.086770 67.366367 53.730426 54.710227 55.788550 56.959801 58.218372 59.558726 60.975471 
65.000000 91.923882 0.000000 65.000000 52.443152 53.305248 54.272627 55.339766 56.501014 38.257909 37.110614 36.105829 35.255742 34.571766 34.063908 33.740123 45.097938 44.128834 43.287265 42.580791 42.016227 41.599354 41.334638 45.949475 43.444268 40.943350 38.447555 35.957952 33.475922 31.003284 47.767508 45.362816 42.973696 40.602896 38.253823 35.930739 33.639028 
91.923882 65.000000 65.000000 0.000000 69.335516 67.589785 65.895733 64.257446 62.679297 36.337707 35.127753 34.064531 33.162158 32.434062 31.892181 31.546113 29.999755 28.522191 27.201997 26.063098 25.130156 24.426780 23.973186 73.336731 71.793637 70.308462 68.884951 67.527004 66.238654 65.024038 67.513382 65.833935 64.211062 62.649159 61.152898 59.727213 58.377274 
22.616990 50.681928 52.443152 69.335516 0.000000 2.540000 5.080000 7.620000 10.160000 35.697386 37.952828 40.242193 42.560007 44.901866 47.264195 49.644072 39.878799 41.909813 43.993742 46.123416 48.292782 50.496726 52.730912 10.279620 11.588982 13.260529 15.175044 17.251825 19.438935 21.703044 4.680823 7.109432 9.595892 12.104605 14.624123 17.149685 19.678964 
24.549818 48.266170 53.305248 67.589785 2.540000 0.000000 2.540000 5.080000 7.620000 34.565465 36.890176 39.241586 41.615168 44.007335 46.415214 48.836480 38.367656 40.474569 42.628719 44.823296 47.052643 49.312045 51.597553 12.625258 13.712442 15.151508 16.852552 18.744387 20.774955 22.907393 6.076764 8.096974 10.348821 12.709777 15.128845 17.582055 20.056884 
26.584997 45.863838 54.272627 65.895733 5.080000 2.540000 0.000000 2.540000 5.080000 33.587833 35.975774 38.383242 40.806781 43.243690 45.691829 48.149486 36.969428 39.151658 41.374742 43.632436 45.919634 48.232140 50.566482 15.034191 15.958096 17.210402 18.725338 20.444603 22.321033 24.318274 8.052777 9.668565 11.619736 13.764396 16.025046 18.358890 20.741233 
28.700763 43.477159 55.339766 64.257446 7.620000 5.080000 2.540000 0.000000 2.540000 32.778300 35.221168 37.676884 40.143091 42.617967 45.100085 47.588311 35.697386 37.952828 40.242193 42.560007 44.901866 47.264195 49.644072 17.480271 18.280968 19.383780 20.740570 22.305039 24.036669 25.901957 10.279620 11.588982 13.260529 15.175044 17.251825 19.438935 21.703044 
30.880555 41.108859 56.501014 62.679297 10.160000 7.620000 5.080000 2.540000 0.000000 32.149565 34.636805 37.131189 39.631368 42.136311 44.645215 47.157449 34.565465 36.890176 39.241586 41.615168 44.007335 46.415214 48.836480 19.949838 20.655022 21.637169 22.860608 24.288905 25.888176 27.628745 12.625258 13.712442 15.151508 16.852552 18.744387 20.774955 22.907393 
57.539151 56.280683 38.257909 36.337707 35.697386 34.565465 33.587833 32.778300 32.149565 0.000000 2.540000 5.080000 7.620000 10.160000 12.700000 15.240000 7.620000 8.032185 9.158100 10.776307 12.700000 14.810618 17.038838 37.689809 35.909518 34.225260 32.651901 31.206217 29.906731 28.773258 32.845248 30.786070 28.803769 26.915335 25.141930 23.509599 22.049694 
59.619493 58.405867 37.110614 35.127753 37.952828 36.890176 35.975774 35.221168 34.636805 2.540000 0.000000 2.540000 5.080000 7.620000 10.160000 12.700000 8.032185 7.620000 8.032185 9.158100 10.776307 12.700000 14.810618 39.553168 37.689809 35.909518 34.225260 32.651901 31.206217 29.906731 34.967725 32.845248 30.786070 28.803769 26.915335 25.141930 23.509599 
61.734247 60.563013 36.105829 34.064531 40.242193 39.241586 38.383242 37.676884 37.131189 5.080000 2.540000 0.000000 2.540000 5.080000 7.620000 10.160000 9.158100 8.032185 7.620000 8.032185 9.158100 10.776307 12.700000 41.488405 39.553168 37.689809 35.909518 34.225260 32.651901 31.206217 37.142649 34.967725 32.845248 30.786070 28.803769 26.915335 25.141930 
63.879994 62.748825 35.255742 33.162158 42.560007 41.615168 40.806781 40.143091 39.631368 7.620000 5.080000 2.540000 0.000000 2.540000 5.080000 7.620000 10.776307 9.158100 8.032185 7.620000 8.032185 9.158100 10.776307 43.485924 41.488405 39.553168 37.689809 35.909518 34.225260 32.651901 39.361329 37.142649 34.967725 32.845248 30.786070 28.803769 26.915335 
66.053715 64.960408 34.571766 32.434062 44.901866 44.007335 43.243690 42.617967 42.136311 10.160000 7.620000 5.080000 2.540000 0.000000 2.540000 5.080000 12.700000 10.776307 9.158100 8.032185 7.620000 8.032185 9.158100 45.537529 43.485924 41.488405 39.553168 37.689809 35.909518 34.225260 41.616766 39.361329 37.142649 34.967725 32.845248 30.786070 28.803769 
68.252737 67.195219 34.063908 31.892181 47.264195 46.415214 45.691829 45.100085 44.645215 12.700000 10.160000 7.620000 5.080000 2.540000 0.000000 2.540000 14.810618 12.700000 10.776307 9.158100 8.032185 7.620000 8.032185 47.636234 45.537529 43.485924 41.488405 39.553168 37.689809 35.909518 43.903297 41.616766 39.361329 37.142649 34.967725 32.845248 30.786070 
70.474692 69.451016 33.740123 31.546113 49.644072 48.836480 48.149486 47.588311 47.157449 15.240000 12.700000 10.160000 7.620000 5.080000 2.540000 0.000000 17.038838 14.810618 12.700000 10.776307 9.158100 8.032185 7.620000 49.776081 47.636234 45.537529 43.485924 41.488405 39.553168 37.689809 46.216305 43.903297 41.616766 39.361329 37.142649 34.967725 32.845248 
62.296952 52.412514 45.097938 29.999755 39.878799 38.367656 36.969428 35.697386 34.565465 7.620000 8.032185 9.158100 10.776307 12.700000 14.810618 17.038838 0.000000 2.540000 5.080000 7.620000 10.160000 12.700000 15.240000 43.340072 41.801120 40.363456 39.038273 37.837391 36.772989 35.857224 37.689809 35.909518 34.225260 32.651901 31.206217 29.906731 28.773258 
64.223363 54.688223 44.128834 28.522191 41.909813 40.474569 39.151658 37.952828 36.890176 8.032185 7.620000 8.032185 9.158100 10.776307 12.700000 14.810618 2.540000 0.000000 2.540000 5.080000 7.620000 10.160000 12.700000 44.969915 43.340072 41.801120 40.363456 39.038273 37.837391 36.772989 39.553168 37.689809 35.909518 34.225260 32.651901 31.206217 29.906731 
66.191190 56.986270 43.287265 27.201997 43.993742 42.628719 41.374742 40.242193 39.241586 9.158100 8.032185 7.620000 8.032185 9.158100 10.776307 12.700000 5.080000 2.540000 0.000000 2.540000 5.080000 7.620000 10.160000 46.681130 44.969915 43.340072 41.801120 40.363456 39.038273 37.837391 41.488405 39.553168 37.689809 35.909518 34.225260 32.651901 31.206217 
68.196848 59.304059 42.580791 26.063098 46.123416 44.823296 43.632436 42.560007 41.615168 10.776307 9.158100 8.032185 7.620000 8.032185 9.158100 10.776307 7.620000 5.080000 2.540000 0.000000 2.540000 5.080000 7.620000 48.465098 46.681130 44.969915 43.340072 41.801120 40.363456 39.038273 43.485924 41.488405 39.553168 37.689809 35.909518 34.225260 32.651901 
70.237096 61.639363 42.016227 25.130156 48.292782 47.052643 45.919634 44.901866 44.007335 12.700000 10.776307 9.158100 8.032185 7.620000 8.032185 9.158100 10.160000 7.620000 5.080000 2.540000 0.000000 2.540000 5.080000 50.314081 48.465098 46.681130 44.969915 43.340072 41.801120 40.363456 45.537529 43.485924 41.488405 39.553168 37.689809 35.909518 34.225260 
72.309007 63.990264 41.599354 24.426780 50.496726 49.312045 48.232140 47.264195 46.415214 14.810618 12.700000 10.776307 9.158100 8.032185 7.620000 8.032185 12.700000 10.160000 7.620000 5.080000 2.540000 0.000000 2.540000 52.221173 50.314081 48.465098 46.681130 44.969915 43.340072 41.801120 47.636234 45.537529 43.485924 41.488405 39.553168 37.689809 35.909518 
74.409936 66.355105 41.334638 23.973186 52.730912 51.597553 50.566482 49.644072 48.836480 17.038838 14.810618 12.700000 10.776307 9.158100 8.032185 7.620000 15.240000 12.700000 10.160000 7.620000 5.080000 2.540000 0.000000 54.180240 52.221173 50.314081 48.465098 46.681130 44.969915 43.340072 49.776081 47.636234 45.537529 43.485924 41.488405 39.553168 37.689809 
20.982281 60.886600 45.949475 73.336731 10.279620 12.625258 15.034191 17.480271 19.949838 37.689809 39.553168 41.488405 43.485924 45.537529 47.636234 49.776081 43.340072 44.969915 46.681130 48.465098 50.314081 52.221173 54.180240 0.000000 2.540000 5.080000 7.620000 10.160000 12.700000 15.240000 7.620000 8.032185 9.158100 10.776307 12.700000 14.810618 17.038838 
23.377475 61.752962 43.444268 71.793637 11.588982 13.712442 15.958096 18.280968 20.655022 35.909518 37.689809 39.553168 41.488405 43.485924 45.537529 47.636234 41.801120 43.340072 44.969915 46.681130 48.465098 50.314081 52.221173 2.540000 0.000000 2.540000 5.080000 7.620000 10.160000 12.700000 8.032185 7.620000 8.032185 9.158100 10.776307 12.700000 14.810618 
25.800383 62.710300 40.943350 70.308462 13.260529 15.151508 17.210402 19.383780 21.637169 34.225260 35.909518 37.689809 39.553168 41.488405 43.485924 45.537529 40.363456 41.801120 43.340072 44.969915 46.681130 48.465098 50.314081 5.080000 2.540000 0.000000 2.540000 5.080000 7.620000 10.160000 9.158100 8.032185 7.620000 8.032185 9.158100 10.776307 12.700000 
28.243874 63.754516 38.447555 68.884951 15.175044 16.852552 18.725338 20.740570 22.860608 32.651901 34.225260 35.909518 37.689809 39.553168 41.488405 43.485924 39.038273 40.363456 41.801120 43.340072 44.969915 46.681130 48.465098 7.620000 5.080000 2.540000 0.000000 2.540000 5.080000 7.620000 10.776307 9.158100 8.032185 7.620000 8.032185 9.158100 10.776307 
30.703033 64.881416 35.957952 67.527004 17.251825 18.744387 20.444603 22.305039 24.288905 31.206217 32.651901 34.225260 35.909518 37.689809 39.553168 41.488405 37.837391 39.038273 40.363456 41.801120 43.340072 44.969915 46.681130 10.160000 7.620000 5.080000 2.540000 0.000000 2.540000 5.080000 12.700000 10.776307 9.158100 8.032185 7.620000 8.032185 9.158100 
33.174377 66.086770 33.475922 66.238654 19.438935 20.774955 22.321033 24.036669 25.888176 29.906731 31.206217 32.651901 34.225260 35.909518 37.689809 39.553168 36.772989 37.837391 39.038273 40.363456 41.801120 43.340072 44.969915 12.700000 10.160000 7.620000 5.080000 2.540000 0.000000 2.540000 14.810618 12.700000 10.776307 9.158100 8.032185 7.620000 8.032185 
35.655371 67.366367 31.003284 65.024038 21.703044 22.907393 24.318274 25.901957 27.628745 28.773258 29.906731 31.206217 32.651901 34.225260 35.909518 37.689809 35.857224 36.772989 37.837391 39.038273 40.363456 41.801120 43.340072 15.240000 12.700000 10.160000 7.620000 5.080000 2.540000 0.000000 17.038838 14.810618 12.700000 10.776307 9.158100 8.032185 7.620000 
24.711065 53.730426 47.767508 67.513382 4.680823 6.076764 8.052777 10.279620 12.625258 32.845248 34.967725 37.142649 39.361329 41.616766 43.903297 46.216305 37.689809 39.553168 41.488405 43.485924 45.537529 47.636234 49.776081 7.620000 8.032185 9.158100 10.776307 12.700000 14.810618 17.038838 0.000000 2.540000 5.080000 7.620000 10.160000 12.700000 15.240000 
26.774745 54.710227 45.362816 65.833935 7.109432 8.096974 9.668565 11.588982 13.712442 30.786070 32.845248 34.967725 37.142649 39.361329 41.616766 43.903297 35.909518 37.689809 39.553168 41.488405 43.485924 45.537529 47.636234 8.032185 7.620000 8.032185 9.158100 10.776307 12.700000 14.810618 2.540000 0.000000 2.540000 5.080000 7.620000 10.160000 12.700000 
28.914363 55.788550 42.973696 64.211062 9.595892 10.348821 11.619736 13.260529 15.151508 28.803769 30.786070 32.845248 34.967725 37.142649 39.361329 41.616766 34.225260 35.909518 37.689809 39.553168 41.488405 43.485924 45.537529 9.158100 8.032185 7.620000 8.032185 9.158100 10.776307 12.700000 5.080000 2.540000 0.000000 2.540000 5.080000 7.620000 10.160000 
31.114258 56.959801 40.602896 62.649159 12.104605 12.709777 13.764396 15.175044 16.852552 26.915335 28.803769 30.786070 32.845248 34.967725 37.142649 39.361329 32.651901 34.225260 35.909518 37.689809 39.553168 41.488405 43.485924 10.776307 9.158100 8.032185 7.620000 8.032185 9.158100 10.776307 7.620000 5.080000 2.540000 0.000000 2.540000 5.080000 7.620000 
33.362507 58.218372 38.253823 61.152898 14.624123 15.128845 16.025046 17.251825 18.744387 25.141930 26.915335 28.803769 30.786070 32.845248 34.967725 37.142649 31.206217 32.651901 34.225260 35.909518 37.689809 39.553168 41.488405 12.700000 10.776307 9.158100 8.032185 7.620000 8.032185 9.158100 10.160000 7.620000 5.080000 2.540000 0.000000 2.540000 5.080000 
35.649963 59.558726 35.930739 59.727213 17.149685 17.582055 18.358890 19.438935 20.774955 23.509599 25.141930 26.915335 28.803769 30.786070 32.845248 34.967725 29.906731 31.206217 32.651901 34.225260 35.909518 37.689809 39.553168 14.810618 12.700000 10.776307 9.158100 8.032185 7.620000 8.032185 12.700000 10.160000 7.620000 5.080000 2.540000 0.000000 2.540000 
37.969542 60.975471 33.639028 58.377274 19.678964 20.056884 20.741233 21.703044 22.907393 22.049694 23.509599 25.141930 26.915335 28.803769 30.786070 32.845248 28.773258 29.906731 31.206217 32.651901 34.225260 35.909518 37.689809 17.038838 14.810618 12.700000 10.776307 9.158100 8.032185 7.620000 15.240000 12.700000 10.160000 7.620000 5.080000 2.540000 0.000000 
