37
# Circuit board instance
Size: large
Nodes: 37
0.000000 65.000000 65.000000 91.923882 29.309322 29.598836 30.100649 30.804386 31.696602 32.761901 33.984010 36.913964 37.144252 37.545352 38.111870 38.836567 39.710786 40.724898 59.047488 61.001841 62.997988 65.032081 67.100670 17.733681 18.796941 20.126344 21.672971 23.393777 25.253181 27.222798 24.994732 25.760012 26.745522 27.927959 29.283477 30.789225 32.424280 
65.000000 0.000000 91.923882 65.000000 35.825946 36.063183 36.476173 37.059038 37.803924 38.701476 39.741351 28.222382 28.522931 29.043339 29.772079 30.694317 31.793217 33.051163 43.274517 42.155694 41.163387 40.306942 39.595175 48.869895 49.265689 49.788080 50.433132 51.196210 52.072126 53.055291 41.326986 41.794274 42.408797 43.164268 44.053435 45.068387 46.200834 
65.000000 91.923882 0.000000 65.000000 69.373594 67.078688 64.802070 62.545739 60.311971 58.103368 55.922913 72.912962 70.732982 68.577786 66.449785 64.351676 62.286482 60.257585 52.235733 54.435195 56.663149 58.916360 61.192041 60.914751 58.474340 56.042780 53.621275 51.211252 48.814410 46.432792 63.410253 61.069646 58.745608 56.440184 54.155752 51.895085 49.661428 
91.923882 65.000000 65.000000 0.000000 72.368209 70.171308 67.998312 65.851588 63.733790 61.647899 59.597267 68.921420 66.610936 64.317764 62.043823 59.791306 57.562730 55.360985 33.386371 31.922852 30.600496 29.438334 28.455997 76.055178 74.114989 72.212024 70.349302 68.530106 66.757994 65.036815 71.442587 69.373517 67.336688 65.335117 63.372144 61.451469 59.577181 
29.309322 35.825946 69.373594 72.368209 0.000000 2.540000 5.080000 7.620000 10.160000 12.700000 15.240000 7.620000 8.032185 9.158100 10.776307 12.700000 14.810618 17.038838 39.490141 40.565707 41.768232 43.087086 44.511931 13.392363 14.408115 15.771346 17.400579 19.228316 21.203285 23.288059 6.638419 8.503352 10.651224 12.941923 15.311477 17.728297 20.175404 
29.598836 36.063183 67.078688 70.171308 2.540000 0.000000 2.540000 5.080000 7.620000 10.160000 12.700000 8.032185 7.620000 8.032185 9.158100 10.776307 12.700000 14.810618 37.172629 38.313310 39.584319 40.973529 42.469343 12.807037 13.392363 14.408115 15.771346 17.400579 19.228316 21.203285 5.360357 6.638419 8.503352 10.651224 12.941923 15.311477 17.728297 
30.100649 36.476173 64.802070 67.998312 5.080000 2.540000 0.000000 2.540000 5.080000 7.620000 10.160000 9.158100 8.032185 7.620000 8.032185 9.158100 10.776307 12.700000 34.886110 36.099114 37.445355 38.911006 40.483100 12.711736 12.807037 13.392363 14.408115 15.771346 17.400579 19.228316 5.128494 5.360357 6.638419 8.503352 10.651224 12.941923 15.311477 
30.804386 37.059038 62.545739 65.851588 7.620000 5.080000 2.540000 0.000000 2.540000 5.080000 7.620000 10.776307 9.158100 8.032185 7.620000 8.032185 9.158100 10.776307 32.637099 33.930600 35.359499 36.908074 38.561910 13.117143 12.711736 12.807037 13.392363 14.408115 15.771346 17.400579 6.064047 5.128494 5.360357 6.638419 8.503352 10.651224 12.941923 
31.696602 37.803924 60.311971 63.733790 10.160000 7.620000 5.080000 2.540000 0.000000 2.540000 5.080000 12.700000 10.776307 9.158100 8.032185 7.620000 8.032185 9.158100 30.433911 31.817107 33.336720 34.974972 36.715986 13.979766 13.117143 12.711736 12.807037 13.392363 14.408115 15.771346 7.755455 6.064047 5.128494 5.360357 6.638419 8.503352 10.651224 
32.761901 38.701476 58.103368 61.647899 12.700000 10.160000 7.620000 5.080000 2.540000 0.000000 2.540000 14.810618 12.700000 10.776307 9.158100 8.032185 7.620000 8.032185 28.287256 29.770358 31.389215 33.123928 34.957253 15.222072 13.979766 13.117143 12.711736 12.807037 13.392363 14.408115 9.819608 7.755455 6.064047 5.128494 5.360357 6.638419 8.503352 
33.984010 39.741351 55.922913 59.597267 15.240000 12.700000 10.160000 7.620000 5.080000 2.540000 0.000000 17.038838 14.810618 12.700000 10.776307 9.158100 8.032185 7.620000 26.211028 27.805096 29.531880 31.369471 33.299530 16.759842 15.222072 13.979766 13.117143 12.711736 12.807037 13.392363 12.066711 9.819608 7.755455 6.064047 5.128494 5.360357 6.638419 
36.913964 28.222382 72.912962 68.921420 7.620000 8.032185 9.158100 10.776307 12.700000 14.810618 17.038838 0.000000 2.540000 5.080000 7.620000 10.160000 12.700000 15.240000 37.129157 37.762019 38.552160 39.490141 40.565707 20.755023 21.424503 22.364054 23.541362 24.922754 26.476308 28.173556 13.392363 14.408115 15.771346 17.400579 19.228316 21.203285 23.288059 
37.144252 28.522931 70.732982 66.610936 8.032185 7.620000 8.032185 9.158100 10.776307 12.700000 14.810618 2.540000 0.000000 2.540000 5.080000 7.620000 10.160000 12.700000 34.654111 35.331335 36.174607 37.172629 38.313310 20.382242 20.755023 21.424503 22.364054 23.541362 24.922754 26.476308 12.807037 13.392363 14.408115 15.771346 17.400579 19.228316 21.203285 
37.545352 29.043339 68.577786 64.317764 9.158100 8.032185 7.620000 8.032185 9.158100 10.776307 12.700000 5.080000 2.540000 0.000000 2.540000 5.080000 7.620000 10.160000 32.189187 32.917162 33.820682 34.886110 36.099114 20.322495 20.382242 20.755023 21.424503 22.364054 23.541362 24.922754 12.711736 12.807037 13.392363 14.408115 15.771346 17.400579 19.228316 
38.111870 29.772079 66.449785 62.043823 10.776307 9.158100 8.032185 7.620000 8.032185 9.158100 10.776307 7.620000 5.080000 2.540000 0.000000 2.540000 5.080000 7.620000 29.736901 30.523418 31.495683 32.637099 33.930600 20.578509 20.322495 20.382242 20.755023 21.424503 22.364054 23.541362 13.117143 12.711736 12.807037 13.392363 14.408115 15.771346 17.400579 
38.836567 30.694317 64.351676 59.791306 12.700000 10.776307 9.158100 8.032185 7.620000 8.032185 9.158100 10.160000 7.620000 5.080000 2.540000 0.000000 2.540000 5.080000 27.300659 28.155315 29.206519 30.433911 31.817107 21.138813 20.578509 20.322495 20.382242 20.755023 21.424503 22.364054 13.979766 13.117143 12.711736 12.807037 13.392363 14.408115 15.771346 
39.710786 31.793217 62.286482 57.562730 14.810618 12.700000 10.776307 9.158100 8.032185 7.620000 8.032185 12.700000 10.160000 7.620000 5.080000 2.540000 0.000000 2.540000 24.885174 25.819909 26.962319 28.287256 29.770358 21.980151 21.138813 20.578509 20.322495 20.382242 20.755023 21.424503 15.222072 13.979766 13.117143 12.711736 12.807037 13.392363 14.408115 
40.724898 33.051163 60.257585 55.360985 17.038838 14.810618 12.700000 10.776307 9.158100 8.032185 7.620000 15.240000 12.700000 10.160000 7.620000 5.080000 2.540000 0.000000 22.497134 23.526938 24.775306 26.211028 27.805096 23.071798 21.980151 21.138813 20.578509 20.322495 20.382242 20.755023 16.759842 15.222072 13.979766 13.117143 12.711736 12.807037 13.392363 
59.047488 43.274517 52.235733 33.386371 39.490141 37.172629 34.886110 32.637099 30.433911 28.287256 26.211028 37.129157 34.654111 32.189187 29.736901 27.300659 24.885174 22.497134 0.000000 2.540000 5.080000 7.620000 10.160000 42.729502 40.864780 39.076250 37.374853 35.773023 34.284717 32.925336 38.099373 35.995585 33.951513 31.978610 30.090880 28.305366 26.642628 
61.001841 42.155694 54.435195 31.922852 40.565707 38.313310 36.099114 33.930600 31.817107 29.770358 27.805096 37.762019 35.331335 32.917162 30.523418 28.155315 25.819909 23.526938 2.540000 0.000000 2.540000 5.080000 7.620000 44.456339 42.667154 40.957406 39.337456 37.818843 36.414250 35.137352 39.539959 37.517040 35.560531 33.682009 31.895254 30.216550 28.664888 
62.997988 41.163387 56.663149 30.600496 41.768232 39.584319 37.445355 35.359499 33.336720 31.389215 29.531880 38.552160 36.174607 33.820682 31.495683 29.206519 26.962319 24.775306 5.080000 2.540000 0.000000 2.540000 5.080000 46.258243 44.541497 42.906504 41.362959 39.921472 38.593479 37.391075 41.087197 39.144318 37.273325 35.485590 33.794328 32.214737 30.764024 
65.032081 40.306942 58.916360 29.438334 43.087086 40.973529 38.911006 36.908074 34.974972 33.123928 31.369471 39.490141 37.172629 34.886110 32.637099 30.433911 28.287256 26.211028 7.620000 5.080000 2.540000 0.000000 2.540000 48.126783 46.479104 44.914700 43.442566 42.072391 40.814443 39.679399 42.729502 40.864780 39.076250 37.374853 35.773023 34.284717 32.925336 
67.100670 39.595175 61.192041 28.455997 44.511931 42.469343 40.483100 38.561910 36.715986 34.957253 33.299530 40.565707 38.313310 36.099114 33.930600 31.817107 29.770358 27.805096 10.160000 7.620000 5.080000 2.540000 0.000000 50.054496 48.472389 46.974415 45.568870 44.264562 43.070688 41.996667 44.456339 42.667154 40.957406 39.337456 37.818843 36.414250 35.137352 
17.733681 48.869895 60.914751 76.055178 13.392363 12.807037 12.711736 13.117143 13.979766 15.222072 16.759842 20.755023 20.382242 20.322495 20.578509 21.138813 21.980151 23.071798 42.729502 44.456339 46.258243 48.126783 50.054496 0.000000 2.540000 5.080000 7.620000 10.160000 12.700000 15.240000 7.620000 8.032185 9.158100 10.776307 12.700000 14.810618 17.038838 
18.796941 49.265689 58.474340 74.114989 14.408115 13.392363 12.807037 12.711736 13.117143 13.979766 15.222072 21.424503 20.755023 20.382242 20.322495 20.578509 21.138813 21.980151 40.864780 42.667154 44.541497 46.479104 48.472389 2.540000 0.000000 2.540000 5.080000 7.620000 10.160000 12.700000 8.032185 7.620000 8.032185 9.158100 10.776307 12.700000 14.810618 
20.126344 49.788080 56.042780 72.212024 15.771346 14.408115 13.392363 12.807037 12.711736 13.117143 13.979766 22.364054 21.424503 20.755023 20.382242 20.322495 20.578509 21.138813 39.076250 40.957406 42.906504 44.914700 46.974415 5.080000 2.540000 0.000000 2.540000 5.080000 7.620000 10.160000 9.158100 8.032185 7.620000 8.032185 9.158100 10.776307 12.700000 
21.672971 50.433132 53.621275 70.349302 17.400579 15.771346 14.408115 13.392363 12.807037 12.711736 13.117143 23.541362 22.364054 21.424503 20.755023 20.382242 20.322495 20.578509 37.374853 39.337456 41.362959 43.442566 45.568870 7.620000 5.080000 2.540000 0.000000 2.540000 5.080000 7.620000 10.776307 9.158100 8.032185 7.620000 8.032185 9.158100 10.776307 
23.393777 51.196210 51.211252 68.530106 19.228316 17.400579 15.771346 14.408115 13.392363 12.807037 12.711736 24.922754 23.541362 22.364054 21.424503 20.755023 20.382242 20.322495 35.773023 37.818843 39.921472 42.072391 44.264562 10.160000 7.620000 5.080000 2.540000 0.000000 2.540000 5.080000 12.700000 10.776307 9.158100 8.032185 7.620000 8.032185 9.158100 
25.253181 52.072126 48.814410 66.757994 21.203285 19.228316 17.400579 15.771346 14.408115 13.392363 12.807037 26.476308 24.922754 23.541362 22.364054 21.424503 20.755023 20.382242 34.284717 36.414250 38.593479 40.814443 43.070688 12.700000 10.160000 7.620000 5.080000 2.540000 0.000000 2.540000 14.810618 12.700000 10.776307 9.158100 8.032185 7.620000 8.032185 
27.222798 53.055291 46.432792 65.036815 23.288059 21.203285 19.228316 17.400579 15.771346 14.408115 13.392363 28.173556 26.476308 24.922754 23.541362 22.364054 21.424503 20.755023 32.925336 35.137352 37.391075 39.679399 41.996667 15.240000 12.700000 10.160000 7.620000 5.080000 2.540000 0.000000 17.038838 14.810618 12.700000 10.776307 9.158100 8.032185 7.620000 
24.994732 41.326986 63.410253 71.442587 6.638419 5.360357 5.128494 6.064047 7.755455 9.819608 12.066711 13.392363 12.807037 12.711736 13.117143 13.979766 15.222072 16.759842 38.099373 39.539959 41.087197 42.729502 44.456339 7.620000 8.032185 9.158100 10.776307 12.700000 14.810618 17.038838 0.000000 2.540000 5.080000 7.620000 10.160000 12.700000 15.240000 
25.760012 41.794274 61.069646 69.373517 8.503352 6.638419 5.360357 5.128494 6.064047 7.755455 9.819608 14.408115 13.392363 12.807037 12.711736 13.117143 13.979766 15.222072 35.995585 37.517040 39.144318 40.864780 42.667154 8.032185 7.620000 8.032185 9.158100 10.776307 12.700000 14.810618 2.540000 0.000000 2.540000 5.080000 7.620000 10.160000 12.700000 
26.745522 42.408797 58.745608 67.336688 10.651224 8.503352 6.638419 5.360357 5.128494 6.064047 7.755455 15.771346 14.408115 13.392363 12.807037 12.711736 13.117143 13.979766 33.951513 35.560531 37.273325 39.076250 40.957406 9.158100 8.032185 7.620000 8.032185 9.158100 10.776307 12.700000 5.080000 2.540000 0.000000 2.540000 5.080000 7.620000 10.160000 
27.927959 43.164268 56.440184 65.335117 12.941923 10.651224 8.503352 6.638419 5.360357 5.128494 6.064047 17.400579 15.771346 14.408115 13.392363 12.807037 12.711736 13.117143 31.978610 33.682009 35.485590 37.374853 39.337456 10.776307 9.158100 8.032185 7.620000 8.032185 9.158100 10.776307 7.620000 5.080000 2.540000 0.000000 2.540000 5.080000 7.620000 
29.283477 44.053435 54.155752 63.372144 15.311477 12.941923 10.651224 8.503352 6.638419 5.360357 5.128494 19.228316 17.400579 15.771346 14.408115 13.392363 12.807037 12.711736 30.090880 31.895254 33.794328 35.773023 37.818843 12.700000 10.776307 9.158100 8.032185 7.620000 8.032185 9.158100 10.160000 7.620000 5.080000 2.540000 0.000000 2.540000 5.080000 
30.789225 45.068387 51.895085 61.451469 17.728297 15.311477 12.941923 10.651224 8.503352 6.638419 5.360357 21.203285 19.228316 17.400579 15.771346 14.408115 13.392363 12.807037 28.305366 30.216550 32.214737 34.284717 36.414250 14.810618 12.700000 10.776307 9.158100 8.032185 7.620000 8.032185 12.700000 10.160000 7.620000 5.080000 2.540000 0.000000 2.540000 
32.424280 46.200834 49.661428 59.577181 20.175404 17.728297 15.311477 12.941923 10.651224 8.503352 6.638419 23.288059 21.203285 19.228316 17.400579 15.771346 14.408115 13.392363 26.642628 28.664888 30.764024 32.925336 35.137352 17.038838 14.810618 12.700000 10.776307 9.158100 8.032185 7.620000 15.240000 12.700000 10.160000 7.620000 5.080000 2.540000 0.000000 
