36
# Circuit board instance
Size: large
Nodes: 36
0.000000 115.000000 115.000000 162.634560 62.440144 64.873619 67.314965 69.763356 72.218074 74.678497 77.144078 65.075228 67.413650 69.766169 72.131405 74.508147 76.895329 79.292008 79.987530 80.827162 81.677911 82.539433 83.885158 84.686155 85.498514 86.321913 28.886956 29.085043 29.501296 30.126672 30.948497 50.491626 51.286740 52.193470 53.206110 54.318736 
115.000000 0.000000 162.634560 115.000000 113.705751 115.060039 116.453985 117.886182 119.355253 120.859853 122.398672 107.295906 108.730062 110.204104 111.716453 113.265574 114.849980 116.468231 75.816315 76.701622 77.597615 78.503927 72.238690 73.167298 74.106035 75.054522 117.607966 115.147371 112.690301 110.236989 107.787694 111.366777 109.083841 106.812513 104.553550 102.307770 
115.000000 162.634560 0.000000 115.000000 58.213574 55.807124 53.413043 51.033072 48.669281 46.324147 44.000653 61.031418 58.740521 56.470939 54.225346 52.006852 49.819076 47.666248 86.846792 85.937713 85.037883 84.147598 90.449323 89.576811 88.713900 87.860873 86.135727 86.202361 86.343695 86.559365 86.848815 68.276001 68.866085 69.543988 70.307170 71.152885 
162.634560 115.000000 115.000000 0.000000 111.440775 110.202819 109.009997 107.863806 106.765749 105.717325 104.720025 104.892613 103.576421 102.306369 101.084195 99.911655 98.790519 97.722553 83.020925 82.069478 81.126754 80.193060 79.767090 78.776353 77.793732 76.819539 142.886462 140.868110 138.866883 136.883531 134.918843 120.477247 118.370150 116.280355 114.208812 112.156532 
62.440144 113.705751 58.213574 111.440775 0.000000 2.540000 5.080000 7.620000 10.160000 12.700000 15.240000 7.620000 8.032185 9.158100 10.776307 12.700000 14.810618 17.038838 42.697650 42.502151 42.343856 42.223185 47.712727 47.537858 47.396384 47.288607 35.341628 34.174031 33.160237 32.314724 31.650983 11.948955 11.447844 11.499215 12.096031 13.164315 
64.873619 115.060039 55.807124 110.202819 2.540000 0.000000 2.540000 5.080000 7.620000 10.160000 12.700000 8.032185 7.620000 8.032185 9.158100 10.776307 12.700000 14.810618 43.198143 42.929844 42.697650 42.502151 48.161132 47.920628 47.712727 47.537858 37.579064 36.483144 35.535288 34.747616 34.131220 14.392520 13.979280 14.021379 14.514857 15.416430 
67.314965 116.453985 53.413043 109.009997 5.080000 2.540000 0.000000 2.540000 5.080000 7.620000 10.160000 9.158100 8.032185 7.620000 8.032185 9.158100 10.776307 12.700000 43.840314 43.501879 43.198143 42.929844 48.737954 48.433754 48.161132 47.920628 39.852788 38.821108 37.931720 37.194831 36.619650 16.864607 16.513345 16.549000 16.969131 17.746454 
69.763356 117.886182 51.033072 107.863806 7.620000 5.080000 2.540000 0.000000 2.540000 5.080000 7.620000 10.776307 9.158100 8.032185 7.620000 8.032185 9.158100 10.776307 44.618044 44.212652 43.840314 43.501879 49.438698 49.073146 48.737954 48.433754 42.156928 41.183009 40.345721 39.653718 39.114711 19.354288 19.048992 19.079909 19.445435 20.127348 
72.218074 119.355253 48.669281 106.765749 10.160000 7.620000 5.080000 2.540000 0.000000 2.540000 5.080000 12.700000 10.776307 9.158100 8.032185 7.620000 8.032185 9.158100 45.524386 45.055598 44.618044 44.212652 50.258181 49.833944 49.438698 49.073146 44.486757 43.564955 42.774317 42.122231 41.615210 21.855553 21.585662 21.612951 21.936309 22.543000 
74.678497 120.859853 46.324147 105.717325 12.700000 10.160000 7.620000 5.080000 2.540000 0.000000 2.540000 14.810618 12.700000 10.776307 9.158100 8.032185 7.620000 8.032185 46.551830 46.023455 45.524386 45.055598 51.190701 50.710684 50.258181 49.833944 46.838444 45.963829 45.215157 44.598773 44.120221 24.364834 24.123033 24.147454 24.437299 24.983330 
77.144078 122.398672 44.000653 104.720025 15.240000 12.700000 10.160000 7.620000 5.080000 2.540000 0.000000 17.038838 14.810618 12.700000 10.776307 9.158100 8.032185 7.620000 47.692548 47.108525 46.551830 46.023455 52.230204 51.697468 51.190701 50.710684 49.208853 48.377112 47.666360 47.082077 46.629018 26.879885 26.660905 26.683003 26.945587 27.441755 
65.075228 107.295906 61.031418 104.892613 7.620000 8.032185 9.158100 10.776307 12.700000 14.810618 17.038838 0.000000 2.540000 5.080000 7.620000 10.160000 12.700000 15.240000 35.209951 34.972621 34.780074 34.633058 40.196226 39.988500 39.820214 39.691870 39.622578 38.079821 36.648330 35.341628 34.174031 15.980297 14.315582 12.938513 11.948955 11.447844 
67.413650 108.730062 58.740521 103.576421 8.032185 7.620000 8.032185 9.158100 10.776307 12.700000 14.810618 2.540000 0.000000 2.540000 5.080000 7.620000 10.160000 12.700000 35.815234 35.491167 35.209951 34.972621 40.727471 40.442784 40.196226 39.988500 41.630567 40.165013 38.810508 37.579064 36.483144 17.881191 16.410454 15.224067 14.392520 13.979280 
69.766169 110.204104 56.470939 102.306369 9.158100 8.032185 7.620000 8.032185 9.158100 10.776307 12.700000 5.080000 2.540000 0.000000 2.540000 5.080000 7.620000 10.160000 36.587218 36.181001 35.815234 35.491167 41.407975 41.049491 40.727471 40.442784 43.693967 42.299963 41.016024 39.852788 38.821108 19.925042 18.616480 17.579606 16.864607 16.513345 
72.131405 111.716453 54.225346 101.084195 10.776307 9.158100 8.032185 7.620000 8.032185 9.158100 10.776307 7.620000 5.080000 2.540000 0.000000 2.540000 5.080000 7.620000 37.515613 37.032553 36.587218 36.181001 42.230523 41.801983 41.407975 41.049491 45.805290 44.477508 43.258248 42.156928 41.183009 22.072173 20.898489 19.980392 19.354288 19.048992 
74.508147 113.265574 52.006852 99.911655 12.700000 10.776307 9.158100 8.032185 7.620000 8.032185 9.158100 10.160000 7.620000 5.080000 2.540000 0.000000 2.540000 5.080000 38.589132 38.034961 37.515613 37.032553 43.187000 42.692554 42.230523 41.801983 47.958207 46.691688 45.531759 44.486757 43.564955 24.295217 23.234104 22.411889 21.855553 21.585662 
76.895329 114.849980 49.819076 98.790519 14.810618 12.700000 10.776307 9.158100 8.032185 7.620000 8.032185 12.700000 10.160000 7.620000 5.080000 2.540000 0.000000 2.540000 39.796033 39.176648 38.589132 38.034961 44.268726 43.712763 43.187000 42.692554 50.147361 48.937531 47.832095 46.838444 45.963829 26.575129 25.608660 24.865090 24.364834 24.123033 
79.292008 116.468231 47.666248 97.722553 17.038838 14.810618 12.700000 10.776307 9.158100 8.032185 7.620000 15.240000 12.700000 10.160000 7.620000 5.080000 2.540000 0.000000 41.124573 40.445822 39.796033 39.176648 45.466762 44.853766 44.268726 43.712763 52.368209 51.210872 50.155565 49.208853 48.377112 28.898453 28.012258 27.334151 26.879885 26.660905 
79.987530 75.816315 86.846792 83.020925 42.697650 43.198143 43.840314 44.618044 45.524386 46.551830 47.692548 35.209951 35.815234 36.587218 37.515613 38.589132 39.796033 41.124573 0.000000 1.270000 2.540000 3.810000 5.080000 5.236344 5.679613 6.350000 63.876363 61.524134 59.187429 56.868159 54.568548 45.858891 43.330234 40.802986 38.277426 35.753912 
80.827162 76.701622 85.937713 82.069478 42.502151 42.929844 43.501879 44.212652 45.055598 46.023455 47.108525 34.972621 35.491167 36.181001 37.032553 38.034961 39.176648 40.445822 1.270000 0.000000 1.270000 2.540000 5.236344 5.080000 5.236344 5.679613 64.357480 62.023500 59.706341 57.408039 55.130953 45.992817 43.471951 40.953449 38.437776 35.925527 
81.677911 77.597615 85.037883 81.126754 42.343856 42.697650 43.198143 43.840314 44.618044 45.524386 46.551830 34.780074 35.209951 35.815234 36.587218 37.515613 38.589132 39.796033 2.540000 1.270000 0.000000 1.270000 5.679613 5.236344 5.080000 5.236344 64.859899 62.544671 60.247560 57.970719 55.716633 46.161307 43.650173 41.142582 38.639225 36.140983 
82.539433 78.503927 84.147598 80.193060 42.223185 42.502151 42.929844 43.501879 44.212652 45.055598 46.023455 34.633058 34.972621 35.491167 36.181001 37.032553 38.034961 39.176648 3.810000 2.540000 1.270000 0.000000 6.350000 5.679613 5.236344 5.080000 65.383129 63.087106 60.810488 58.555540 56.324864 46.363986 43.864456 41.369856 38.881135 36.399499 
83.885158 72.238690 90.449323 79.767090 47.712727 48.161132 48.737954 49.438698 50.258181 51.190701 52.230204 40.196226 40.727471 41.407975 42.230523 43.187000 44.268726 45.466762 5.080000 5.236344 5.679613 6.350000 0.000000 1.270000 2.540000 3.810000 68.620992 66.242460 63.876363 61.524134 59.187429 50.919593 48.388737 45.858891 43.330234 40.802986 
84.686155 73.167298 89.576811 78.776353 47.537858 47.920628 48.433754 49.073146 49.833944 50.710684 51.697468 39.988500 40.442784 41.049491 41.801983 42.692554 43.712763 44.853766 5.236344 5.080000 5.236344 5.679613 1.270000 0.000000 1.270000 2.540000 69.069067 66.706514 64.357480 62.023500 59.706341 51.040241 48.515679 45.992817 43.471951 40.953449 
85.498514 74.106035 88.713900 77.793732 47.396384 47.712727 48.161132 48.737954 49.438698 50.258181 51.190701 39.820214 40.196226 40.727471 41.407975 42.230523 43.187000 44.268726 5.679613 5.236344 5.080000 5.236344 2.540000 1.270000 0.000000 1.270000 69.537452 67.191371 64.859899 62.544671 60.247560 51.192122 48.675438 46.161307 43.650173 41.142582 
86.321913 75.054522 87.860873 76.819539 47.288607 47.537858 47.920628 48.433754 49.073146 49.833944 50.710684 39.691870 39.988500 40.442784 41.049491 41.801983 42.692554 43.712763 6.350000 5.679613 5.236344 5.080000 3.810000 2.540000 1.270000 0.000000 70.025741 67.696583 65.383129 63.087106 60.810488 51.374957 48.867690 46.363986 43.864456 41.369856 
28.886956 117.607966 86.135727 142.886462 35.341628 37.579064 39.852788 42.156928 44.486757 46.838444 49.208853 39.622578 41.630567 43.693967 45.805290 47.958207 50.147361 52.368209 63.876363 64.357480 64.859899 65.383129 68.620992 69.069067 69.537452 70.025741 0.000000 2.540000 5.080000 7.620000 10.160000 23.770292 25.316404 27.013274 28.834301 30.757438 
29.085043 115.147371 86.202361 140.868110 34.174031 36.483144 38.821108 41.183009 43.564955 45.963829 48.377112 38.079821 40.165013 42.299963 44.477508 46.691688 48.937531 51.210872 61.524134 62.023500 62.544671 63.087106 66.242460 66.706514 67.191371 67.696583 2.540000 0.000000 2.540000 5.080000 7.620000 22.406171 23.770292 25.316404 27.013274 28.834301 
29.501296 112.690301 86.343695 138.866883 33.160237 35.535288 37.931720 40.345721 42.774317 45.215157 47.666360 36.648330 38.810508 41.016024 43.258248 45.531759 47.832095 50.155565 59.187429 59.706341 60.247560 60.810488 63.876363 64.357480 64.859899 65.383129 5.080000 2.540000 0.000000 2.540000 5.080000 21.259102 22.406171 23.770292 25.316404 27.013274 
30.126672 110.236989 86.559365 136.883531 32.314724 34.747616 37.194831 39.653718 42.122231 44.598773 47.082077 35.341628 37.579064 39.852788 42.156928 44.486757 46.838444 49.208853 56.868159 57.408039 57.970719 58.555540 61.524134 62.023500 62.544671 63.087106 7.620000 5.080000 2.540000 0.000000 2.540000 20.365793 21.259102 22.406171 23.770292 25.316404 
30.948497 107.787694 86.848815 134.918843 31.650983 34.131220 36.619650 39.114711 41.615210 44.120221 46.629018 34.174031 36.483144 38.821108 41.183009 43.564955 45.963829 48.377112 54.568548 55.130953 55.716633 56.324864 59.187429 59.706341 60.247560 60.810488 10.160000 7.620000 5.080000 2.540000 0.000000 19.760689 20.365793 21.259102 22.406171 23.770292 
50.491626 111.366777 68.276001 120.477247 11.948955 14.392520 16.864607 19.354288 21.855553 24.364834 26.879885 15.980297 17.881191 19.925042 22.072173 24.295217 26.575129 28.898453 45.858891 45.992817 46.161307 46.363986 50.919593 51.040241 51.192122 51.374957 23.770292 22.406171 21.259102 20.365793 19.760689 0.000000 2.540000 5.080000 7.620000 10.160000 
51.286740 109.083841 68.866085 118.370150 11.447844 13.979280 16.513345 19.048992 21.585662 24.123033 26.660905 14.315582 16.410454 18.616480 20.898489 23.234104 25.608660 28.012258 43.330234 43.471951 43.650173 43.864456 48.388737 48.515679 48.675438 48.867690 25.316404 23.770292 22.406171 21.259102 20.365793 2.540000 0.000000 2.540000 5.080000 7.620000 
52.193470 106.812513 69.543988 116.280355 11.499215 14.021379 16.549000 19.079909 21.612951 24.147454 26.683003 12.938513 15.224067 17.579606 19.980392 22.411889 24.865090 27.334151 40.802986 40.953449 41.142582 41.369856 45.858891 45.992817 46.161307 46.363986 27.013274 25.316404 23.770292 22.406171 21.259102 5.080000 2.540000 0.000000 2.540000 5.080000 
53.206110 104.553550 70.307170 114.208812 12.096031 14.514857 16.969131 19.445435 21.936309 24.437299 26.945587 11.948955 14.392520 16.864607 19.354288 21.855553 24.364834 26.879885 38.277426 38.437776 38.639225 38.881135 43.330234 43.471951 43.650173 43.864456 28.834301 27.013274 25.316404 23.770292 22.406171 7.620000 5.080000 2.540000 0.000000 2.540000 
54.318736 102.307770 71.152885 112.156532 13.164315 15.416430 17.746454 20.127348 22.543000 24.983330 27.441755 11.447844 13.979280 16.513345 19.048992 21.585662 24.123033 26.660905 35.753912 35.925527 36.140983 36.399499 40.802986 40.953449 41.142582 41.369856 30.757438 28.834301 27.013274 25.316404 23.770292 10.160000 7.620000 5.080000 2.540000 0.000000 
