50
# Circuit board instance
Size: large
Nodes: 50
0.000000 140.000000 140.000000 197.989899 136.124184 138.035034 139.965892 141.915941 143.884402 125.090486 127.424844 129.766927 132.116323 134.472650 136.835550 139.204687 128.312509 130.589284 132.875602 135.170977 137.474957 139.787116 142.107055 69.812010 69.859983 69.930990 70.024963 74.890061 74.934783 75.000986 75.088613 154.352848 155.930401 157.533112 159.160221 160.810987 144.463883 145.974625 147.513634 149.080033 150.672969 152.291609 153.935142 150.688182 152.137129 153.614410 155.119215 156.650753 158.208245 159.790934 
140.000000 0.000000 197.989899 140.000000 98.032031 97.071912 96.169311 95.325861 94.543146 145.992000 147.997045 150.018298 152.055112 154.106872 156.172987 158.252896 141.409103 143.478206 145.562220 147.660514 149.772488 151.897572 154.035221 70.245290 70.292967 70.363538 70.456933 65.167517 65.218906 65.294960 65.395595 129.617667 128.759573 127.946157 127.178275 126.456757 88.226132 90.678708 93.135970 95.597558 98.063145 100.532437 103.005168 86.529561 89.028887 91.530452 94.034078 96.539604 99.046886 101.555794 
140.000000 197.989899 0.000000 140.000000 113.331220 115.619386 117.917864 120.226063 122.543433 55.796448 54.694650 53.690494 52.789551 51.997187 51.318432 50.757843 62.687430 61.708792 60.820551 60.026719 59.331086 58.737141 58.247995 154.637929 153.505666 152.375574 151.247703 156.995839 155.880704 154.767956 153.657646 96.852277 99.347128 101.844210 104.343364 106.844445 128.999281 127.939018 126.920736 125.945454 125.014178 124.127899 123.287586 135.933547 134.927784 133.962636 133.038987 132.157707 131.319648 130.525644 
197.989899 140.000000 140.000000 0.000000 62.645438 61.132054 59.688426 58.319737 57.031381 93.697801 93.045898 92.459199 91.938953 91.486293 91.102227 90.787626 86.383726 85.676189 85.038660 84.472725 83.979831 83.561271 83.218167 154.834018 153.703199 152.574571 151.448182 152.597436 151.449919 150.304372 149.160840 48.541749 46.201618 43.883720 41.591771 39.330309 59.622574 57.292487 54.980997 52.690551 50.424017 48.184769 45.976796 57.082099 54.643790 52.215177 49.797679 47.392997 45.003185 42.630745 
136.124184 98.032031 113.331220 62.645438 0.000000 2.540000 5.080000 7.620000 10.160000 57.547782 58.672406 59.883707 61.176538 62.545843 63.986712 65.494422 50.753729 52.025427 53.387754 54.833955 56.357575 57.952507 59.613028 93.947554 92.754864 91.564253 90.375803 92.336864 91.123094 89.910878 88.700278 32.004860 31.565389 31.326341 31.292311 31.463964 15.763578 15.116579 14.880682 15.075200 15.684126 16.662088 17.948864 23.093909 22.657211 22.500510 22.629625 23.039750 23.716311 24.637370 
138.035034 97.071912 115.619386 61.132054 2.540000 0.000000 2.540000 5.080000 7.620000 59.856682 60.938710 62.105825 63.353326 64.676561 66.070980 67.532173 52.993458 54.212642 55.521327 56.913339 58.382718 59.923773 61.531119 94.844721 93.663455 92.484542 91.308071 93.111053 91.907508 90.705775 89.505927 32.636660 32.004860 31.565389 31.326341 31.292311 13.392188 12.624233 12.340787 12.574656 13.298576 14.439026 15.906667 20.627151 20.137029 19.960553 20.105985 20.566497 21.321682 22.341681 
139.965892 96.169311 117.917864 59.688426 5.080000 2.540000 0.000000 2.540000 5.080000 62.183604 63.225823 64.351471 65.556253 66.835888 68.186162 69.602965 55.259165 56.429419 57.687837 59.028780 60.446758 61.936478 63.492892 95.800847 94.631518 93.464816 92.300841 93.947554 92.754864 91.564253 90.375803 33.449893 32.636660 32.004860 31.565389 31.326341 11.095685 10.155529 9.800946 10.093834 10.982515 12.338922 14.028028 18.180574 17.622538 17.420608 17.587056 18.111728 18.964916 20.104841 
141.915941 95.325861 120.226063 58.319737 7.620000 5.080000 2.540000 0.000000 2.540000 64.526601 65.531566 66.618266 67.782769 69.021138 70.329469 71.703935 57.547782 58.672406 59.883707 61.176538 62.545843 63.986712 65.494422 96.814187 95.657245 94.503207 93.352181 94.844721 93.663455 92.484542 91.308071 34.431704 33.449893 32.636660 32.004860 31.565389 8.932018 7.733143 7.261215 7.651941 8.791039 10.436269 12.387585 15.763578 15.116579 14.880682 15.075200 15.684126 16.662088 17.948864 
143.884402 94.543146 122.543433 57.031381 10.160000 7.620000 5.080000 2.540000 0.000000 66.883981 67.854041 68.904123 70.030626 71.229925 72.498407 73.832506 59.856682 60.938710 62.105825 63.353326 64.676561 66.070980 67.532173 97.882963 96.738804 95.597823 94.460136 95.800847 94.631518 93.464816 92.300841 35.568137 34.431704 33.449893 32.636660 32.004860 7.025016 5.419539 4.721776 5.303029 6.844872 8.859212 11.091537 13.392188 12.624233 12.340787 12.574656 13.298576 14.439026 15.906667 
125.090486 145.992000 55.796448 93.697801 57.547782 59.856682 62.183604 64.526601 66.883981 0.000000 2.540000 5.080000 7.620000 10.160000 12.700000 15.240000 7.620000 8.032185 9.158100 10.776307 12.700000 14.810618 17.038838 114.525950 113.275720 112.025935 110.776610 115.522265 114.282935 113.044287 111.806341 45.832277 48.345463 50.861313 53.379451 55.899567 73.246236 72.254960 71.340385 70.505497 69.753157 69.086061 68.506700 80.272785 79.369314 78.537631 77.780036 77.098714 76.495704 75.972869 
127.424844 147.997045 54.694650 93.045898 58.672406 60.938710 63.225823 65.531566 67.854041 2.540000 0.000000 2.540000 5.080000 7.620000 10.160000 12.700000 8.032185 7.620000 8.032185 9.158100 10.776307 12.700000 14.810618 117.027686 115.776610 114.525950 113.275720 118.002881 116.762254 115.522265 114.282935 45.523569 48.052904 50.583308 53.114627 55.646738 74.311144 73.246236 72.254960 71.340385 70.505497 69.753157 69.086061 81.245646 80.272785 79.369314 78.537631 77.780036 77.098714 76.495704 
129.766927 150.018298 53.690494 92.459199 59.883707 62.105825 64.351471 66.618266 68.904123 5.080000 2.540000 0.000000 2.540000 5.080000 7.620000 10.160000 9.158100 8.032185 7.620000 8.032185 9.158100 10.776307 12.700000 119.531036 118.279166 117.027686 115.776610 120.485971 119.244126 118.002881 116.762254 45.355224 47.893450 50.431855 52.970413 55.509102 75.446567 74.311144 73.246236 72.254960 71.340385 70.505497 69.753157 82.285438 81.245646 80.272785 79.369314 78.537631 77.780036 77.098714 
132.116323 152.055112 52.789551 91.938953 61.176538 63.353326 65.556253 67.782769 70.030626 7.620000 5.080000 2.540000 0.000000 2.540000 5.080000 7.620000 10.776307 9.158100 8.032185 7.620000 8.032185 9.158100 10.776307 122.035901 120.783285 119.531036 118.279166 122.971386 121.728397 120.485971 119.244126 45.328805 47.868432 50.408097 52.947793 55.487518 76.649370 75.446567 74.311144 73.246236 72.254960 71.340385 70.505497 83.389656 82.285438 81.245646 80.272785 79.369314 78.537631 77.780036 
134.472650 154.106872 51.997187 91.486293 62.545843 64.676561 66.835888 69.021138 71.229925 10.160000 7.620000 5.080000 2.540000 0.000000 2.540000 5.080000 12.700000 10.776307 9.158100 8.032185 7.620000 8.032185 9.158100 124.542190 123.288873 122.035901 120.783285 125.458987 124.214922 122.971386 121.728397 45.444559 47.978059 50.512212 53.046925 55.582120 77.916433 76.649370 75.446567 74.311144 73.246236 72.254960 71.340385 84.555777 83.389656 82.285438 81.245646 80.272785 79.369314 78.537631 
136.835550 156.172987 51.318432 91.102227 63.986712 66.070980 68.186162 70.329469 72.498407 12.700000 10.160000 7.620000 5.080000 2.540000 0.000000 2.540000 14.810618 12.700000 10.776307 9.158100 8.032185 7.620000 8.032185 127.049817 125.795841 124.542190 123.288873 127.948648 126.703568 125.458987 124.214922 45.701407 48.221414 50.743415 53.267127 55.792317 79.244674 77.916433 76.649370 75.446567 74.311144 73.246236 72.254960 85.781275 84.555777 83.389656 82.285438 81.245646 80.272785 79.369314 
139.204687 158.252896 50.757843 90.787626 65.494422 67.532173 69.602965 71.703935 73.832506 15.240000 12.700000 10.160000 7.620000 5.080000 2.540000 0.000000 17.038838 14.810618 12.700000 10.776307 9.158100 8.032185 7.620000 129.558705 128.304108 127.049817 125.795841 130.440249 129.194213 127.948648 126.703568 46.096989 48.596487 51.099980 53.606908 56.116810 80.631070 79.244674 77.916433 76.649370 75.446567 74.311144 73.246236 87.063645 85.781275 84.555777 83.389656 82.285438 81.245646 80.272785 
128.312509 141.409103 62.687430 86.383726 50.753729 52.993458 55.259165 57.547782 59.856682 7.620000 8.032185 9.158100 10.776307 12.700000 14.810618 17.038838 0.000000 2.540000 5.080000 7.620000 10.160000 12.700000 15.240000 113.442348 112.180043 110.917913 109.655965 114.109367 112.854523 111.600021 110.345874 38.313942 40.815864 43.322218 45.832277 48.345463 66.350818 65.254879 64.240723 63.312282 62.473377 61.727658 61.078539 73.246236 72.254960 71.340385 70.505497 69.753157 69.086061 68.506700 
130.589284 143.478206 61.708792 85.676189 52.025427 54.212642 56.429419 58.672406 60.938710 8.032185 7.620000 8.032185 9.158100 10.776307 12.700000 14.810618 2.540000 0.000000 2.540000 5.080000 7.620000 10.160000 12.700000 115.967463 114.704823 113.442348 112.180043 116.620040 115.364543 114.109367 112.854523 37.944116 40.468909 42.995492 45.523569 48.052904 67.524559 66.350818 65.254879 64.240723 63.312282 62.473377 61.727658 74.311144 73.246236 72.254960 71.340385 70.505497 69.753157 69.086061 
132.875602 145.562220 60.820551 85.038660 53.387754 55.521327 57.687837 59.883707 62.105825 9.158100 8.032185 7.620000 8.032185 9.158100 10.776307 12.700000 5.080000 2.540000 0.000000 2.540000 5.080000 7.620000 10.160000 118.493214 117.230262 115.967463 114.704823 119.131957 117.875848 116.620040 115.364543 37.741979 40.279443 42.817209 45.355224 47.893450 68.772119 67.524559 66.350818 65.254879 64.240723 63.312282 62.473377 75.446567 74.311144 73.246236 72.254960 71.340385 70.505497 69.753157 
135.170977 147.660514 60.026719 84.472725 54.833955 56.913339 59.028780 61.176538 63.353326 10.776307 9.158100 8.032185 7.620000 8.032185 9.158100 10.776307 7.620000 5.080000 2.540000 0.000000 2.540000 5.080000 7.620000 121.019562 119.756316 118.493214 117.230262 121.645040 120.388357 119.131957 117.875848 37.710226 40.249693 42.789223 45.328805 47.868432 70.089556 68.772119 67.524559 66.350818 65.254879 64.240723 63.312282 76.649370 75.446567 74.311144 73.246236 72.254960 71.340385 70.505497 
137.474957 149.772488 59.331086 83.979831 56.357575 58.382718 60.446758 62.545843 64.676561 12.700000 10.776307 9.158100 8.032185 7.620000 8.032185 9.158100 10.160000 7.620000 5.080000 2.540000 0.000000 2.540000 5.080000 123.546470 122.282948 121.019562 119.756316 124.159218 122.901997 121.645040 120.388357 37.849287 40.380009 42.911828 45.444559 47.978059 71.473005 70.089556 68.772119 67.524559 66.350818 65.254879 64.240723 77.916433 76.649370 75.446567 74.311144 73.246236 72.254960 71.340385 
139.787116 151.897572 58.737141 83.561271 57.952507 59.923773 61.936478 63.986712 66.070980 14.810618 12.700000 10.776307 9.158100 8.032185 7.620000 8.032185 12.700000 10.160000 7.620000 5.080000 2.540000 0.000000 2.540000 126.073904 124.810123 123.546470 122.282948 126.674427 125.416698 124.159218 122.901997 38.157295 40.668855 43.183742 45.701407 48.221414 72.918710 71.473005 70.089556 68.772119 67.524559 66.350818 65.254879 79.244674 77.916433 76.649370 75.446567 74.311144 73.246236 72.254960 
142.107055 154.035221 58.247995 83.218167 59.613028 61.531119 63.492892 65.494422 67.532173 17.038838 14.810618 12.700000 10.776307 9.158100 8.032185 7.620000 15.240000 12.700000 10.160000 7.620000 5.080000 2.540000 0.000000 128.601832 127.337808 126.073904 124.810123 129.190606 127.932399 126.674427 125.416698 38.630208 41.112888 43.602172 46.096989 48.596487 74.423043 72.918710 71.473005 70.089556 68.772119 67.524559 66.350818 80.631070 79.244674 77.916433 76.649370 75.446567 74.311144 73.246236 
69.812010 70.245290 154.637929 154.834018 93.947554 94.844721 95.800847 96.814187 97.882963 114.525950 117.027686 119.531036 122.035901 124.542190 127.049817 129.558705 113.442348 115.967463 118.493214 121.019562 123.546470 126.073904 128.601832 0.000000 1.270000 2.540000 3.810000 5.080000 5.236344 5.679613 6.350000 122.231891 122.782834 123.383616 124.033512 124.731756 95.447531 97.666954 99.901651 102.150619 104.412936 106.687753 108.974288 99.417548 101.550241 103.701289 105.869573 108.054055 110.253772 112.467831 
69.859983 70.292967 153.505666 153.703199 92.754864 93.663455 94.631518 95.657245 96.738804 113.275720 115.776610 118.279166 120.783285 123.288873 125.795841 128.304108 112.180043 114.704823 117.230262 119.756316 122.282948 124.810123 127.337808 1.270000 0.000000 1.270000 2.540000 5.236344 5.080000 5.236344 5.679613 120.989685 121.546259 122.153123 122.809531 123.514694 94.343884 96.555267 98.782458 101.024410 103.280163 105.548833 107.829602 98.358457 100.481527 102.623543 104.783343 106.959851 109.152067 111.359062 
69.930990 70.363538 152.375574 152.574571 91.564253 92.484542 93.464816 94.503207 95.597823 112.025935 114.525950 117.027686 119.531036 122.035901 124.542190 127.049817 110.917913 113.442348 115.967463 118.493214 121.019562 123.546470 126.073904 2.540000 1.270000 0.000000 1.270000 5.679613 5.236344 5.080000 5.236344 119.748062 120.310380 120.923446 121.586494 122.298709 93.244473 95.447531 97.666954 99.901651 102.150619 104.412936 106.687753 97.304416 99.417548 101.550241 103.701289 105.869573 108.054055 110.253772 
70.024963 70.456933 151.247703 151.448182 90.375803 91.308071 92.300841 93.352181 94.460136 110.776610 113.275720 115.776610 118.279166 120.783285 123.288873 125.795841 109.655965 112.180043 114.704823 117.230262 119.756316 122.282948 124.810123 3.810000 2.540000 1.270000 0.000000 6.350000 5.679613 5.236344 5.080000 118.507041 119.075219 119.694612 120.364429 121.083832 92.149447 94.343884 96.555267 98.782458 101.024410 103.280163 105.548833 96.255588 98.358457 100.481527 102.623543 104.783343 106.959851 109.152067 
74.890061 65.167517 156.995839 152.597436 92.336864 93.111053 93.947554 94.844721 95.800847 115.522265 118.002881 120.485971 122.971386 125.458987 127.948648 130.440249 114.109367 116.620040 119.131957 121.645040 124.159218 126.674427 129.190606 5.080000 5.236344 5.679613 6.350000 0.000000 1.270000 2.540000 3.810000 121.282177 121.731464 122.231891 122.782834 123.383616 93.053759 95.328929 97.617164 99.917565 102.229311 104.551650 106.883892 96.722286 98.913109 101.120271 103.342722 105.579499 107.829709 110.092528 
74.934783 65.218906 155.880704 151.449919 91.123094 91.907508 92.754864 93.663455 94.631518 114.282935 116.762254 119.244126 121.728397 124.214922 126.703568 129.194213 112.854523 115.364543 117.875848 120.388357 122.901997 125.416698 127.932399 5.236344 5.080000 5.236344 5.679613 1.270000 0.000000 1.270000 2.540000 120.030143 120.484098 120.989685 121.546259 122.153123 91.921376 94.189652 96.471472 98.765897 101.072069 103.389201 105.716574 95.633351 97.815587 100.014715 102.229647 104.459377 106.702977 108.959591 
75.000986 65.294960 154.767956 150.304372 89.910878 90.705775 91.564253 92.484542 93.464816 113.044287 115.522265 118.002881 120.485971 122.971386 125.458987 127.948648 111.600021 114.109367 116.620040 119.131957 121.645040 124.159218 126.674427 5.679613 5.236344 5.080000 5.236344 2.540000 1.270000 0.000000 1.270000 118.778490 119.237211 119.748062 120.310380 120.923446 90.792635 93.053759 95.328929 97.617164 99.917565 102.229311 104.551650 94.548934 96.722286 98.913109 101.120271 103.342722 105.579499 107.829709 
75.088613 65.395595 153.657646 149.160840 88.700278 89.505927 90.375803 91.308071 92.300841 111.806341 114.282935 116.762254 119.244126 121.728397 124.214922 126.703568 110.345874 112.854523 115.364543 117.875848 120.388357 122.901997 125.416698 6.350000 5.679613 5.236344 5.080000 3.810000 2.540000 1.270000 0.000000 117.527231 117.990817 118.507041 119.075219 119.694612 89.667673 91.921376 94.189652 96.471472 98.765897 101.072069 103.389201 93.469193 95.633351 97.815587 100.014715 102.229647 104.459377 106.702977 
154.352848 129.617667 96.852277 48.541749 32.004860 32.636660 33.449893 34.431704 35.568137 45.832277 45.523569 45.355224 45.328805 45.444559 45.701407 46.096989 38.313942 37.944116 37.741979 37.710226 37.849287 38.157295 38.630208 122.231891 120.989685 119.748062 118.507041 121.282177 120.030143 118.778490 117.527231 0.000000 2.540000 5.080000 7.620000 10.160000 42.423677 40.260188 38.143155 36.080757 34.082913 32.161656 30.331542 46.773640 44.820617 42.929073 41.107494 39.365594 37.714415 36.166386 
155.930401 128.759573 99.347128 46.201618 31.565389 32.004860 32.636660 33.449893 34.431704 48.345463 48.052904 47.893450 47.868432 47.978059 48.221414 48.596487 40.815864 40.468909 40.279443 40.249693 40.380009 40.668855 41.112888 122.782834 121.546259 120.310380 119.075219 121.731464 120.484098 119.237211 117.990817 2.540000 0.000000 2.540000 5.080000 7.620000 41.185432 38.953230 36.761008 34.616361 32.528701 30.509728 28.574007 45.227593 43.204740 41.239145 39.339393 37.515487 35.779029 34.143364 
157.533112 127.946157 101.844210 43.883720 31.326341 31.565389 32.004860 32.636660 33.449893 50.861313 50.583308 50.431855 50.408097 50.512212 50.743415 51.099980 43.322218 42.995492 42.817209 42.789223 42.911828 43.183742 43.602172 123.383616 122.153123 120.923446 119.694612 122.231891 120.989685 119.748062 118.507041 5.080000 2.540000 0.000000 2.540000 5.080000 40.070118 37.772063 35.506989 33.281632 31.104517 28.986516 26.941575 43.774424 41.681105 39.640031 37.659698 35.750200 33.923501 32.193699 
159.160221 127.178275 104.343364 41.591771 31.292311 31.326341 31.565389 32.004860 32.636660 53.379451 53.114627 52.970413 52.947793 53.046925 53.267127 53.606908 45.832277 45.523569 45.355224 45.328805 45.444559 45.701407 46.096989 124.033512 122.809531 121.586494 120.364429 122.782834 121.546259 120.310380 119.075219 7.620000 5.080000 2.540000 0.000000 2.540000 39.088261 36.728824 34.395117 32.092753 29.828992 27.613329 25.458324 42.423677 40.260188 38.143155 36.080757 34.082913 32.161656 30.331542 
160.810987 126.456757 106.844445 39.330309 31.463964 31.292311 31.326341 31.565389 32.004860 55.899567 55.646738 55.509102 55.487518 55.582120 55.792317 56.116810 48.345463 48.052904 47.893450 47.868432 47.978059 48.221414 48.596487 124.731756 123.514694 122.298709 121.083832 123.383616 122.153123 120.923446 119.694612 10.160000 7.620000 5.080000 2.540000 0.000000 38.250140 35.835562 33.439573 31.066474 28.721939 26.413574 24.151755 41.185432 38.953230 36.761008 34.616361 32.528701 30.509728 28.574007 
144.463883 88.226132 128.999281 59.622574 15.763578 13.392188 11.095685 8.932018 7.025016 73.246236 74.311144 75.446567 76.649370 77.916433 79.244674 80.631070 66.350818 67.524559 68.772119 70.089556 71.473005 72.918710 74.423043 95.447531 94.343884 93.244473 92.149447 93.053759 91.921376 90.792635 89.667673 42.423677 41.185432 40.070118 39.088261 38.250140 0.000000 2.540000 5.080000 7.620000 10.160000 12.700000 15.240000 7.620000 8.032185 9.158100 10.776307 12.700000 14.810618 17.038838 
145.974625 90.678708 127.939018 57.292487 15.116579 12.624233 10.155529 7.733143 5.419539 72.254960 73.246236 74.311144 75.446567 76.649370 77.916433 79.244674 65.254879 66.350818 67.524559 68.772119 70.089556 71.473005 72.918710 97.666954 96.555267 95.447531 94.343884 95.328929 94.189652 93.053759 91.921376 40.260188 38.953230 37.772063 36.728824 35.835562 2.540000 0.000000 2.540000 5.080000 7.620000 10.160000 12.700000 8.032185 7.620000 8.032185 9.158100 10.776307 12.700000 14.810618 
147.513634 93.135970 126.920736 54.980997 14.880682 12.340787 9.800946 7.261215 4.721776 71.340385 72.254960 73.246236 74.311144 75.446567 76.649370 77.916433 64.240723 65.254879 66.350818 67.524559 68.772119 70.089556 71.473005 99.901651 98.782458 97.666954 96.555267 97.617164 96.471472 95.328929 94.189652 38.143155 36.761008 35.506989 34.395117 33.439573 5.080000 2.540000 0.000000 2.540000 5.080000 7.620000 10.160000 9.158100 8.032185 7.620000 8.032185 9.158100 10.776307 12.700000 
149.080033 95.597558 125.945454 52.690551 15.075200 12.574656 10.093834 7.651941 5.303029 70.505497 71.340385 72.254960 73.246236 74.311144 75.446567 76.649370 63.312282 64.240723 65.254879 66.350818 67.524559 68.772119 70.089556 102.150619 101.024410 99.901651 98.782458 99.917565 98.765897 97.617164 96.471472 36.080757 34.616361 33.281632 32.092753 31.066474 7.620000 5.080000 2.540000 0.000000 2.540000 5.080000 7.620000 10.776307 9.158100 8.032185 7.620000 8.032185 9.158100 10.776307 
150.672969 98.063145 125.014178 50.424017 15.684126 13.298576 10.982515 8.791039 6.844872 69.753157 70.505497 71.340385 72.254960 73.246236 74.311144 75.446567 62.473377 63.312282 64.240723 65.254879 66.350818 67.524559 68.772119 104.412936 103.280163 102.150619 101.024410 102.229311 101.072069 99.917565 98.765897 34.082913 32.528701 31.104517 29.828992 28.721939 10.160000 7.620000 5.080000 2.540000 0.000000 2.540000 5.080000 12.700000 10.776307 9.158100 8.032185 7.620000 8.032185 9.158100 
152.291609 100.532437 124.127899 48.184769 16.662088 14.439026 12.338922 10.436269 8.859212 69.086061 69.753157 70.505497 71.340385 72.254960 73.246236 74.311144 61.727658 62.473377 63.312282 64.240723 65.254879 66.350818 67.524559 106.687753 105.548833 104.412936 103.280163 104.551650 103.389201 102.229311 101.072069 32.161656 30.509728 28.986516 27.613329 26.413574 12.700000 10.160000 7.620000 5.080000 2.540000 0.000000 2.540000 14.810618 12.700000 10.776307 9.158100 8.032185 7.620000 8.032185 
153.935142 103.005168 123.287586 45.976796 17.948864 15.906667 14.028028 12.387585 11.091537 68.506700 69.086061 69.753157 70.505497 71.340385 72.254960 73.246236 61.078539 61.727658 62.473377 63.312282 64.240723 65.254879 66.350818 108.974288 107.829602 106.687753 105.548833 106.883892 105.716574 104.551650 103.389201 30.331542 28.574007 26.941575 25.458324 24.151755 15.240000 12.700000 10.160000 7.620000 5.080000 2.540000 0.000000 17.038838 14.810618 12.700000 10.776307 9.158100 8.032185 7.620000 
150.688182 86.529561 135.933547 57.082099 23.093909 20.627151 18.180574 15.763578 13.392188 80.272785 81.245646 82.285438 83.389656 84.555777 85.781275 87.063645 73.246236 74.311144 75.446567 76.649370 77.916433 79.244674 80.631070 99.417548 98.358457 97.304416 96.255588 96.722286 95.633351 94.548934 93.469193 46.773640 45.227593 43.774424 42.423677 41.185432 7.620000 8.032185 9.158100 10.776307 12.700000 14.810618 17.038838 0.000000 2.540000 5.080000 7.620000 10.160000 12.700000 15.240000 
152.137129 89.028887 134.927784 54.643790 22.657211 20.137029 17.622538 15.116579 12.624233 79.369314 80.272785 81.245646 82.285438 83.389656 84.555777 85.781275 72.254960 73.246236 74.311144 75.446567 76.649370 77.916433 79.244674 101.550241 100.481527 99.417548 98.358457 98.913109 97.815587 96.722286 95.633351 44.820617 43.204740 41.681105 40.260188 38.953230 8.032185 7.620000 8.032185 9.158100 10.776307 12.700000 14.810618 2.540000 0.000000 2.540000 5.080000 7.620000 10.160000 12.700000 
153.614410 91.530452 133.962636 52.215177 22.500510 19.960553 17.420608 14.880682 12.340787 78.537631 79.369314 80.272785 81.245646 82.285438 83.389656 84.555777 71.340385 72.254960 73.246236 74.311144 75.446567 76.649370 77.916433 103.701289 102.623543 101.550241 100.481527 101.120271 100.014715 98.913109 97.815587 42.929073 41.239145 39.640031 38.143155 36.761008 9.158100 8.032185 7.620000 8.032185 9.158100 10.776307 12.700000 5.080000 2.540000 0.000000 2.540000 5.080000 7.620000 10.160000 
155.119215 94.034078 133.038987 49.797679 22.629625 20.105985 17.587056 15.075200 12.574656 77.780036 78.537631 79.369314 80.272785 81.245646 82.285438 83.389656 70.505497 71.340385 72.254960 73.246236 74.311144 75.446567 76.649370 105.869573 104.783343 103.701289 102.623543 103.342722 102.229647 101.120271 100.014715 41.107494 39.339393 37.659698 36.080757 34.616361 10.776307 9.158100 8.032185 7.620000 8.032185 9.158100 10.776307 7.620000 5.080000 2.540000 0.000000 2.540000 5.080000 7.620000 
156.650753 96.539604 132.157707 47.392997 23.039750 20.566497 18.111728 15.684126 13.298576 77.098714 77.780036 78.537631 79.369314 80.272785 81.245646 82.285438 69.753157 70.505497 71.340385 72.254960 73.246236 74.311144 75.446567 108.054055 106.959851 105.869573 104.783343 105.579499 104.459377 103.342722 102.229647 39.365594 37.515487 35.750200 34.082913 32.528701 12.700000 10.776307 9.158100 8.032185 7.620000 8.032185 9.158100 10.160000 7.620000 5.080000 2.540000 0.000000 2.540000 5.080000 
158.208245 99.046886 131.319648 45.003185 23.716311 21.321682 18.964916 16.662088 14.439026 76.495704 77.098714 77.780036 78.537631 79.369314 80.272785 81.245646 69.086061 69.753157 70.505497 71.340385 72.254960 73.246236 74.311144 110.253772 109.152067 108.054055 106.959851 107.829709 106.702977 105.579499 104.459377 37.714415 35.779029 33.923501 32.161656 30.509728 14.810618 12.700000 10.776307 9.158100 8.032185 7.620000 8.032185 12.700000 10.160000 7.620000 5.080000 2.540000 0.000000 2.540000 
159.790934 101.555794 130.525644 42.630745 24.637370 22.341681 20.104841 17.948864 15.906667 75.972869 76.495704 77.098714 77.780036 78.537631 79.369314 80.272785 68.506700 69.086061 69.753157 70.505497 71.340385 72.254960 73.246236 112.467831 111.359062 110.253772 109.152067 110.092528 108.959591 107.829709 106.702977 36.166386 34.143364 32.193699 30.331542 28.574007 17.038838 14.810618 12.700000 10.776307 9.158100 8.032185 7.620000 15.240000 12.700000 10.160000 7.620000 5.080000 2.540000 0.000000 
