53
# Circuit board instance
Size: large
Nodes: 53
0.000000 140.000000 140.000000 197.989899 158.239906 159.248422 160.260656 161.276537 161.387470 162.376438 163.369291 164.365961 45.506729 47.532929 49.606446 51.721589 53.873457 56.057819 58.271022 50.559815 52.390952 54.279204 56.218816 58.204654 60.232147 62.297227 74.881459 75.634440 76.464419 77.368917 78.345354 112.697297 115.219257 117.741992 120.265454 122.789598 125.314383 127.839771 113.865515 116.362158 118.860639 121.360843 123.862667 126.366013 128.870795 152.265400 153.130473 154.001159 154.877365 156.033302 156.877598 157.727601 158.583219 
140.000000 0.000000 197.989899 140.000000 132.760489 133.960962 135.162707 136.365688 131.183059 132.397836 133.613640 134.830443 117.554054 118.353169 119.201060 120.096694 121.039013 122.026933 123.059356 110.321295 111.172411 112.074641 113.026760 114.027519 115.075648 116.169866 138.981976 136.814199 134.659437 132.518323 130.391530 168.833323 170.527087 172.241653 173.976406 175.730748 177.504098 179.295893 163.204674 164.956243 166.728107 168.519626 170.330180 172.159169 174.006011 107.155393 108.381123 109.607861 110.835574 105.931663 107.171390 108.411818 109.652923 
140.000000 197.989899 0.000000 140.000000 97.575142 97.393533 97.228176 97.079152 102.600954 102.428257 102.271040 102.129376 107.869205 105.418605 102.972338 100.530720 98.094099 95.662856 93.237412 110.096312 107.696401 105.303062 102.916754 100.537977 98.167278 95.805258 71.309873 72.100164 72.970353 73.917619 74.939039 31.218457 28.951483 26.733648 24.578257 22.503259 20.533042 18.700753 35.203221 33.209383 31.294770 29.474827 27.768172 26.196956 24.786950 117.640518 117.251358 116.874704 116.510676 122.478286 122.104545 121.742907 121.393478 
197.989899 140.000000 140.000000 0.000000 45.895400 45.508019 45.153047 44.831253 41.110039 40.677111 40.279588 39.918528 152.917816 151.199125 149.503832 147.832740 146.186680 144.566508 142.973103 147.430292 145.646861 143.886164 142.149047 140.436384 138.749082 137.088076 137.090680 134.892514 132.706552 130.533410 128.373736 129.532244 129.004646 128.525088 128.094110 127.712203 127.379810 127.097318 122.105188 121.545355 121.036246 120.578504 120.172716 119.819409 119.519049 46.225724 45.226177 44.240507 43.269662 43.313468 42.245072 41.188123 40.143526 
158.239906 132.760489 97.575142 45.895400 0.000000 1.270000 2.540000 3.810000 5.080000 5.236344 5.679613 6.350000 112.735351 110.727675 108.742263 106.780358 104.843279 102.932427 101.049291 108.278945 106.187046 104.115083 102.064272 100.035913 98.031400 96.052225 92.519826 90.460672 88.426531 86.419169 84.440496 84.022443 83.650517 83.354366 83.134799 82.992424 82.927639 82.940626 76.511985 76.103363 75.777722 75.536135 75.379409 75.308076 75.322376 26.844847 25.811941 24.801059 23.815007 30.034042 29.114500 28.222161 27.359686 
159.248422 133.960962 97.393533 45.508019 1.270000 0.000000 1.270000 2.540000 5.236344 5.080000 5.236344 5.679613 113.747170 111.728804 109.732110 107.758292 105.808630 103.884484 101.987298 109.332014 107.230576 105.148498 103.086954 101.047201 99.030585 97.038548 93.260784 91.218358 89.201496 87.211974 85.251704 84.236515 83.827066 83.492914 83.234966 83.053932 82.950316 82.924408 76.747010 76.297379 75.930097 75.646365 75.447125 75.333047 75.304518 27.897333 26.844847 25.811941 24.801059 30.978364 30.034042 29.114500 28.222161 
160.260656 135.162707 97.228176 45.153047 2.540000 1.270000 0.000000 1.270000 5.679613 5.236344 5.080000 5.236344 114.764123 112.735351 110.727675 108.742263 106.780358 104.843279 102.932427 110.389649 108.278945 106.187046 104.115083 102.064272 100.035913 98.031400 94.013058 91.987336 89.987712 88.015963 86.074005 84.469142 84.022443 83.650517 83.354366 83.134799 82.992424 82.927639 77.002266 76.511985 76.103363 75.777722 75.536135 75.379409 75.308076 28.967263 27.897333 26.844847 25.811941 31.945269 30.978364 30.034042 29.114500 
161.276537 136.365688 97.079152 44.831253 3.810000 2.540000 1.270000 0.000000 6.350000 5.679613 5.236344 5.080000 115.786073 113.747170 111.728804 109.732110 107.758292 105.808630 103.884484 111.451718 109.332014 107.230576 105.148498 103.086954 101.047201 99.030585 94.776380 92.767328 90.784885 88.830832 86.907085 84.720170 84.236515 83.827066 83.492914 83.234966 83.053932 82.950316 77.277553 76.747010 76.297379 75.930097 75.646365 75.447125 75.333047 30.052775 28.967263 27.897333 26.844847 32.932767 31.945269 30.978364 30.034042 
161.387470 131.183059 102.600954 41.110039 5.080000 5.236344 5.679613 6.350000 0.000000 1.270000 2.540000 3.810000 115.889580 113.937498 112.008997 110.105315 108.227763 106.377724 104.556658 111.211718 109.176028 107.161872 105.170490 103.203198 101.261403 99.346597 96.706762 94.602360 92.519826 90.460672 88.426531 89.039757 88.688874 88.409601 88.202620 88.068438 88.007390 88.019627 81.516698 81.133286 80.827912 80.601463 80.454605 80.387775 80.401172 24.307628 23.161848 22.029695 20.913381 26.844847 25.811941 24.801059 23.815007 
162.376438 132.397836 102.428257 40.677111 5.236344 5.080000 5.236344 5.679613 1.270000 0.000000 1.270000 2.540000 116.874095 114.910666 112.970224 111.053973 109.163188 107.299215 105.463475 112.237274 110.191255 108.166182 106.163254 104.183747 102.229022 100.300529 97.415878 95.327131 93.260784 91.218358 89.201496 89.241795 88.855413 88.540240 88.297038 88.126404 88.028759 88.004346 81.737333 81.315301 80.970784 80.704775 80.518053 80.411169 80.384442 25.465195 24.307628 23.161848 22.029695 27.897333 26.844847 25.811941 24.801059 
163.369291 133.613640 102.271040 40.279588 5.679613 5.236344 5.080000 5.236344 2.540000 1.270000 0.000000 1.270000 117.864071 115.889580 113.937498 112.008997 110.105315 108.227763 106.377724 113.267784 111.211718 109.176028 107.161872 105.170490 103.203198 101.261403 98.136307 96.063225 94.013058 91.987336 89.987712 89.461407 89.039757 88.688874 88.409601 88.202620 88.068438 88.007390 81.977052 81.516698 81.133286 80.827912 80.601463 80.454605 80.387775 26.633011 25.465195 24.307628 23.161848 28.967263 27.897333 26.844847 25.811941 
164.365961 134.830443 102.129376 39.918528 6.350000 5.679613 5.236344 5.080000 3.810000 2.540000 1.270000 0.000000 118.859372 116.874095 114.910666 112.970224 111.053973 109.163188 107.299215 114.303114 112.237274 110.191255 108.166182 106.163254 104.183747 102.229022 98.867800 96.810384 94.776380 92.767328 90.784885 89.698465 89.241795 88.855413 88.540240 88.297038 88.126404 88.028759 82.235688 81.737333 81.315301 80.970784 80.704775 80.518053 80.411169 27.809787 26.633011 25.465195 24.307628 30.052775 28.967263 27.897333 26.844847 
45.506729 117.554054 107.869205 152.917816 112.735351 113.747170 114.764123 115.786073 115.889580 116.874095 117.864071 118.859372 0.000000 2.540000 5.080000 7.620000 10.160000 12.700000 15.240000 7.620000 8.032185 9.158100 10.776307 12.700000 14.810618 17.038838 36.699367 36.300456 36.076389 36.030429 36.163255 77.406691 79.903234 82.402434 84.904055 87.407889 89.913753 92.421480 76.348559 78.878600 81.409261 83.940486 86.472225 89.004436 91.537078 107.590194 108.391913 109.202516 110.021807 111.590219 112.363401 113.145555 113.936496 
47.532929 118.353169 105.418605 151.199125 110.727675 111.728804 112.735351 113.747170 113.937498 114.910666 115.889580 116.874095 2.540000 0.000000 2.540000 5.080000 7.620000 10.160000 12.700000 8.032185 7.620000 8.032185 9.158100 10.776307 12.700000 14.810618 34.209465 33.781164 33.540271 33.490831 33.633687 74.913070 77.406691 79.903234 82.402434 84.904055 87.407889 89.913753 73.819202 76.348559 78.878600 81.409261 83.940486 86.472225 89.004436 106.014214 106.797560 107.590194 108.391913 110.071524 110.826196 111.590219 112.363401 
49.606446 119.201060 102.972338 149.503832 108.742263 109.732110 110.727675 111.728804 112.008997 112.970224 113.937498 114.910666 5.080000 2.540000 0.000000 2.540000 5.080000 7.620000 10.160000 9.158100 8.032185 7.620000 8.032185 9.158100 10.776307 12.700000 31.727505 31.265223 31.004788 30.951298 31.105820 72.422672 74.913070 77.406691 79.903234 82.402434 84.904055 87.407889 71.290603 73.819202 76.348559 78.878600 81.409261 83.940486 86.472225 104.476219 105.240363 106.014214 106.797560 108.591009 109.326396 110.071524 110.826196 
51.721589 120.096694 100.530720 147.832740 106.780358 107.758292 108.742263 109.732110 110.105315 111.053973 112.008997 112.970224 7.620000 5.080000 2.540000 0.000000 2.540000 5.080000 7.620000 10.776307 9.158100 8.032185 7.620000 8.032185 9.158100 10.776307 29.255510 28.753512 28.470111 28.411849 28.580104 69.935842 72.422672 74.913070 77.406691 79.903234 82.402434 84.904055 68.762843 71.290603 73.819202 76.348559 78.878600 81.409261 83.940486 102.977911 103.721995 104.476219 105.240363 107.150255 107.865561 108.591009 109.326396 
53.873457 121.039013 98.094099 146.186680 104.843279 105.808630 106.780358 107.758292 108.227763 109.163188 110.105315 111.053973 10.160000 7.620000 5.080000 2.540000 0.000000 2.540000 5.080000 12.700000 10.776307 9.158100 8.032185 7.620000 8.032185 9.158100 26.796239 26.247247 25.936475 25.872508 26.057165 67.452974 69.935842 72.422672 74.913070 77.406691 79.903234 82.402434 66.236020 68.762843 71.290603 73.819202 76.348559 78.878600 81.409261 101.521049 102.244188 102.977911 103.721995 105.750888 106.445295 107.150255 107.865561 
56.057819 122.026933 95.662856 144.566508 102.932427 103.884484 104.843279 105.808630 106.377724 107.299215 108.227763 109.163188 12.700000 10.160000 7.620000 5.080000 2.540000 0.000000 2.540000 14.810618 12.700000 10.776307 9.158100 8.032185 7.620000 8.032185 24.353544 23.748151 23.404218 23.333311 23.537896 64.974524 67.452974 69.935842 72.422672 74.913070 77.406691 79.903234 63.710245 66.236020 68.762843 71.290603 73.819202 76.348559 78.878600 100.107441 100.808723 101.521049 102.244188 104.394572 105.067244 105.750888 106.445295 
58.271022 123.059356 93.237412 142.973103 101.049291 101.987298 102.932427 103.884484 104.556658 105.463475 106.377724 107.299215 15.240000 12.700000 10.160000 7.620000 5.080000 2.540000 0.000000 17.038838 14.810618 12.700000 10.776307 9.158100 8.032185 7.620000 21.932967 21.258753 20.873844 20.794310 21.023617 62.501015 64.974524 67.452974 69.935842 72.422672 74.913070 77.406691 61.185648 63.710245 66.236020 68.762843 71.290603 73.819202 76.348559 98.738945 99.417436 100.107441 100.808723 103.083007 103.733088 104.394572 105.067244 
50.559815 110.321295 110.096312 147.430292 108.278945 109.332014 110.389649 111.451718 111.211718 112.237274 113.267784 114.303114 7.620000 8.032185 9.158100 10.776307 12.700000 14.810618 17.038838 0.000000 2.540000 5.080000 7.620000 10.160000 12.700000 15.240000 38.879610 37.997290 37.267508 36.699367 36.300456 79.187234 81.629339 84.077246 86.530461 88.988546 91.451108 93.917795 77.406691 79.903234 82.402434 84.904055 87.407889 89.913753 92.421480 101.770985 102.618178 103.474021 104.338304 105.625003 106.441525 107.266867 108.100830 
52.390952 111.172411 107.696401 145.646861 106.187046 107.230576 108.278945 109.332014 109.176028 110.191255 111.211718 112.237274 8.032185 7.620000 8.032185 9.158100 10.776307 12.700000 14.810618 2.540000 0.000000 2.540000 5.080000 7.620000 10.160000 12.700000 36.538582 35.598286 34.818258 34.209465 33.781164 76.751483 79.187234 81.629339 84.077246 86.530461 88.988546 91.451108 74.913070 77.406691 79.903234 82.402434 84.904055 87.407889 89.913753 100.103432 100.932662 101.770985 102.618178 104.019252 104.817509 105.625003 106.441525 
54.279204 112.074641 105.303062 143.886164 104.115083 105.148498 106.187046 107.230576 107.161872 108.166182 109.176028 110.191255 9.158100 8.032185 7.620000 8.032185 9.158100 10.776307 12.700000 5.080000 2.540000 0.000000 2.540000 5.080000 7.620000 10.160000 34.225942 33.220251 32.382993 31.727505 31.265223 74.322712 76.751483 79.187234 81.629339 84.077246 86.530461 88.988546 72.422672 74.913070 77.406691 79.903234 82.402434 84.904055 87.407889 98.473163 99.283521 100.103432 100.932662 102.451313 103.230447 104.019252 104.817509 
56.218816 113.026760 102.916754 142.149047 102.064272 103.086954 104.115083 105.148498 105.170490 106.163254 107.161872 108.166182 10.776307 9.158100 8.032185 7.620000 8.032185 9.158100 10.776307 7.620000 5.080000 2.540000 0.000000 2.540000 5.080000 7.620000 31.947854 30.868031 29.965122 29.255510 28.753512 71.901628 74.322712 76.751483 79.187234 81.629339 84.077246 86.530461 69.935842 72.422672 74.913070 77.406691 79.903234 82.402434 84.904055 96.882061 97.672595 98.473163 99.283521 100.922949 101.682071 102.451313 103.230447 
58.204654 114.027519 100.537977 140.436384 100.035913 101.047201 102.064272 103.086954 103.203198 104.183747 105.170490 106.163254 12.700000 10.776307 9.158100 8.032185 7.620000 8.032185 9.158100 10.160000 7.620000 5.080000 2.540000 0.000000 2.540000 5.080000 29.712269 28.548010 27.569223 26.796239 26.247247 69.489034 71.901628 74.322712 76.751483 79.187234 81.629339 84.077246 67.452974 69.935842 72.422672 74.913070 77.406691 79.903234 82.402434 95.332088 96.101808 96.882061 97.672595 99.435983 100.174174 100.922949 101.682071 
60.232147 115.075648 98.167278 138.749082 98.031400 99.030585 100.035913 101.047201 101.261403 102.229022 103.203198 104.183747 14.810618 12.700000 10.776307 9.158100 8.032185 7.620000 8.032185 12.700000 10.160000 7.620000 5.080000 2.540000 0.000000 2.540000 27.529541 26.268719 25.201562 24.353544 23.748151 67.085847 69.489034 71.901628 74.322712 76.751483 79.187234 81.629339 64.974524 67.452974 69.935842 72.422672 74.913070 77.406691 79.903234 93.825281 94.573158 95.332088 96.101808 97.992301 98.708612 99.435983 100.174174 
62.297227 116.169866 95.805258 137.088076 96.052225 97.038548 98.031400 99.030585 99.346597 100.300529 101.261403 102.229022 17.038838 14.810618 12.700000 10.776307 9.158100 8.032185 7.620000 15.240000 12.700000 10.160000 7.620000 5.080000 2.540000 0.000000 25.413294 24.041745 22.870913 21.932967 21.258753 64.693115 67.085847 69.489034 71.901628 74.322712 76.751483 79.187234 62.501015 64.974524 67.452974 69.935842 72.422672 74.913070 77.406691 92.363753 93.088722 93.825281 94.573158 96.593844 97.287296 97.992301 98.708612 
74.881459 138.981976 71.309873 137.090680 92.519826 93.260784 94.013058 94.776380 96.706762 97.415878 98.136307 98.867800 36.699367 34.209465 31.727505 29.255510 26.796239 24.353544 21.932967 38.879610 36.538582 34.225942 31.947854 29.712269 27.529541 25.413294 0.000000 2.540000 5.080000 7.620000 10.160000 40.707811 43.207051 45.710784 48.218311 50.729069 53.242601 55.758532 40.014355 42.554341 45.094329 47.634318 50.174308 52.714299 55.254291 96.069551 96.493584 96.932402 97.385806 100.882256 101.286143 101.704285 102.136508 
75.634440 136.814199 72.100164 134.892514 90.460672 91.218358 91.987336 92.767328 94.602360 95.327131 96.063225 96.810384 36.300456 33.781164 31.265223 28.753512 26.247247 23.748151 21.258753 37.997290 35.598286 33.220251 30.868031 28.548010 26.268719 24.041745 2.540000 0.000000 2.540000 5.080000 7.620000 41.250350 43.718585 46.194602 48.677212 51.165456 53.658551 56.155849 40.086214 42.621918 45.158104 47.694697 50.231634 52.768866 55.306352 93.673784 94.108613 94.558500 95.023231 98.472547 98.886276 99.314523 99.757101 
76.464419 134.659437 72.970353 132.706552 88.426531 89.201496 89.987712 90.784885 92.519826 93.260784 94.013058 94.776380 36.076389 33.540271 31.004788 28.470111 25.936475 23.404218 20.873844 37.267508 34.818258 32.382993 29.965122 27.569223 25.201562 22.870913 5.080000 2.540000 0.000000 2.540000 5.080000 41.939958 44.369848 46.811430 49.262964 51.723037 54.190486 56.664346 40.318279 42.840249 45.364231 47.889907 50.417022 52.945371 55.474784 91.285817 91.731965 92.193450 92.670044 96.069551 96.493584 96.932402 97.385806 
77.368917 132.518323 73.917619 130.533410 86.419169 87.211974 88.015963 88.830832 90.460672 91.218358 91.987336 92.767328 36.030429 33.490831 30.951298 28.411849 25.872508 23.333311 20.794310 36.699367 34.209465 31.727505 29.255510 26.796239 24.353544 21.932967 7.620000 5.080000 2.540000 0.000000 2.540000 42.769521 45.154793 47.556091 49.971107 52.397944 54.835031 57.281061 40.707811 43.207051 45.710784 48.218311 50.729069 53.242601 55.758532 88.906277 89.364306 89.837954 90.326976 93.673784 94.108613 94.558500 95.023231 
78.345354 130.391530 74.939039 128.373736 84.440496 85.251704 86.074005 86.907085 88.426531 89.201496 89.987712 90.784885 36.163255 33.633687 31.105820 28.580104 26.057165 23.537896 21.023617 36.300456 33.781164 31.265223 28.753512 26.247247 23.748151 21.258753 10.160000 7.620000 5.080000 2.540000 0.000000 43.731076 46.066586 48.422690 50.796522 53.185708 55.588270 58.002543 41.250350 43.718585 46.194602 48.677212 51.165456 53.658551 56.155849 86.535859 87.006368 87.492782 87.994838 91.285817 91.731965 92.193450 92.670044 
112.697297 168.833323 31.218457 129.532244 84.022443 84.236515 84.469142 84.720170 89.039757 89.241795 89.461407 89.698465 77.406691 74.913070 72.422672 69.935842 67.452974 64.974524 62.501015 79.187234 76.751483 74.322712 71.901628 69.489034 67.085847 64.693115 40.707811 41.250350 41.939958 42.769521 43.731076 0.000000 2.540000 5.080000 7.620000 10.160000 12.700000 15.240000 7.620000 8.032185 9.158100 10.776307 12.700000 14.810618 17.038838 98.604682 98.503302 98.418208 98.349440 103.666688 103.570263 103.489335 103.423939 
115.219257 170.527087 28.951483 129.004646 83.650517 83.827066 84.022443 84.236515 88.688874 88.855413 89.039757 89.241795 79.903234 77.406691 74.913070 72.422672 69.935842 67.452974 64.974524 81.629339 79.187234 76.751483 74.322712 71.901628 69.489034 67.085847 43.207051 43.718585 44.369848 45.154793 46.066586 2.540000 0.000000 2.540000 5.080000 7.620000 10.160000 12.700000 8.032185 7.620000 8.032185 9.158100 10.776307 12.700000 14.810618 98.856089 98.722297 98.604682 98.503302 103.905848 103.778566 103.666688 103.570263 
117.741992 172.241653 26.733648 128.525088 83.354366 83.492914 83.650517 83.827066 88.409601 88.540240 88.688874 88.855413 82.402434 79.903234 77.406691 74.913070 72.422672 69.935842 67.452974 84.077246 81.629339 79.187234 76.751483 74.322712 71.901628 69.489034 45.710784 46.194602 46.811430 47.556091 48.422690 5.080000 2.540000 0.000000 2.540000 5.080000 7.620000 10.160000 9.158100 8.032185 7.620000 8.032185 9.158100 10.776307 12.700000 99.171934 99.005993 98.856089 98.722297 104.206388 104.048476 103.905848 103.778566 
120.265454 173.976406 24.578257 128.094110 83.134799 83.234966 83.354366 83.492914 88.202620 88.297038 88.409601 88.540240 84.904055 82.402434 79.903234 77.406691 74.913070 72.422672 69.935842 86.530461 84.077246 81.629339 79.187234 76.751483 74.322712 71.901628 48.218311 48.677212 49.262964 49.971107 50.796522 7.620000 5.080000 2.540000 0.000000 2.540000 5.080000 7.620000 10.776307 9.158100 8.032185 7.620000 8.032185 9.158100 10.776307 99.551605 99.353834 99.171934 99.005993 104.567781 104.379515 104.206388 104.048476 
122.789598 175.730748 22.503259 127.712203 82.992424 83.053932 83.134799 83.234966 88.068438 88.126404 88.202620 88.297038 87.407889 84.904055 82.402434 79.903234 77.406691 74.913070 72.422672 88.988546 86.530461 84.077246 81.629339 79.187234 76.751483 74.322712 50.729069 51.165456 51.723037 52.397944 53.185708 10.160000 7.620000 5.080000 2.540000 0.000000 2.540000 5.080000 12.700000 10.776307 9.158100 8.032185 7.620000 8.032185 9.158100 99.994373 99.765151 99.551605 99.353834 104.989397 104.771104 104.567781 104.379515 
125.314383 177.504098 20.533042 127.379810 82.927639 82.950316 82.992424 83.053932 88.007390 88.028759 88.068438 88.126404 89.913753 87.407889 84.904055 82.402434 79.903234 77.406691 74.913070 91.451108 88.988546 86.530461 84.077246 81.629339 79.187234 76.751483 53.242601 53.658551 54.190486 54.835031 55.588270 12.700000 10.160000 7.620000 5.080000 2.540000 0.000000 2.540000 14.810618 12.700000 10.776307 9.158100 8.032185 7.620000 8.032185 100.499405 100.239162 99.994373 99.765151 105.470513 105.222566 104.989397 104.771104 
127.839771 179.295893 18.700753 127.097318 82.940626 82.924408 82.927639 82.950316 88.019627 88.004346 88.007390 88.028759 92.421480 89.913753 87.407889 84.904055 82.402434 79.903234 77.406691 93.917795 91.451108 88.988546 86.530461 84.077246 81.629339 79.187234 55.758532 56.155849 56.664346 57.281061 58.002543 15.240000 12.700000 10.160000 7.620000 5.080000 2.540000 0.000000 17.038838 14.810618 12.700000 10.776307 9.158100 8.032185 7.620000 101.065767 100.774982 100.499405 100.239162 106.010321 105.733135 105.470513 105.222566 
113.865515 163.204674 35.203221 122.105188 76.511985 76.747010 77.002266 77.277553 81.516698 81.737333 81.977052 82.235688 76.348559 73.819202 71.290603 68.762843 66.236020 63.710245 61.185648 77.406691 74.913070 72.422672 69.935842 67.452974 64.974524 62.501015 40.014355 40.086214 40.318279 40.707811 41.250350 7.620000 8.032185 9.158100 10.776307 12.700000 14.810618 17.038838 0.000000 2.540000 5.080000 7.620000 10.160000 12.700000 15.240000 91.015434 90.905590 90.813377 90.738846 96.074392 95.970339 95.882996 95.812409 
116.362158 164.956243 33.209383 121.545355 76.103363 76.297379 76.511985 76.747010 81.133286 81.315301 81.516698 81.737333 78.878600 76.348559 73.819202 71.290603 68.762843 66.236020 63.710245 79.903234 77.406691 74.913070 72.422672 69.935842 67.452974 64.974524 42.554341 42.621918 42.840249 43.207051 43.718585 8.032185 7.620000 8.032185 9.158100 10.776307 12.700000 14.810618 2.540000 0.000000 2.540000 5.080000 7.620000 10.160000 12.700000 91.287744 91.142843 91.015434 90.905590 96.332402 96.195101 96.074392 95.970339 
118.860639 166.728107 31.294770 121.036246 75.777722 75.930097 76.103363 76.297379 80.827912 80.970784 81.133286 81.315301 81.409261 78.878600 76.348559 73.819202 71.290603 68.762843 66.236020 82.402434 79.903234 77.406691 74.913070 72.422672 69.935842 67.452974 45.094329 45.158104 45.364231 45.710784 46.194602 9.158100 8.032185 7.620000 8.032185 9.158100 10.776307 12.700000 5.080000 2.540000 0.000000 2.540000 5.080000 7.620000 10.160000 91.629680 91.450054 91.287744 91.142843 96.656495 96.486227 96.332402 96.195101 
121.360843 168.519626 29.474827 120.578504 75.536135 75.646365 75.777722 75.930097 80.601463 80.704775 80.827912 80.970784 83.940486 81.409261 78.878600 76.348559 73.819202 71.290603 68.762843 84.904055 82.402434 79.903234 77.406691 74.913070 72.422672 69.935842 47.634318 47.694697 47.889907 48.218311 48.677212 10.776307 9.158100 8.032185 7.620000 8.032185 9.158100 10.776307 7.620000 5.080000 2.540000 0.000000 2.540000 5.080000 7.620000 92.040468 91.826522 91.629680 91.450054 97.046006 96.843119 96.656495 96.486227 
123.862667 170.330180 27.768172 120.172716 75.379409 75.447125 75.536135 75.646365 80.454605 80.518053 80.601463 80.704775 86.472225 83.940486 81.409261 78.878600 76.348559 73.819202 71.290603 87.407889 84.904055 82.402434 79.903234 77.406691 74.913070 72.422672 50.174308 50.231634 50.417022 50.729069 51.165456 12.700000 10.776307 9.158100 8.032185 7.620000 8.032185 9.158100 10.160000 7.620000 5.080000 2.540000 0.000000 2.540000 5.080000 92.519189 92.271399 92.040468 91.826522 97.500154 97.265054 97.046006 96.843119 
126.366013 172.159169 26.196956 119.819409 75.308076 75.333047 75.379409 75.447125 80.387775 80.411169 80.454605 80.518053 89.004436 86.472225 83.940486 81.409261 78.878600 76.348559 73.819202 89.913753 87.407889 84.904055 82.402434 79.903234 77.406691 74.913070 52.714299 52.768866 52.945371 53.242601 53.658551 14.810618 12.700000 10.776307 9.158100 8.032185 7.620000 8.032185 12.700000 10.160000 7.620000 5.080000 2.540000 0.000000 2.540000 93.064795 92.783702 92.519189 92.271399 98.018038 97.751189 97.500154 97.265054 
128.870795 174.006011 24.786950 119.519049 75.322376 75.304518 75.308076 75.333047 80.401172 80.384442 80.387775 80.411169 91.537078 89.004436 86.472225 83.940486 81.409261 78.878600 76.348559 92.421480 89.913753 87.407889 84.904055 82.402434 79.903234 77.406691 55.254291 55.306352 55.474784 55.758532 56.155849 17.038838 14.810618 12.700000 10.776307 9.158100 8.032185 7.620000 15.240000 12.700000 10.160000 7.620000 5.080000 2.540000 0.000000 93.676118 93.362320 93.064795 92.783702 98.598655 98.300571 98.018038 97.751189 
152.265400 107.155393 117.640518 46.225724 26.844847 27.897333 28.967263 30.052775 24.307628 25.465195 26.633011 27.809787 107.590194 106.014214 104.476219 102.977911 101.521049 100.107441 98.738945 101.770985 100.103432 98.473163 96.882061 95.332088 93.825281 92.363753 96.069551 93.673784 91.285817 88.906277 86.535859 98.604682 98.856089 99.171934 99.551605 99.994373 100.499405 101.065767 91.015434 91.287744 91.629680 92.040468 92.519189 93.064795 93.676118 0.000000 1.270000 2.540000 3.810000 5.080000 5.236344 5.679613 6.350000 
153.130473 108.381123 117.251358 45.226177 25.811941 26.844847 27.897333 28.967263 23.161848 24.307628 25.465195 26.633011 108.391913 106.797560 105.240363 103.721995 102.244188 100.808723 99.417436 102.618178 100.932662 99.283521 97.672595 96.101808 94.573158 93.088722 96.493584 94.108613 91.731965 89.364306 87.006368 98.503302 98.722297 99.005993 99.353834 99.765151 100.239162 100.774982 90.905590 91.142843 91.450054 91.826522 92.271399 92.783702 93.362320 1.270000 0.000000 1.270000 2.540000 5.236344 5.080000 5.236344 5.679613 
154.001159 109.607861 116.874704 44.240507 24.801059 25.811941 26.844847 27.897333 22.029695 23.161848 24.307628 25.465195 109.202516 107.590194 106.014214 104.476219 102.977911 101.521049 100.107441 103.474021 101.770985 100.103432 98.473163 96.882061 95.332088 93.825281 96.932402 94.558500 92.193450 89.837954 87.492782 98.418208 98.604682 98.856089 99.171934 99.551605 99.994373 100.499405 90.813377 91.015434 91.287744 91.629680 92.040468 92.519189 93.064795 2.540000 1.270000 0.000000 1.270000 5.679613 5.236344 5.080000 5.236344 
154.877365 110.835574 116.510676 43.269662 23.815007 24.801059 25.811941 26.844847 20.913381 22.029695 23.161848 24.307628 110.021807 108.391913 106.797560 105.240363 103.721995 102.244188 100.808723 104.338304 102.618178 100.932662 99.283521 97.672595 96.101808 94.573158 97.385806 95.023231 92.670044 90.326976 87.994838 98.349440 98.503302 98.722297 99.005993 99.353834 99.765151 100.239162 90.738846 90.905590 91.142843 91.450054 91.826522 92.271399 92.783702 3.810000 2.540000 1.270000 0.000000 6.350000 5.679613 5.236344 5.080000 
156.033302 105.931663 122.478286 43.313468 30.034042 30.978364 31.945269 32.932767 26.844847 27.897333 28.967263 30.052775 111.590219 110.071524 108.591009 107.150255 105.750888 104.394572 103.083007 105.625003 104.019252 102.451313 100.922949 99.435983 97.992301 96.593844 100.882256 98.472547 96.069551 93.673784 91.285817 103.666688 103.905848 104.206388 104.567781 104.989397 105.470513 106.010321 96.074392 96.332402 96.656495 97.046006 97.500154 98.018038 98.598655 5.080000 5.236344 5.679613 6.350000 0.000000 1.270000 2.540000 3.810000 
156.877598 107.171390 122.104545 42.245072 29.114500 30.034042 30.978364 31.945269 25.811941 26.844847 27.897333 28.967263 112.363401 110.826196 109.326396 107.865561 106.445295 105.067244 103.733088 106.441525 104.817509 103.230447 101.682071 100.174174 98.708612 97.287296 101.286143 98.886276 96.493584 94.108613 91.731965 103.570263 103.778566 104.048476 104.379515 104.771104 105.222566 105.733135 95.970339 96.195101 96.486227 96.843119 97.265054 97.751189 98.300571 5.236344 5.080000 5.236344 5.679613 1.270000 0.000000 1.270000 2.540000 
157.727601 108.411818 121.742907 41.188123 28.222161 29.114500 30.034042 30.978364 24.801059 25.811941 26.844847 27.897333 113.145555 111.590219 110.071524 108.591009 107.150255 105.750888 104.394572 107.266867 105.625003 104.019252 102.451313 100.922949 99.435983 97.992301 101.704285 99.314523 96.932402 94.558500 92.193450 103.489335 103.666688 103.905848 104.206388 104.567781 104.989397 105.470513 95.882996 96.074392 96.332402 96.656495 97.046006 97.500154 98.018038 5.679613 5.236344 5.080000 5.236344 2.540000 1.270000 0.000000 1.270000 
158.583219 109.652923 121.393478 40.143526 27.359686 28.222161 29.114500 30.034042 23.815007 24.801059 25.811941 26.844847 113.936496 112.363401 110.826196 109.326396 107.865561 106.445295 105.067244 108.100830 106.441525 104.817509 103.230447 101.682071 100.174174 98.708612 102.136508 99.757101 97.385806 95.023231 92.670044 103.423939 103.570263 103.778566 104.048476 104.379515 104.771104 105.222566 95.812409 95.970339 96.195101 96.486227 96.843119 97.265054 97.751189 6.350000 5.679613 5.236344 5.080000 3.810000 2.540000 1.270000 0.000000 
