45
# Circuit board instance
Size: large
Nodes: 45
0.000000 115.000000 115.000000 162.634560 47.052537 47.176724 47.334671 47.526043 52.116168 52.228316 52.371030 52.544062 41.298341 43.819301 46.342340 48.867136 51.393430 53.921012 56.449709 42.928431 45.358883 47.800728 50.252305 52.712255 55.179460 57.652987 96.250244 96.843570 97.499477 98.216710 98.993936 99.829755 100.722707 103.695315 104.246276 104.855887 105.523131 106.246922 107.026114 107.859505 130.560698 132.346340 134.156306 135.989627 137.845369 
115.000000 0.000000 162.634560 115.000000 68.231140 68.316839 68.426006 68.558529 63.160447 63.253017 63.370908 63.513980 117.195489 118.107412 119.066545 120.071756 121.121898 122.215814 123.352338 110.088509 111.058804 112.078273 113.145586 114.259404 115.418380 116.621167 29.992082 31.844822 33.787033 35.804158 37.884232 40.017441 42.195726 25.209800 27.387985 29.623852 31.905278 34.223151 36.570543 38.942115 96.479132 95.882640 95.350099 94.882588 94.481071 
115.000000 162.634560 0.000000 115.000000 120.521190 119.352248 118.185393 117.020685 122.586748 121.437691 120.291067 119.146944 74.212547 71.679009 69.145944 66.613408 64.081462 61.550181 59.019648 75.131880 72.630417 70.131724 67.636109 65.143925 62.655582 60.171555 132.642709 130.860445 129.103551 127.373078 125.670117 123.995802 122.351308 138.140137 136.429708 134.745449 133.088355 131.459452 129.859801 128.290497 93.648365 96.122182 98.599365 101.079666 103.562861 
162.634560 115.000000 115.000000 0.000000 130.257070 129.176261 128.098924 127.025147 127.674030 126.571166 125.471463 124.375004 132.426326 131.023318 129.654893 128.322156 127.026231 125.768256 124.549382 126.180145 124.706885 123.268359 121.865799 120.500459 119.173619 117.886579 96.070307 93.594186 91.121581 88.652787 86.188131 83.727979 81.272740 94.686393 92.173102 89.661316 87.151166 84.642797 82.136372 79.632074 32.126985 30.288626 28.558041 26.955997 25.506725 
47.052537 68.231140 120.521190 130.257070 0.000000 1.270000 2.540000 3.810000 5.080000 5.236344 5.679613 6.350000 55.736125 57.453594 59.230216 61.060828 62.940719 64.865605 66.831599 50.292066 52.189000 54.138662 56.135559 58.174826 60.252162 62.363762 50.070710 51.004563 52.045730 53.187911 54.424745 55.749934 57.157332 57.281446 58.099514 59.015643 60.025344 61.123980 62.306847 63.569243 99.854864 101.006326 102.207950 103.457989 104.754709 
47.176724 68.316839 119.352248 129.176261 1.270000 0.000000 1.270000 2.540000 5.236344 5.080000 5.236344 5.679613 54.901316 56.587125 58.334845 60.139078 61.994891 63.897790 65.843692 49.365278 51.233572 53.157599 55.131524 57.150177 59.208984 61.303899 49.645946 50.523834 51.512123 52.604592 53.794893 55.076684 56.443733 56.910527 57.677950 58.545597 59.509085 60.563839 61.705180 62.928396 98.718029 99.882597 101.097579 102.361178 103.671618 
47.334671 68.426006 118.185393 128.098924 2.540000 1.270000 0.000000 1.270000 5.679613 5.236344 5.080000 5.236344 54.083445 55.736125 57.453594 59.230216 61.060828 62.940719 64.865605 48.454053 50.292066 52.189000 54.138662 56.135559 58.174826 60.252162 49.250277 50.070710 51.004563 52.045730 53.187911 54.424745 55.749934 56.565695 57.281446 58.099514 59.015643 60.025344 61.123980 62.306847 97.584478 98.762413 99.991007 101.268415 102.592814 
47.526043 68.558529 117.020685 127.025147 3.810000 2.540000 1.270000 0.000000 6.350000 5.679613 5.236344 5.080000 53.283294 54.901316 56.587125 58.334845 60.139078 61.994891 63.897790 47.559286 49.365278 51.233572 53.157599 55.131524 57.150177 59.208984 48.884408 49.645946 50.523834 51.512123 52.604592 53.794893 55.076684 56.247431 56.910527 57.677950 58.545597 59.509085 60.563839 61.705180 96.454327 97.645897 98.888364 100.179833 101.518434 
52.116168 63.160447 122.586748 127.674030 5.080000 5.236344 5.679613 6.350000 0.000000 1.270000 2.540000 3.810000 59.630927 61.239263 62.909064 64.635567 66.414351 68.241326 70.112727 53.862831 55.638156 57.470926 59.355822 61.288033 63.263225 65.277496 45.337989 46.367259 47.510160 48.758703 50.104992 51.541366 53.060511 52.461435 53.353459 54.349648 55.444387 56.631962 57.906660 59.262861 97.709444 98.755319 99.854864 101.006326 102.207950 
52.228316 63.253017 121.437691 126.571166 5.236344 5.080000 5.236344 5.679613 1.270000 0.000000 1.270000 2.540000 58.851392 60.427101 62.066786 63.765512 65.518687 67.322057 69.171697 52.998522 54.742959 56.547705 58.407171 60.316295 62.270510 64.265704 44.868444 45.837922 46.925005 48.121724 49.420115 50.812384 52.291034 52.056183 52.894083 53.838880 54.885055 56.026928 57.258775 58.574919 96.547350 97.605678 98.718029 99.882597 101.097579 
52.371030 63.370908 120.291067 125.471463 5.679613 5.236344 5.080000 5.236344 2.540000 1.270000 0.000000 1.270000 58.089163 59.630927 61.239263 62.909064 64.635567 66.414351 68.241326 52.150819 53.862831 55.638156 57.470926 59.355822 61.288033 63.263225 44.430249 45.337989 46.367259 47.510160 48.758703 50.104992 51.541366 51.678970 52.461435 53.353459 54.349648 55.444387 56.631962 57.906660 95.388007 96.459056 97.584478 98.762413 99.991007 
52.544062 63.513980 119.146944 124.375004 6.350000 5.679613 5.236344 5.080000 3.810000 2.540000 1.270000 0.000000 57.344932 58.851392 60.427101 62.066786 63.765512 65.518687 67.322057 51.320545 52.998522 54.742959 56.547705 58.407171 60.316295 62.270510 44.024342 44.868444 45.837922 46.925005 48.121724 49.420115 50.812384 51.330415 52.056183 52.894083 53.838880 54.885055 56.026928 57.258775 94.231517 95.315562 96.454327 97.645897 98.888364 
41.298341 117.195489 74.212547 132.426326 55.736125 54.901316 54.083445 53.283294 59.630927 58.851392 58.089163 57.344932 0.000000 2.540000 5.080000 7.620000 10.160000 12.700000 15.240000 7.620000 8.032185 9.158100 10.776307 12.700000 14.810618 17.038838 90.828023 90.311522 89.863871 89.486105 89.179111 88.943621 88.780206 98.280751 97.803616 97.390408 97.041946 96.758927 96.541929 96.391396 100.717382 102.893332 105.085621 107.293247 109.515283 
43.819301 118.107412 71.679009 131.023318 57.453594 56.587125 55.736125 54.901316 61.239263 60.427101 59.630927 58.851392 2.540000 0.000000 2.540000 5.080000 7.620000 10.160000 12.700000 8.032185 7.620000 8.032185 9.158100 10.776307 12.700000 14.810618 91.412208 90.828023 90.311522 89.863871 89.486105 89.179111 88.943621 98.820889 98.280751 97.803616 97.390408 97.041946 96.758927 96.541929 99.416678 101.620483 103.839648 106.073209 108.320275 
46.342340 119.066545 69.145944 129.654893 59.230216 58.334845 57.453594 56.587125 62.909064 62.066786 61.239263 60.427101 5.080000 2.540000 0.000000 2.540000 5.080000 7.620000 10.160000 9.158100 8.032185 7.620000 8.032185 9.158100 10.776307 12.700000 92.062788 91.412208 90.828023 90.311522 89.863871 89.486105 89.179111 99.423001 98.820889 98.280751 97.803616 97.390408 97.041946 96.758927 98.164473 100.395769 102.641416 104.900493 107.172150 
48.867136 120.071756 66.613408 128.322156 61.060828 60.139078 59.230216 58.334845 64.635567 63.765512 62.909064 62.066786 7.620000 5.080000 2.540000 0.000000 2.540000 5.080000 7.620000 10.776307 9.158100 8.032185 7.620000 8.032185 9.158100 10.776307 92.778367 92.062788 91.412208 90.828023 90.311522 89.863871 89.486105 100.085971 99.423001 98.820889 98.280751 97.803616 97.390408 97.041946 96.962646 99.220973 101.492618 103.776705 106.072432 
51.393430 121.121898 64.081462 127.026231 62.940719 61.994891 61.060828 60.139078 66.414351 65.518687 64.635567 63.765512 10.160000 7.620000 5.080000 2.540000 0.000000 2.540000 5.080000 12.700000 10.776307 9.158100 8.032185 7.620000 8.032185 9.158100 93.557453 92.778367 92.062788 91.412208 90.828023 90.311522 89.863871 100.808597 100.085971 99.423001 98.820889 98.280751 97.803616 97.390408 95.813095 98.097889 100.394949 102.703451 105.022642 
53.921012 122.215814 61.550181 125.768256 64.865605 63.897790 62.940719 61.994891 68.241326 67.322057 66.414351 65.518687 12.700000 10.160000 7.620000 5.080000 2.540000 0.000000 2.540000 14.810618 12.700000 10.776307 9.158100 8.032185 7.620000 8.032185 94.398473 93.557453 92.778367 92.062788 91.412208 90.828023 90.311522 101.589606 100.808597 100.085971 99.423001 98.820889 98.280751 97.803616 94.717721 97.028312 99.350105 101.682331 104.024289 
56.449709 123.352338 59.019648 124.549382 66.831599 65.843692 64.865605 63.897790 70.112727 69.171697 68.241326 67.322057 15.240000 12.700000 10.160000 7.620000 5.080000 2.540000 0.000000 17.038838 14.810618 12.700000 10.776307 9.158100 8.032185 7.620000 95.299789 94.398473 93.557453 92.778367 92.062788 91.412208 90.828023 102.427662 101.589606 100.808597 100.085971 99.423001 98.820889 98.280751 93.678425 96.014030 98.359768 100.714930 103.078870 
42.928431 110.088509 75.131880 126.180145 50.292066 49.365278 48.454053 47.559286 53.862831 52.998522 52.150819 51.320545 7.620000 8.032185 9.158100 10.776307 12.700000 14.810618 17.038838 0.000000 2.540000 5.080000 7.620000 10.160000 12.700000 15.240000 83.405529 82.842764 82.354526 81.942147 81.606779 81.349372 81.170669 90.828023 90.311522 89.863871 89.486105 89.179111 88.943621 88.780206 94.298834 96.418915 98.558853 100.717382 102.893332 
45.358883 111.058804 72.630417 124.706885 52.189000 51.233572 50.292066 49.365278 55.638156 54.742959 53.862831 52.998522 8.032185 7.620000 8.032185 9.158100 10.776307 12.700000 14.810618 2.540000 0.000000 2.540000 5.080000 7.620000 10.160000 12.700000 84.041325 83.405529 82.842764 82.354526 81.942147 81.606779 81.349372 91.412208 90.828023 90.311522 89.863871 89.486105 89.179111 88.943621 92.908314 95.059413 97.229277 99.416678 101.620483 
47.800728 112.078273 70.131724 123.268359 54.138662 53.157599 52.189000 51.233572 57.470926 56.547705 55.638156 54.742959 9.158100 8.032185 7.620000 8.032185 9.158100 10.776307 12.700000 5.080000 2.540000 0.000000 2.540000 5.080000 7.620000 10.160000 84.748507 84.041325 83.405529 82.842764 82.354526 81.942147 81.606779 92.062788 91.412208 90.828023 90.311522 89.863871 89.486105 89.179111 91.567148 93.749026 95.948529 98.164473 100.395769 
50.252305 113.145586 67.636109 121.865799 56.135559 55.131524 54.138662 53.157599 59.355822 58.407171 57.470926 56.547705 10.776307 9.158100 8.032185 7.620000 8.032185 9.158100 10.776307 7.620000 5.080000 2.540000 0.000000 2.540000 5.080000 7.620000 85.525306 84.748507 84.041325 83.405529 82.842764 82.354526 81.942147 92.778367 92.062788 91.412208 90.828023 90.311522 89.863871 89.486105 90.277538 92.489842 94.718590 96.962646 99.220973 
52.712255 114.259404 65.143925 120.500459 58.174826 57.150177 56.135559 55.131524 61.288033 60.316295 59.355822 58.407171 12.700000 10.776307 9.158100 8.032185 7.620000 8.032185 9.158100 10.160000 7.620000 5.080000 2.540000 0.000000 2.540000 5.080000 86.369841 85.525306 84.748507 84.041325 83.405529 82.842764 82.354526 93.557453 92.778367 92.062788 91.412208 90.828023 90.311522 89.863871 89.041721 91.283981 93.541464 95.813095 98.097889 
55.179460 115.418380 62.655582 119.173619 60.252162 59.208984 58.174826 57.150177 63.263225 62.270510 61.288033 60.316295 14.810618 12.700000 10.776307 9.158100 8.032185 7.620000 8.032185 12.700000 10.160000 7.620000 5.080000 2.540000 0.000000 2.540000 87.280148 86.369841 85.525306 84.748507 84.041325 83.405529 82.842764 94.398473 93.557453 92.778367 92.062788 91.412208 90.828023 90.311522 87.861969 90.133583 92.419170 94.717721 97.028312 
57.652987 116.621167 60.171555 117.886579 62.363762 61.303899 60.252162 59.208984 65.277496 64.265704 63.263225 62.270510 17.038838 14.810618 12.700000 10.776307 9.158100 8.032185 7.620000 15.240000 12.700000 10.160000 7.620000 5.080000 2.540000 0.000000 88.254191 87.280148 86.369841 85.525306 84.748507 84.041325 83.405529 95.299789 94.398473 93.557453 92.778367 92.062788 91.412208 90.828023 86.740569 89.040796 91.353729 93.678425 96.014030 
96.250244 29.992082 132.642709 96.070307 50.070710 49.645946 49.250277 48.884408 45.337989 44.868444 44.430249 44.024342 90.828023 91.412208 92.062788 92.778367 93.557453 94.398473 95.299789 83.405529 84.041325 84.748507 85.525306 86.369841 87.280148 88.254191 0.000000 2.540000 5.080000 7.620000 10.160000 12.700000 15.240000 7.620000 8.032185 9.158100 10.776307 12.700000 14.810618 17.038838 72.251654 72.200492 72.238658 72.366011 72.582082 
96.843570 31.844822 130.860445 93.594186 51.004563 50.523834 50.070710 49.645946 46.367259 45.837922 45.337989 44.868444 90.311522 90.828023 91.412208 92.062788 92.778367 93.557453 94.398473 82.842764 83.405529 84.041325 84.748507 85.525306 86.369841 87.280148 2.540000 0.000000 2.540000 5.080000 7.620000 10.160000 12.700000 8.032185 7.620000 8.032185 9.158100 10.776307 12.700000 14.810618 69.713527 69.660500 69.700057 69.832040 70.055927 
97.499477 33.787033 129.103551 91.121581 52.045730 51.512123 51.004563 50.523834 47.510160 46.925005 46.367259 45.837922 89.863871 90.311522 90.828023 91.412208 92.062788 92.778367 93.557453 82.354526 82.842764 83.405529 84.041325 84.748507 85.525306 86.369841 5.080000 2.540000 0.000000 2.540000 5.080000 7.620000 10.160000 9.158100 8.032185 7.620000 8.032185 9.158100 10.776307 12.700000 67.175541 67.120510 67.161562 67.298524 67.530811 
98.216710 35.804158 127.373078 88.652787 53.187911 52.604592 52.045730 51.512123 48.758703 48.121724 47.510160 46.925005 89.486105 89.863871 90.311522 90.828023 91.412208 92.062788 92.778367 81.942147 82.354526 82.842764 83.405529 84.041325 84.748507 85.525306 7.620000 5.080000 2.540000 0.000000 2.540000 5.080000 7.620000 10.776307 9.158100 8.032185 7.620000 8.032185 9.158100 10.776307 64.637714 64.580520 64.623186 64.765516 65.006854 
98.993936 37.884232 125.670117 86.188131 54.424745 53.794893 53.187911 52.604592 50.104992 49.420115 48.758703 48.121724 89.179111 89.486105 89.863871 90.311522 90.828023 91.412208 92.062788 81.606779 81.942147 82.354526 82.842764 83.405529 84.041325 84.748507 10.160000 7.620000 5.080000 2.540000 0.000000 2.540000 5.080000 12.700000 10.776307 9.158100 8.032185 7.620000 8.032185 9.158100 62.100064 62.040531 62.084942 62.233078 62.484198 
99.829755 40.017441 123.995802 83.727979 55.749934 55.076684 54.424745 53.794893 51.541366 50.812384 50.104992 49.420115 88.943621 89.179111 89.486105 89.863871 90.311522 90.828023 91.412208 81.349372 81.606779 81.942147 82.354526 82.842764 83.405529 84.041325 12.700000 10.160000 7.620000 5.080000 2.540000 0.000000 2.540000 14.810618 12.700000 10.776307 9.158100 8.032185 7.620000 8.032185 59.562615 59.500542 59.546849 59.701282 59.963006 
100.722707 42.195726 122.351308 81.272740 57.157332 56.443733 55.749934 55.076684 53.060511 52.291034 51.541366 50.812384 88.780206 88.943621 89.179111 89.486105 89.863871 90.311522 90.828023 81.170669 81.349372 81.606779 81.942147 82.354526 82.842764 83.405529 15.240000 12.700000 10.160000 7.620000 5.080000 2.540000 0.000000 17.038838 14.810618 12.700000 10.776307 9.158100 8.032185 7.620000 57.025392 56.960555 57.008925 57.170214 57.443471 
103.695315 25.209800 138.140137 94.686393 57.281446 56.910527 56.565695 56.247431 52.461435 52.056183 51.678970 51.330415 98.280751 98.820889 99.423001 100.085971 100.808597 101.589606 102.427662 90.828023 91.412208 92.062788 92.778367 93.557453 94.398473 95.299789 7.620000 8.032185 9.158100 10.776307 12.700000 14.810618 17.038838 0.000000 2.540000 5.080000 7.620000 10.160000 12.700000 15.240000 72.937593 72.620880 72.391956 72.251654 72.200492 
104.246276 27.387985 136.429708 92.173102 58.099514 57.677950 57.281446 56.910527 53.353459 52.894083 52.461435 52.056183 97.803616 98.280751 98.820889 99.423001 100.085971 100.808597 101.589606 90.311522 90.828023 91.412208 92.062788 92.778367 93.557453 94.398473 8.032185 7.620000 8.032185 9.158100 10.776307 12.700000 14.810618 2.540000 0.000000 2.540000 5.080000 7.620000 10.160000 12.700000 70.424191 70.096124 69.858927 69.713527 69.660500 
104.855887 29.623852 134.745449 89.661316 59.015643 58.545597 58.099514 57.677950 54.349648 53.838880 53.353459 52.894083 97.390408 97.803616 98.280751 98.820889 99.423001 100.085971 100.808597 89.863871 90.311522 90.828023 91.412208 92.062788 92.778367 93.557453 9.158100 8.032185 7.620000 8.032185 9.158100 10.776307 12.700000 5.080000 2.540000 0.000000 2.540000 5.080000 7.620000 10.160000 67.912769 67.572510 67.326422 67.175541 67.120510 
105.523131 31.905278 133.088355 87.151166 60.025344 59.509085 59.015643 58.545597 55.444387 54.885055 54.349648 53.838880 97.041946 97.390408 97.803616 98.280751 98.820889 99.423001 100.085971 89.486105 89.863871 90.311522 90.828023 91.412208 92.062788 92.778367 10.776307 9.158100 8.032185 7.620000 8.032185 9.158100 10.776307 7.620000 5.080000 2.540000 0.000000 2.540000 5.080000 7.620000 65.403554 65.050171 64.794505 64.637714 64.580520 
106.246922 34.223151 131.459452 84.642797 61.123980 60.563839 60.025344 59.509085 56.631962 56.026928 55.444387 54.885055 96.758927 97.041946 97.390408 97.803616 98.280751 98.820889 99.423001 89.179111 89.486105 89.863871 90.311522 90.828023 91.412208 92.062788 12.700000 10.776307 9.158100 8.032185 7.620000 8.032185 9.158100 10.160000 7.620000 5.080000 2.540000 0.000000 2.540000 5.080000 62.896811 62.529263 62.263245 62.100064 62.040531 
107.026114 36.570543 129.859801 82.136372 62.306847 61.705180 61.123980 60.563839 57.906660 57.258775 56.631962 56.026928 96.541929 96.758927 97.041946 97.390408 97.803616 98.280751 98.820889 88.943621 89.179111 89.486105 89.863871 90.311522 90.828023 91.412208 14.810618 12.700000 10.776307 9.158100 8.032185 7.620000 8.032185 12.700000 10.160000 7.620000 5.080000 2.540000 0.000000 2.540000 60.392847 60.009964 59.732728 59.562615 59.500542 
107.859505 38.942115 128.290497 79.632074 63.569243 62.928396 62.306847 61.705180 59.262861 58.574919 57.906660 57.258775 96.391396 96.541929 96.758927 97.041946 97.390408 97.803616 98.280751 88.780206 88.943621 89.179111 89.486105 89.863871 90.311522 90.828023 17.038838 14.810618 12.700000 10.776307 9.158100 8.032185 7.620000 15.240000 12.700000 10.160000 7.620000 5.080000 2.540000 0.000000 57.892022 57.492487 57.203052 57.025392 56.960555 
130.560698 96.479132 93.648365 32.126985 99.854864 98.718029 97.584478 96.454327 97.709444 96.547350 95.388007 94.231517 100.717382 99.416678 98.164473 96.962646 95.813095 94.717721 93.678425 94.298834 92.908314 91.567148 90.277538 89.041721 87.861969 86.740569 72.251654 69.713527 67.175541 64.637714 62.100064 59.562615 57.025392 72.937593 70.424191 67.912769 65.403554 62.896811 60.392847 57.892022 0.000000 2.540000 5.080000 7.620000 10.160000 
132.346340 95.882640 96.122182 30.288626 101.006326 99.882597 98.762413 97.645897 98.755319 97.605678 96.459056 95.315562 102.893332 101.620483 100.395769 99.220973 98.097889 97.028312 96.014030 96.418915 95.059413 93.749026 92.489842 91.283981 90.133583 89.040796 72.200492 69.660500 67.120510 64.580520 62.040531 59.500542 56.960555 72.620880 70.096124 67.572510 65.050171 62.529263 60.009964 57.492487 2.540000 0.000000 2.540000 5.080000 7.620000 
134.156306 95.350099 98.599365 28.558041 102.207950 101.097579 99.991007 98.888364 99.854864 98.718029 97.584478 96.454327 105.085621 103.839648 102.641416 101.492618 100.394949 99.350105 98.359768 98.558853 97.229277 95.948529 94.718590 93.541464 92.419170 91.353729 72.238658 69.700057 67.161562 64.623186 62.084942 59.546849 57.008925 72.391956 69.858927 67.326422 64.794505 62.263245 59.732728 57.203052 5.080000 2.540000 0.000000 2.540000 5.080000 
135.989627 94.882588 101.079666 26.955997 103.457989 102.361178 101.268415 100.179833 101.006326 99.882597 98.762413 97.645897 107.293247 106.073209 104.900493 103.776705 102.703451 101.682331 100.714930 100.717382 99.416678 98.164473 96.962646 95.813095 94.717721 93.678425 72.366011 69.832040 67.298524 64.765516 62.233078 59.701282 57.170214 72.251654 69.713527 67.175541 64.637714 62.100064 59.562615 57.025392 7.620000 5.080000 2.540000 0.000000 2.540000 
137.845369 94.481071 103.562861 25.506725 104.754709 103.671618 102.592814 101.518434 102.207950 101.097579 99.991007 98.888364 109.515283 108.320275 107.172150 106.072432 105.022642 104.024289 103.078870 102.893332 101.620483 100.395769 99.220973 98.097889 97.028312 96.014030 72.582082 70.055927 67.530811 65.006854 62.484198 59.963006 57.443471 72.200492 69.660500 67.120510 64.580520 62.040531 59.500542 56.960555 10.160000 7.620000 5.080000 2.540000 0.000000 
