40
# Circuit board instance
Size: large
Nodes: 40
0.000000 65.000000 65.000000 91.923882 10.420744 10.885147 11.471999 12.163589 15.328314 15.647740 16.061510 16.562555 36.063057 38.416131 40.791634 43.185864 45.595871 48.019281 50.454161 39.650636 41.802249 43.995298 46.223887 48.483114 50.768890 53.077785 62.808941 63.983614 65.236078 66.561942 67.956910 69.416815 70.937649 69.710015 70.770234 71.904583 73.109612 74.381884 75.718012 77.114675 
65.000000 0.000000 91.923882 65.000000 55.198848 55.288401 55.406928 55.554242 50.128616 50.227210 50.357651 50.519690 60.858851 62.282058 63.774705 65.332032 66.949527 68.622933 70.348262 54.633585 56.214621 57.863995 59.576030 61.345481 63.167522 65.037735 29.397491 31.830053 34.278204 36.738829 39.209577 41.688650 44.174646 28.073753 30.611688 33.149939 35.688439 38.227138 40.766000 43.304995 
65.000000 91.923882 0.000000 65.000000 62.527824 61.274165 60.021193 58.768952 63.530261 62.296779 61.064793 59.834397 34.724209 32.416442 30.146044 27.922131 25.756748 23.665966 21.671386 38.436956 36.365569 34.357137 32.423361 30.578407 28.839328 27.226419 67.257795 65.896516 64.606453 63.391955 62.257445 61.207369 60.246144 73.743706 72.504303 71.333842 70.235768 69.213529 68.270530 67.410096 
91.923882 65.000000 65.000000 0.000000 82.752943 81.809805 80.875611 79.950676 79.460776 78.478083 77.503741 76.538069 60.075172 58.771433 57.550322 56.417205 55.377484 54.436510 53.599483 53.759234 52.298282 50.922181 49.637989 48.453014 47.374703 46.410489 37.985001 35.519011 33.064228 30.623347 28.199979 25.799059 23.427489 36.970035 34.431429 31.893045 29.354941 26.817196 24.279922 21.743284 
10.420744 55.198848 62.527824 82.752943 0.000000 1.270000 2.540000 3.810000 5.080000 5.236344 5.679613 6.350000 30.249859 32.768060 35.289385 37.813211 40.339067 42.866594 45.395514 32.184538 34.562064 36.961213 39.378032 41.809458 44.253083 46.706993 52.518612 53.764125 55.098647 56.515872 58.009740 59.574486 61.204672 59.345508 60.450524 61.640455 62.910481 64.255854 65.671943 67.154275 
10.885147 55.288401 61.274165 81.809805 1.270000 0.000000 1.270000 2.540000 5.236344 5.080000 5.236344 5.679613 28.992184 31.508522 34.028375 36.551018 39.075909 41.602640 44.130895 31.005439 33.370308 35.759206 38.167623 40.592083 43.029876 45.478856 51.931252 53.129840 54.420659 55.797307 57.253594 58.783601 60.381725 58.826353 59.887100 61.035177 62.265755 63.574042 64.955343 66.405101 
11.471999 55.406928 60.021193 80.875611 2.540000 1.270000 0.000000 1.270000 5.679613 5.236344 5.080000 5.236344 27.735633 30.249859 32.768060 35.289385 37.813211 40.339067 42.866594 29.833804 32.184538 34.562064 36.961213 39.378032 41.809458 44.253083 51.368582 52.518612 53.764125 55.098647 56.515872 58.009740 59.574486 58.330232 59.345508 60.450524 61.640455 62.910481 64.255854 65.671943 
12.163589 55.554242 58.768952 79.950676 3.810000 2.540000 1.270000 0.000000 6.350000 5.679613 5.236344 5.080000 26.480366 28.992184 31.508522 34.028375 36.551018 39.075909 41.602640 28.670547 31.005439 33.370308 35.759206 38.167623 40.592083 43.029876 50.831420 51.931252 53.129840 54.420659 55.797307 57.253594 58.783601 57.857739 58.826353 59.887100 61.035177 62.265755 63.574042 64.955343 
15.328314 50.128616 63.530261 79.460776 5.080000 5.236344 5.679613 6.350000 0.000000 1.270000 2.540000 3.810000 29.984045 32.522834 35.061799 37.600903 40.140121 42.679432 45.218820 30.698766 33.182918 35.674936 38.173279 40.676782 43.184548 45.695875 48.099869 49.456788 50.904358 52.435071 54.041861 55.718149 57.457852 54.771005 55.966414 57.249622 58.614863 60.056543 61.569292 63.148003 
15.647740 50.227210 62.296779 78.478083 5.236344 5.080000 5.236344 5.679613 1.270000 0.000000 1.270000 2.540000 28.714731 31.253415 33.792297 36.331335 38.870499 41.409766 43.949117 29.460262 31.939744 34.428050 36.923397 39.424447 41.930180 44.439804 47.457853 48.766513 50.169721 51.659774 53.229379 54.871710 56.580434 54.208056 55.357369 56.597407 57.922343 59.326490 60.804360 62.350711 
16.061510 50.357651 61.064793 77.503741 5.679613 5.236344 5.080000 5.236344 2.540000 1.270000 0.000000 1.270000 27.445480 29.984045 32.522834 35.061799 37.600903 40.140121 42.679432 28.224558 30.698766 33.182918 35.674936 38.173279 40.676782 43.184548 46.841478 48.099869 49.456788 50.904358 52.435071 54.041861 55.718149 53.669261 54.771005 55.966414 57.249622 58.614863 60.056543 61.569292 
16.562555 50.519690 59.834397 76.538069 6.350000 5.679613 5.236344 5.080000 3.810000 2.540000 1.270000 0.000000 26.176302 28.714731 31.253415 33.792297 36.331335 38.870499 41.409766 26.992037 29.460262 31.939744 34.428050 36.923397 39.424447 41.930180 46.251768 47.457853 48.766513 50.169721 51.659774 53.229379 54.871710 53.155354 54.208056 55.357369 56.597407 57.922343 59.326490 60.804360 
36.063057 60.858851 34.724209 60.075172 30.249859 28.992184 27.735633 26.480366 29.984045 28.714731 27.445480 26.176302 0.000000 2.540000 5.080000 7.620000 10.160000 12.700000 15.240000 7.620000 8.032185 9.158100 10.776307 12.700000 14.810618 17.038838 42.501529 42.267201 42.184782 42.255161 42.477578 42.849665 43.367570 50.073332 49.874592 49.804764 49.864389 50.053005 50.369162 50.810479 
38.416131 62.282058 32.416442 58.771433 32.768060 31.508522 30.249859 28.992184 32.522834 31.253415 29.984045 28.714731 2.540000 0.000000 2.540000 5.080000 7.620000 10.160000 12.700000 8.032185 7.620000 8.032185 9.158100 10.776307 12.700000 14.810618 42.885274 42.501529 42.267201 42.184782 42.255161 42.477578 42.849665 50.399459 50.073332 49.874592 49.804764 49.864389 50.053005 50.369162 
40.791634 63.774705 30.146044 57.550322 35.289385 34.028375 32.768060 31.508522 35.061799 33.792297 32.522834 31.253415 5.080000 2.540000 0.000000 2.540000 5.080000 7.620000 10.160000 9.158100 8.032185 7.620000 8.032185 9.158100 10.776307 12.700000 43.414477 42.885274 42.501529 42.267201 42.184782 42.255161 42.477578 50.850521 50.399459 50.073332 49.874592 49.804764 49.864389 50.053005 
43.185864 65.332032 27.922131 56.417205 37.813211 36.551018 35.289385 34.028375 37.600903 36.331335 35.061799 33.792297 7.620000 5.080000 2.540000 0.000000 2.540000 5.080000 7.620000 10.776307 9.158100 8.032185 7.620000 8.032185 9.158100 10.776307 44.083898 43.414477 42.885274 42.501529 42.267201 42.184782 42.255161 51.423231 50.850521 50.399459 50.073332 49.874592 49.804764 49.864389 
45.595871 66.949527 25.756748 55.377484 40.339067 39.075909 37.813211 36.551018 40.140121 38.870499 37.600903 36.331335 10.160000 7.620000 5.080000 2.540000 0.000000 2.540000 5.080000 12.700000 10.776307 9.158100 8.032185 7.620000 8.032185 9.158100 44.887264 44.083898 43.414477 42.885274 42.501529 42.267201 42.184782 52.113579 51.423231 50.850521 50.399459 50.073332 49.874592 49.804764 
48.019281 68.622933 23.665966 54.436510 42.866594 41.602640 40.339067 39.075909 42.679432 41.409766 40.140121 38.870499 12.700000 10.160000 7.620000 5.080000 2.540000 0.000000 2.540000 14.810618 12.700000 10.776307 9.158100 8.032185 7.620000 8.032185 45.817530 44.887264 44.083898 43.414477 42.885274 42.501529 42.267201 52.916961 52.113579 51.423231 50.850521 50.399459 50.073332 49.874592 
50.454161 70.348262 21.671386 53.599483 45.395514 44.130895 42.866594 41.602640 45.218820 43.949117 42.679432 41.409766 15.240000 12.700000 10.160000 7.620000 5.080000 2.540000 0.000000 17.038838 14.810618 12.700000 10.776307 9.158100 8.032185 7.620000 46.867141 45.817530 44.887264 44.083898 43.414477 42.885274 42.501529 53.828316 52.916961 52.113579 51.423231 50.850521 50.399459 50.073332 
39.650636 54.633585 38.436956 53.759234 32.184538 31.005439 29.833804 28.670547 30.698766 29.460262 28.224558 26.992037 7.620000 8.032185 9.158100 10.776307 12.700000 14.810618 17.038838 0.000000 2.540000 5.080000 7.620000 10.160000 12.700000 15.240000 34.950680 34.665349 34.564809 34.650668 34.921551 35.373209 35.998837 42.501529 42.267201 42.184782 42.255161 42.477578 42.849665 43.367570 
41.802249 56.214621 36.365569 52.298282 34.562064 33.370308 32.184538 31.005439 33.182918 31.939744 30.698766 29.460262 8.032185 7.620000 8.032185 9.158100 10.776307 12.700000 14.810618 2.540000 0.000000 2.540000 5.080000 7.620000 10.160000 12.700000 35.416336 34.950680 34.665349 34.564809 34.650668 34.921551 35.373209 42.885274 42.501529 42.267201 42.184782 42.255161 42.477578 42.849665 
43.995298 57.863995 34.357137 50.922181 36.961213 35.759206 34.562064 33.370308 35.674936 34.428050 33.182918 31.939744 9.158100 8.032185 7.620000 8.032185 9.158100 10.776307 12.700000 5.080000 2.540000 0.000000 2.540000 5.080000 7.620000 10.160000 36.055331 35.416336 34.950680 34.665349 34.564809 34.650668 34.921551 43.414477 42.885274 42.501529 42.267201 42.184782 42.255161 42.477578 
46.223887 59.576030 32.423361 49.637989 39.378032 38.167623 36.961213 35.759206 38.173279 36.923397 35.674936 34.428050 10.776307 9.158100 8.032185 7.620000 8.032185 9.158100 10.776307 7.620000 5.080000 2.540000 0.000000 2.540000 5.080000 7.620000 36.858651 36.055331 35.416336 34.950680 34.665349 34.564809 34.650668 44.083898 43.414477 42.885274 42.501529 42.267201 42.184782 42.255161 
48.483114 61.345481 30.578407 48.453014 41.809458 40.592083 39.378032 38.167623 40.676782 39.424447 38.173279 36.923397 12.700000 10.776307 9.158100 8.032185 7.620000 8.032185 9.158100 10.160000 7.620000 5.080000 2.540000 0.000000 2.540000 5.080000 37.815824 36.858651 36.055331 35.416336 34.950680 34.665349 34.564809 44.887264 44.083898 43.414477 42.885274 42.501529 42.267201 42.184782 
50.768890 63.167522 28.839328 47.374703 44.253083 43.029876 41.809458 40.592083 43.184548 41.930180 40.676782 39.424447 14.810618 12.700000 10.776307 9.158100 8.032185 7.620000 8.032185 12.700000 10.160000 7.620000 5.080000 2.540000 0.000000 2.540000 38.915501 37.815824 36.858651 36.055331 35.416336 34.950680 34.665349 45.817530 44.887264 44.083898 43.414477 42.885274 42.501529 42.267201 
53.077785 65.037735 27.226419 46.410489 46.706993 45.478856 44.253083 43.029876 45.695875 44.439804 43.184548 41.930180 17.038838 14.810618 12.700000 10.776307 9.158100 8.032185 7.620000 15.240000 12.700000 10.160000 7.620000 5.080000 2.540000 0.000000 40.145972 38.915501 37.815824 36.858651 36.055331 35.416336 34.950680 46.867141 45.817530 44.887264 44.083898 43.414477 42.885274 42.501529 
62.808941 29.397491 67.257795 37.985001 52.518612 51.931252 51.368582 50.831420 48.099869 47.457853 46.841478 46.251768 42.501529 42.885274 43.414477 44.083898 44.887264 45.817530 46.867141 34.950680 35.416336 36.055331 36.858651 37.815824 38.915501 40.145972 0.000000 2.540000 5.080000 7.620000 10.160000 12.700000 15.240000 7.620000 8.032185 9.158100 10.776307 12.700000 14.810618 17.038838 
63.983614 31.830053 65.896516 35.519011 53.764125 53.129840 52.518612 51.931252 49.456788 48.766513 48.099869 47.457853 42.267201 42.501529 42.885274 43.414477 44.083898 44.887264 45.817530 34.665349 34.950680 35.416336 36.055331 36.858651 37.815824 38.915501 2.540000 0.000000 2.540000 5.080000 7.620000 10.160000 12.700000 8.032185 7.620000 8.032185 9.158100 10.776307 12.700000 14.810618 
65.236078 34.278204 64.606453 33.064228 55.098647 54.420659 53.764125 53.129840 50.904358 50.169721 49.456788 48.766513 42.184782 42.267201 42.501529 42.885274 43.414477 44.083898 44.887264 34.564809 34.665349 34.950680 35.416336 36.055331 36.858651 37.815824 5.080000 2.540000 0.000000 2.540000 5.080000 7.620000 10.160000 9.158100 8.032185 7.620000 8.032185 9.158100 10.776307 12.700000 
66.561942 36.738829 63.391955 30.623347 56.515872 55.797307 55.098647 54.420659 52.435071 51.659774 50.904358 50.169721 42.255161 42.184782 42.267201 42.501529 42.885274 43.414477 44.083898 34.650668 34.564809 34.665349 34.950680 35.416336 36.055331 36.858651 7.620000 5.080000 2.540000 0.000000 2.540000 5.080000 7.620000 10.776307 9.158100 8.032185 7.620000 8.032185 9.158100 10.776307 
67.956910 39.209577 62.257445 28.199979 58.009740 57.253594 56.515872 55.797307 54.041861 53.229379 52.435071 51.659774 42.477578 42.255161 42.184782 42.267201 42.501529 42.885274 43.414477 34.921551 34.650668 34.564809 34.665349 34.950680 35.416336 36.055331 10.160000 7.620000 5.080000 2.540000 0.000000 2.540000 5.080000 12.700000 10.776307 9.158100 8.032185 7.620000 8.032185 9.158100 
69.416815 41.688650 61.207369 25.799059 59.574486 58.783601 58.009740 57.253594 55.718149 54.871710 54.041861 53.229379 42.849665 42.477578 42.255161 42.184782 42.267201 42.501529 42.885274 35.373209 34.921551 34.650668 34.564809 34.665349 34.950680 35.416336 12.700000 10.160000 7.620000 5.080000 2.540000 0.000000 2.540000 14.810618 12.700000 10.776307 9.158100 8.032185 7.620000 8.032185 
70.937649 44.174646 60.246144 23.427489 61.204672 60.381725 59.574486 58.783601 57.457852 56.580434 55.718149 54.871710 43.367570 42.849665 42.477578 42.255161 42.184782 42.267201 42.501529 35.998837 35.373209 34.921551 34.650668 34.564809 34.665349 34.950680 15.240000 12.700000 10.160000 7.620000 5.080000 2.540000 0.000000 17.038838 14.810618 12.700000 10.776307 9.158100 8.032185 7.620000 
69.710015 28.073753 73.743706 36.970035 59.345508 58.826353 58.330232 57.857739 54.771005 54.208056 53.669261 53.155354 50.073332 50.399459 50.850521 51.423231 52.113579 52.916961 53.828316 42.501529 42.885274 43.414477 44.083898 44.887264 45.817530 46.867141 7.620000 8.032185 9.158100 10.776307 12.700000 14.810618 17.038838 0.000000 2.540000 5.080000 7.620000 10.160000 12.700000 15.240000 
70.770234 30.611688 72.504303 34.431429 60.450524 59.887100 59.345508 58.826353 55.966414 55.357369 54.771005 54.208056 49.874592 50.073332 50.399459 50.850521 51.423231 52.113579 52.916961 42.267201 42.501529 42.885274 43.414477 44.083898 44.887264 45.817530 8.032185 7.620000 8.032185 9.158100 10.776307 12.700000 14.810618 2.540000 0.000000 2.540000 5.080000 7.620000 10.160000 12.700000 
71.904583 33.149939 71.333842 31.893045 61.640455 61.035177 60.450524 59.887100 57.249622 56.597407 55.966414 55.357369 49.804764 49.874592 50.073332 50.399459 50.850521 51.423231 52.113579 42.184782 42.267201 42.501529 42.885274 43.414477 44.083898 44.887264 9.158100 8.032185 7.620000 8.032185 9.158100 10.776307 12.700000 5.080000 2.540000 0.000000 2.540000 5.080000 7.620000 10.160000 
73.109612 35.688439 70.235768 29.354941 62.910481 62.265755 61.640455 61.035177 58.614863 57.922343 57.249622 56.597407 49.864389 49.804764 49.874592 50.073332 50.399459 50.850521 51.423231 42.255161 42.184782 42.267201 42.501529 42.885274 43.414477 44.083898 10.776307 9.158100 8.032185 7.620000 8.032185 9.158100 10.776307 7.620000 5.080000 2.540000 0.000000 2.540000 5.080000 7.620000 
74.381884 38.227138 69.213529 26.817196 64.255854 63.574042 62.910481 62.265755 60.056543 59.326490 58.614863 57.922343 50.053005 49.864389 49.804764 49.874592 50.073332 50.399459 50.850521 42.477578 42.255161 42.184782 42.267201 42.501529 42.885274 43.414477 12.700000 10.776307 9.158100 8.032185 7.620000 8.032185 9.158100 10.160000 7.620000 5.080000 2.540000 0.000000 2.540000 5.080000 
75.718012 40.766000 68.270530 24.279922 65.671943 64.955343 64.255854 63.574042 61.569292 60.804360 60.056543 59.326490 50.369162 50.053005 49.864389 49.804764 49.874592 50.073332 50.399459 42.849665 42.477578 42.255161 42.184782 42.267201 42.501529 42.885274 14.810618 12.700000 10.776307 9.158100 8.032185 7.620000 8.032185 12.700000 10.160000 7.620000 5.080000 2.540000 0.000000 2.540000 
77.114675 43.304995 67.410096 21.743284 67.154275 66.405101 65.671943 64.955343 63.148003 62.350711 61.569292 60.804360 50.810479 50.369162 50.053005 49.864389 49.804764 49.874592 50.073332 43.367570 42.849665 42.477578 42.255161 42.184782 42.267201 42.501529 17.038838 14.810618 12.700000 10.776307 9.158100 8.032185 7.620000 15.240000 12.700000 10.160000 7.620000 5.080000 2.540000 0.000000 
