41
# Circuit board instance
Size: large
Nodes: 41
0.000000 140.000000 140.000000 197.989899 68.230660 68.728179 69.315261 69.989653 70.748857 71.590175 72.510749 75.741150 76.189641 76.719647 77.329492 78.017303 78.781038 79.618513 163.657735 165.604860 167.567861 169.546188 171.539309 136.458392 136.930415 137.447763 138.009927 138.616361 87.522347 88.370057 89.282001 90.256234 91.290760 50.804283 50.933609 51.094183 51.285714 55.865762 55.983397 56.129527 56.303931 
140.000000 0.000000 197.989899 140.000000 73.863664 74.323485 74.866704 75.491518 76.195922 76.977731 77.834611 66.359171 66.870616 67.473863 68.166474 68.945757 69.808809 70.752565 106.781987 106.453313 106.184398 105.975696 105.827562 177.380178 175.731538 174.104344 172.499202 170.916735 139.274339 137.241564 135.225944 133.228255 131.249316 89.514888 89.588350 89.679739 89.788999 84.441834 84.519706 84.616569 84.732359 
140.000000 197.989899 0.000000 140.000000 144.413624 142.169738 139.935975 137.712829 135.500821 133.300506 131.112473 148.110072 145.923039 143.747612 141.584328 139.433752 137.296481 135.173146 129.553069 132.004215 134.458660 136.916226 139.376748 24.795027 27.273416 29.762196 32.258962 34.761992 63.636035 64.796995 66.035289 67.346651 68.726899 144.597598 143.408587 142.220975 141.034800 146.452633 145.278804 144.106606 142.936080 
197.989899 140.000000 140.000000 0.000000 147.158801 144.957415 142.767276 140.588908 138.422868 136.269743 134.130155 143.538885 141.281107 139.033068 136.795248 134.568158 132.352339 130.148366 37.450446 36.502756 35.710918 35.085486 34.635476 116.007018 113.470146 110.933418 108.396843 105.860432 125.645235 123.388130 121.142229 118.908164 116.686618 162.296967 161.238527 160.183163 159.130936 159.555049 158.478298 157.404428 156.333499 
68.230660 73.863664 144.413624 147.158801 0.000000 2.540000 5.080000 7.620000 10.160000 12.700000 15.240000 7.620000 8.032185 9.158100 10.776307 12.700000 14.810618 17.038838 109.979068 111.334777 112.731419 114.167493 115.641529 129.513822 128.692648 127.916647 127.186646 126.503439 80.817586 79.621038 78.488473 77.422699 76.426509 18.202519 17.710024 17.296937 16.969057 13.750769 13.091864 12.527409 12.070660 
68.728179 74.323485 142.169738 144.957415 2.540000 0.000000 2.540000 5.080000 7.620000 10.160000 12.700000 8.032185 7.620000 8.032185 9.158100 10.776307 12.700000 14.810618 107.826291 109.208728 110.632213 112.095183 113.596113 127.120760 126.284026 125.493132 124.748949 124.052318 78.603530 77.372750 76.206779 75.108635 74.081334 19.400581 18.768171 18.202519 17.710024 15.301454 14.491245 13.750769 13.091864 
69.315261 74.866704 139.935975 142.767276 5.080000 2.540000 0.000000 2.540000 5.080000 7.620000 10.160000 9.158100 8.032185 7.620000 8.032185 9.158100 10.776307 12.700000 105.690709 107.100715 108.551847 110.042478 111.571025 124.733509 123.880652 123.074315 122.315416 121.604846 76.409757 75.143053 73.941930 72.809635 71.749425 20.840744 20.093449 19.400581 18.768171 17.090599 16.170919 15.301454 14.491245 
69.989653 75.491518 137.712829 140.588908 7.620000 5.080000 2.540000 0.000000 2.540000 5.080000 7.620000 10.776307 9.158100 8.032185 7.620000 8.032185 9.158100 10.776307 103.573385 105.011824 106.491424 108.010495 109.567394 122.352410 121.482838 120.660478 119.886301 119.161245 74.238063 72.933652 71.695524 70.527173 69.432119 22.476519 21.636829 20.840744 20.093449 19.051137 18.052820 17.090599 16.170919 
70.748857 76.195922 135.500821 138.422868 10.160000 7.620000 5.080000 2.540000 0.000000 2.540000 5.080000 12.700000 10.776307 9.158100 8.032185 7.620000 8.032185 9.158100 101.475462 102.943219 104.452127 106.000426 107.586417 119.977829 119.090920 118.251926 117.461876 116.721761 72.090446 70.746448 69.469350 68.262907 67.130928 24.268382 23.355111 22.476519 21.636829 21.135427 20.080168 19.051137 18.052820 
71.590175 76.977731 133.300506 136.269743 12.700000 10.160000 7.620000 5.080000 2.540000 0.000000 2.540000 14.810618 12.700000 10.776307 9.158100 8.032185 7.620000 8.032185 99.398168 100.896149 102.435215 104.013541 105.629368 117.610160 116.705259 115.848990 115.042438 114.286657 69.969121 68.583565 67.265415 66.018709 64.847568 26.184309 25.212562 24.268382 23.355111 23.310297 22.213177 21.135427 20.080168 
72.510749 77.834611 131.112473 134.130155 15.240000 12.700000 10.160000 7.620000 5.080000 2.540000 0.000000 17.038838 14.810618 12.700000 10.776307 9.158100 8.032185 7.620000 97.342824 98.871950 100.442037 102.051195 103.697604 115.249830 114.326248 113.452025 112.628310 111.856218 67.876555 66.447379 65.085980 63.796698 62.583990 28.199023 27.180665 26.184309 25.212562 25.552628 24.424178 23.310297 22.213177 
75.741150 66.359171 148.110072 143.538885 7.620000 8.032185 9.158100 10.776307 12.700000 14.810618 17.038838 0.000000 2.540000 5.080000 7.620000 10.160000 12.700000 15.240000 106.172987 107.396605 108.665825 109.979068 111.334777 132.239729 131.288248 130.379314 129.513822 128.692648 84.763311 83.391467 82.075319 80.817586 79.621038 25.327412 24.975809 24.684613 24.455981 20.538026 20.102830 19.739880 19.453219 
76.189641 66.870616 145.923039 141.281107 8.032185 7.620000 8.032185 9.158100 10.776307 12.700000 14.810618 2.540000 0.000000 2.540000 5.080000 7.620000 10.160000 12.700000 103.941411 105.190990 106.486502 107.826291 109.208728 129.896896 128.928126 128.002433 127.120760 126.284026 82.655016 81.247582 79.896124 78.603530 77.372750 26.201692 25.736944 25.327412 24.975809 21.606975 21.040985 20.538026 20.102830 
76.719647 67.473863 143.747612 139.033068 9.158100 8.032185 7.620000 8.032185 9.158100 10.776307 12.700000 5.080000 2.540000 0.000000 2.540000 5.080000 7.620000 10.160000 101.724303 103.000783 104.323497 105.690709 107.100715 127.561610 126.574967 125.631937 124.733509 123.880652 80.571631 79.127148 77.738836 76.409757 75.143053 27.285210 26.718772 26.201692 25.736944 22.908851 22.231183 21.606975 21.040985 
77.329492 68.166474 141.584328 136.795248 10.776307 9.158100 8.032185 7.620000 8.032185 9.158100 10.776307 7.620000 5.080000 2.540000 0.000000 2.540000 5.080000 7.620000 99.522630 100.826987 102.177845 103.573385 105.011824 125.234293 124.229169 123.268194 122.352410 121.482838 78.515137 77.032102 75.605329 74.238063 72.933652 28.554159 27.898001 27.285210 26.718772 24.406407 23.635380 22.908851 22.231183 
78.017303 68.945757 139.433752 134.568158 12.700000 10.776307 9.158100 8.032185 7.620000 8.032185 9.158100 10.160000 7.620000 5.080000 2.540000 0.000000 2.540000 5.080000 97.337439 98.670688 100.050664 101.475462 102.943219 122.915399 121.891154 120.911599 119.977829 119.090920 76.487706 74.964572 73.497674 72.090446 70.746448 29.985003 29.250766 28.554159 27.898001 26.065939 25.217852 24.406407 23.635380 
78.781038 69.808809 137.296481 132.352339 14.810618 12.700000 10.776307 9.158100 8.032185 7.620000 8.032185 12.700000 10.160000 7.620000 5.080000 2.540000 0.000000 2.540000 95.169867 96.533057 97.943156 99.398168 100.896149 120.605413 119.561381 118.562579 117.610160 116.705259 74.491709 72.926899 71.418161 69.969121 68.583565 31.555730 30.754176 29.985003 29.250766 27.858515 26.947210 26.065939 25.217852 
79.618513 70.752565 135.173146 130.148366 17.038838 14.810618 12.700000 10.776307 9.158100 8.032185 7.620000 15.240000 12.700000 10.160000 7.620000 5.080000 2.540000 0.000000 93.021144 94.415363 95.856620 97.342824 98.871950 118.304857 117.240340 116.221593 115.249830 114.326248 72.529742 70.921656 69.369319 67.876555 66.447379 33.246518 32.387260 31.555730 30.754176 29.760103 28.797003 27.858515 26.947210 
163.657735 106.781987 129.553069 37.450446 109.979068 107.826291 105.690709 103.573385 101.475462 99.398168 97.342824 106.172987 103.941411 101.724303 99.522630 97.337439 95.169867 93.021144 0.000000 2.540000 5.080000 7.620000 10.160000 104.778121 102.336879 99.900562 97.469538 95.044214 99.504072 97.033511 94.566629 92.103723 89.645119 125.540995 124.519821 123.503262 122.491435 122.601477 121.555611 120.514052 119.476912 
165.604860 106.453313 132.004215 36.502756 111.334777 109.208728 107.100715 105.011824 102.943219 100.896149 98.871950 107.396605 105.190990 103.000783 100.826987 98.670688 96.533057 94.415363 2.540000 0.000000 2.540000 5.080000 7.620000 107.223950 104.778121 102.336879 99.900562 97.469538 101.978044 99.504072 97.033511 94.566629 92.103723 127.061425 126.052569 125.048471 124.049249 124.053941 123.020423 121.991371 120.966899 
167.567861 106.184398 134.458660 35.710918 112.731419 110.632213 108.551847 106.491424 104.452127 102.435215 100.442037 108.665825 106.486502 104.323497 102.177845 100.050664 97.943156 95.856620 5.080000 2.540000 0.000000 2.540000 5.080000 109.674061 107.223950 104.778121 102.336879 99.900562 104.455186 101.978044 99.504072 97.033511 94.566629 128.614048 127.617466 126.625778 125.639101 125.540995 124.519821 123.503262 122.491435 
169.546188 105.975696 136.916226 35.085486 114.167493 112.095183 110.042478 108.010495 106.000426 104.013541 102.051195 109.979068 107.826291 105.690709 103.573385 101.475462 99.398168 97.342824 7.620000 5.080000 2.540000 0.000000 2.540000 112.128173 109.674061 107.223950 104.778121 102.336879 106.935278 104.455186 101.978044 99.504072 97.033511 130.197711 129.213344 128.233999 127.259791 127.061425 126.052569 125.048471 124.049249 
171.539309 105.827562 139.376748 34.635476 115.641529 113.596113 111.571025 109.567394 107.586417 105.629368 103.697604 111.334777 109.208728 107.100715 105.011824 102.943219 100.896149 98.871950 10.160000 7.620000 5.080000 2.540000 0.000000 114.586028 112.128173 109.674061 107.223950 104.778121 109.418118 106.935278 104.455186 101.978044 99.504072 131.811297 130.839070 129.871985 128.910156 128.614048 127.617466 126.625778 125.639101 
136.458392 177.380178 24.795027 116.007018 129.513822 127.120760 124.733509 122.352410 119.977829 117.610160 115.249830 132.239729 129.896896 127.561610 125.234293 122.915399 120.605413 118.304857 104.778121 107.223950 109.674061 112.128173 114.586028 0.000000 2.540000 5.080000 7.620000 10.160000 51.563860 51.820296 52.199210 52.697963 53.313190 132.434298 131.190165 129.946533 128.703416 133.542364 132.308651 131.075632 129.843325 
136.930415 175.731538 27.273416 113.470146 128.692648 126.284026 123.880652 121.482838 119.090920 116.705259 114.326248 131.288248 128.928126 126.574967 124.229169 121.891154 119.561381 117.240340 102.336879 104.778121 107.223950 109.674061 112.128173 2.540000 0.000000 2.540000 5.080000 7.620000 51.431737 51.563860 51.820296 52.199210 52.697963 131.950135 130.701394 129.453067 128.205165 132.965227 131.726109 130.487585 129.249672 
137.447763 174.104344 29.762196 110.933418 127.916647 125.493132 123.074315 120.660478 118.251926 115.848990 113.452025 130.379314 128.002433 125.631937 123.268194 120.911599 118.562579 116.221593 99.900562 102.336879 104.778121 107.223950 109.674061 5.080000 2.540000 0.000000 2.540000 5.080000 51.424883 51.431737 51.563860 51.820296 52.199210 131.513256 130.260327 129.007731 127.755480 132.434298 131.190165 129.946533 128.703416 
138.009927 172.499202 32.258962 108.396843 127.186646 124.748949 122.315416 119.886301 117.461876 115.042438 112.628310 129.513822 127.120760 124.733509 122.352410 119.977829 117.610160 115.249830 97.469538 99.900562 102.336879 104.778121 107.223950 7.620000 5.080000 2.540000 0.000000 2.540000 51.543350 51.424883 51.431737 51.563860 51.820296 131.124131 129.867448 128.611026 127.354874 131.950135 130.701394 129.453067 128.205165 
138.616361 170.916735 34.761992 105.860432 126.503439 124.052318 121.604846 119.161245 116.721761 114.286657 111.856218 128.692648 126.284026 123.880652 121.482838 119.090920 116.705259 114.326248 95.044214 97.469538 99.900562 102.336879 104.778121 10.160000 7.620000 5.080000 2.540000 0.000000 51.786276 51.543350 51.424883 51.431737 51.563860 130.783188 129.523197 128.263403 127.003813 131.513256 130.260327 129.007731 127.755480 
87.522347 139.274339 63.636035 125.645235 80.817586 78.603530 76.409757 74.238063 72.090446 69.969121 67.876555 84.763311 82.655016 80.571631 78.515137 76.487706 74.491709 72.529742 99.504072 101.978044 104.455186 106.935278 109.418118 51.563860 51.431737 51.424883 51.543350 51.786276 0.000000 2.540000 5.080000 7.620000 10.160000 81.521989 80.302171 79.083932 77.867347 83.068857 81.872088 80.677558 79.485369 
88.370057 137.241564 64.796995 123.388130 79.621038 77.372750 75.143053 72.933652 70.746448 68.583565 66.447379 83.391467 81.247582 79.127148 77.032102 74.964572 72.926899 70.921656 97.033511 99.504072 101.978044 104.455186 106.935278 51.820296 51.563860 51.431737 51.424883 51.543350 2.540000 0.000000 2.540000 5.080000 7.620000 80.857217 79.627215 78.398488 77.171098 82.259852 81.051139 79.844328 78.639508 
89.282001 135.225944 66.035289 121.142229 78.488473 76.206779 73.941930 71.695524 69.469350 67.265415 65.085980 82.075319 79.896124 77.738836 75.605329 73.497674 71.418161 69.369319 94.566629 97.033511 99.504072 101.978044 104.455186 52.199210 51.820296 51.563860 51.431737 51.424883 5.080000 2.540000 0.000000 2.540000 5.080000 80.267349 79.028167 77.789979 76.552833 81.521989 80.302171 79.083932 77.867347 
90.256234 133.228255 67.346651 118.908164 77.422699 75.108635 72.809635 70.527173 68.262907 66.018709 63.796698 80.817586 78.603530 76.409757 74.238063 72.090446 69.969121 67.876555 92.103723 94.566629 97.033511 99.504072 101.978044 52.697963 52.199210 51.820296 51.563860 51.431737 7.620000 5.080000 2.540000 0.000000 2.540000 79.754050 78.506766 77.260222 76.014455 80.857217 79.627215 78.398488 77.171098 
91.290760 131.249316 68.726899 116.686618 76.426509 74.081334 71.749425 69.432119 67.130928 64.847568 62.583990 79.621038 77.372750 75.143053 72.933652 70.746448 68.583565 66.447379 89.645119 92.103723 94.566629 97.033511 99.504072 53.313190 52.697963 52.199210 51.820296 51.563860 10.160000 7.620000 5.080000 2.540000 0.000000 79.318805 78.064567 76.810847 75.557672 80.267349 79.028167 77.789979 76.552833 
50.804283 89.514888 144.597598 162.296967 18.202519 19.400581 20.840744 22.476519 24.268382 26.184309 28.199023 25.327412 26.201692 27.285210 28.554159 29.985003 31.555730 33.246518 125.540995 127.061425 128.614048 130.197711 131.811297 132.434298 131.950135 131.513256 131.124131 130.783188 81.521989 80.857217 80.267349 79.754050 79.318805 0.000000 1.270000 2.540000 3.810000 5.080000 5.236344 5.679613 6.350000 
50.933609 89.588350 143.408587 161.238527 17.710024 18.768171 20.093449 21.636829 23.355111 25.212562 27.180665 24.975809 25.736944 26.718772 27.898001 29.250766 30.754176 32.387260 124.519821 126.052569 127.617466 129.213344 130.839070 131.190165 130.701394 130.260327 129.867448 129.523197 80.302171 79.627215 79.028167 78.506766 78.064567 1.270000 0.000000 1.270000 2.540000 5.236344 5.080000 5.236344 5.679613 
51.094183 89.679739 142.220975 160.183163 17.296937 18.202519 19.400581 20.840744 22.476519 24.268382 26.184309 24.684613 25.327412 26.201692 27.285210 28.554159 29.985003 31.555730 123.503262 125.048471 126.625778 128.233999 129.871985 129.946533 129.453067 129.007731 128.611026 128.263403 79.083932 78.398488 77.789979 77.260222 76.810847 2.540000 1.270000 0.000000 1.270000 5.679613 5.236344 5.080000 5.236344 
51.285714 89.788999 141.034800 159.130936 16.969057 17.710024 18.768171 20.093449 21.636829 23.355111 25.212562 24.455981 24.975809 25.736944 26.718772 27.898001 29.250766 30.754176 122.491435 124.049249 125.639101 127.259791 128.910156 128.703416 128.205165 127.755480 127.354874 127.003813 77.867347 77.171098 76.552833 76.014455 75.557672 3.810000 2.540000 1.270000 0.000000 6.350000 5.679613 5.236344 5.080000 
55.865762 84.441834 146.452633 159.555049 13.750769 15.301454 17.090599 19.051137 21.135427 23.310297 25.552628 20.538026 21.606975 22.908851 24.406407 26.065939 27.858515 29.760103 122.601477 124.053941 125.540995 127.061425 128.614048 133.542364 132.965227 132.434298 131.950135 131.513256 83.068857 82.259852 81.521989 80.857217 80.267349 5.080000 5.236344 5.679613 6.350000 0.000000 1.270000 2.540000 3.810000 
55.983397 84.519706 145.278804 158.478298 13.091864 14.491245 16.170919 18.052820 20.080168 22.213177 24.424178 20.102830 21.040985 22.231183 23.635380 25.217852 26.947210 28.797003 121.555611 123.020423 124.519821 126.052569 127.617466 132.308651 131.726109 131.190165 130.701394 130.260327 81.872088 81.051139 80.302171 79.627215 79.028167 5.236344 5.080000 5.236344 5.679613 1.270000 0.000000 1.270000 2.540000 
56.129527 84.616569 144.106606 157.404428 12.527409 13.750769 15.301454 17.090599 19.051137 21.135427 23.310297 19.739880 20.538026 21.606975 22.908851 24.406407 26.065939 27.858515 120.514052 121.991371 123.503262 125.048471 126.625778 131.075632 130.487585 129.946533 129.453067 129.007731 80.677558 79.844328 79.083932 78.398488 77.789979 5.679613 5.236344 5.080000 5.236344 2.540000 1.270000 0.000000 1.270000 
56.303931 84.732359 142.936080 156.333499 12.070660 13.091864 14.491245 16.170919 18.052820 20.080168 22.213177 19.453219 20.102830 21.040985 22.231183 23.635380 25.217852 26.947210 119.476912 120.966899 122.491435 124.049249 125.639101 129.843325 129.249672 128.703416 128.205165 127.755480 79.485369 78.639508 77.867347 77.171098 76.552833 6.350000 5.679613 5.236344 5.080000 3.810000 2.540000 1.270000 0.000000 
