60
# Circuit board instance
Size: large
Nodes: 60
0.000000 115.000000 115.000000 162.634560 96.183153 96.429395 96.741721 97.119495 97.561955 98.068227 98.637328 103.778276 104.006537 104.296176 104.646681 105.057445 105.527763 106.056844 127.633967 129.394262 131.180119 132.990509 134.824443 136.680974 138.559193 133.268022 134.954848 136.668064 138.406689 140.169778 141.956419 143.765734 104.530916 106.586101 108.661791 110.756832 112.870147 115.000728 117.147633 109.224719 111.193182 113.184414 115.197234 117.230529 119.283252 121.354418 35.875647 36.931874 38.128307 39.452192 40.891153 42.433483 44.068331 43.004301 43.889306 44.900732 46.030244 47.269380 48.609756 50.043238 
115.000000 0.000000 162.634560 115.000000 20.784816 21.896069 23.232957 24.758957 26.441347 28.252202 30.168397 14.076228 15.670656 17.490052 19.471456 21.570268 23.755389 26.005073 90.596104 93.059655 95.527211 97.998469 100.473155 102.951023 105.431848 89.022414 91.528332 94.036079 96.545513 99.056504 101.568938 104.082710 99.428067 101.586540 103.762290 105.954254 108.161445 110.382950 112.617921 95.585916 97.829198 100.086661 102.357368 104.640456 106.935132 109.240666 83.078806 83.540345 84.076119 84.684718 85.364585 86.114031 86.931258 75.576424 76.083488 76.671387 77.338278 78.082137 78.900788 79.791927 
115.000000 162.634560 0.000000 115.000000 143.599828 141.718524 139.858044 138.019231 136.202963 134.410152 132.641752 148.793959 146.979154 145.186102 143.415619 141.668552 139.945778 138.248204 96.554630 95.869922 95.248048 94.690245 94.197651 93.771294 93.412082 103.888078 103.252013 102.674859 102.157616 101.701198 101.306425 100.974022 69.277918 68.184416 67.169207 66.235892 65.387977 64.628825 63.961595 76.175828 75.182720 74.263243 73.420162 72.656138 71.973689 71.375153 106.406817 103.995731 101.590927 99.192864 96.802041 94.419009 92.044372 109.017057 106.664989 104.321735 101.987902 99.664151 97.351205 95.049852 
162.634560 115.000000 115.000000 0.000000 108.635724 106.136467 103.639192 101.144045 98.651187 96.160796 93.673070 107.553949 105.028955 102.504701 99.981245 97.458649 94.936981 92.416317 35.213933 33.290636 31.454969 29.723171 28.114443 26.651081 25.358263 30.941189 28.733301 26.584793 24.511284 22.533487 20.678884 18.983615 61.307895 60.069482 58.914603 57.848263 56.875440 56.001010 55.229646 54.857861 53.470268 52.169506 50.962225 49.855216 48.855296 47.969163 130.143907 128.180100 126.236851 124.315124 122.415934 120.540346 118.689479 125.487627 123.449771 121.430846 119.431813 117.453688 115.497545 113.564520 
96.183153 20.784816 143.599828 108.635724 0.000000 2.540000 5.080000 7.620000 10.160000 12.700000 15.240000 7.620000 8.032185 9.158100 10.776307 12.700000 14.810618 17.038838 79.791851 82.329869 84.868005 87.406249 89.944592 92.483027 95.021545 79.849912 82.386141 84.922595 87.459255 89.996103 92.533125 95.070305 83.252480 85.579685 87.918670 90.268521 92.628411 94.997591 97.375383 80.458903 82.864601 85.278087 87.698720 90.125924 92.559180 94.998025 63.025053 63.309406 63.693860 64.176614 64.755471 65.427880 66.190989 55.441844 55.764878 56.200965 56.747498 57.401321 58.158818 59.015996 
96.429395 21.896069 141.718524 106.136467 2.540000 0.000000 2.540000 5.080000 7.620000 10.160000 12.700000 8.032185 7.620000 8.032185 9.158100 10.776307 12.700000 14.810618 77.253964 79.791851 82.329869 84.868005 87.406249 89.944592 92.483027 77.313931 79.849912 82.386141 84.922595 87.459255 89.996103 92.533125 80.938073 83.252480 85.579685 87.918670 90.268521 92.628411 94.997591 78.061715 80.458903 82.864601 85.278087 87.698720 90.125924 92.559180 62.842159 63.025053 63.309406 63.693860 64.176614 64.755471 65.427880 55.233845 55.441844 55.764878 56.200965 56.747498 57.401321 58.158818 
96.741721 23.232957 139.858044 103.639192 5.080000 2.540000 0.000000 2.540000 5.080000 7.620000 10.160000 9.158100 8.032185 7.620000 8.032185 9.158100 10.776307 12.700000 74.716221 77.253964 79.791851 82.329869 84.868005 87.406249 89.944592 74.778223 77.313931 79.849912 82.386141 84.922595 87.459255 89.996103 78.637594 80.938073 83.252480 85.579685 87.918670 90.268521 92.628411 75.673845 78.061715 80.458903 82.864601 85.278087 87.698720 90.125924 62.761610 62.842159 63.025053 63.309406 63.693860 64.176614 64.755471 55.142183 55.233845 55.441844 55.764878 56.200965 56.747498 57.401321 
97.119495 24.758957 138.019231 101.144045 7.620000 5.080000 2.540000 0.000000 2.540000 5.080000 7.620000 10.776307 9.158100 8.032185 7.620000 8.032185 9.158100 10.776307 72.178636 74.716221 77.253964 79.791851 82.329869 84.868005 87.406249 72.242816 74.778223 77.313931 79.849912 82.386141 84.922595 87.459255 76.352301 78.637594 80.938073 83.252480 85.579685 87.918670 90.268521 73.296203 75.673845 78.061715 80.458903 82.864601 85.278087 87.698720 62.783801 62.761610 62.842159 63.025053 63.309406 63.693860 64.176614 55.167439 55.142183 55.233845 55.441844 55.764878 56.200965 56.747498 
97.561955 26.441347 136.202963 98.651187 10.160000 7.620000 5.080000 2.540000 0.000000 2.540000 5.080000 12.700000 10.776307 9.158100 8.032185 7.620000 8.032185 9.158100 69.641228 72.178636 74.716221 77.253964 79.791851 82.329869 84.868005 69.707744 72.242816 74.778223 77.313931 79.849912 82.386141 84.922595 74.083599 76.352301 78.637594 80.938073 83.252480 85.579685 87.918670 70.929819 73.296203 75.673845 78.061715 80.458903 82.864601 85.278087 62.908623 62.783801 62.761610 62.842159 63.025053 63.309406 63.693860 55.309452 55.167439 55.142183 55.233845 55.441844 55.764878 56.200965 
98.068227 28.252202 134.410152 96.160796 12.700000 10.160000 7.620000 5.080000 2.540000 0.000000 2.540000 14.810618 12.700000 10.776307 9.158100 8.032185 7.620000 8.032185 67.104015 69.641228 72.178636 74.716221 77.253964 79.791851 82.329869 67.173044 69.707744 72.242816 74.778223 77.313931 79.849912 82.386141 71.833061 74.083599 76.352301 78.637594 80.938073 83.252480 85.579685 68.575858 70.929819 73.296203 75.673845 78.061715 80.458903 82.864601 63.135467 62.908623 62.783801 62.761610 62.842159 63.025053 63.309406 55.567328 55.309452 55.167439 55.142183 55.233845 55.441844 55.764878 
98.637328 30.168397 132.641752 93.673070 15.240000 12.700000 10.160000 7.620000 5.080000 2.540000 0.000000 17.038838 14.810618 12.700000 10.776307 9.158100 8.032185 7.620000 64.567022 67.104015 69.641228 72.178636 74.716221 77.253964 79.791851 64.638760 67.173044 69.707744 72.242816 74.778223 77.313931 79.849912 69.602449 71.833061 74.083599 76.352301 78.637594 80.938073 83.252480 66.235644 68.575858 70.929819 73.296203 75.673845 78.061715 80.458903 63.463240 63.135467 62.908623 62.783801 62.761610 62.842159 63.025053 55.939463 55.567328 55.309452 55.167439 55.142183 55.233845 55.441844 
103.778276 14.076228 148.793959 107.553949 7.620000 8.032185 9.158100 10.776307 12.700000 14.810618 17.038838 0.000000 2.540000 5.080000 7.620000 10.160000 12.700000 15.240000 80.458681 82.976305 85.495252 88.015409 90.536675 93.058960 95.582184 79.791851 82.329869 84.868005 87.406249 89.944592 92.483027 95.021545 86.628198 88.867044 91.121686 93.390980 95.673882 97.969441 100.276789 83.252480 85.579685 87.918670 90.268521 92.628411 94.997591 97.375383 70.616184 70.870086 71.213734 71.645837 72.164805 72.768781 73.455668 63.025053 63.309406 63.693860 64.176614 64.755471 65.427880 66.190989 
104.006537 15.670656 146.979154 105.028955 8.032185 7.620000 8.032185 9.158100 10.776307 12.700000 14.810618 2.540000 0.000000 2.540000 5.080000 7.620000 10.160000 12.700000 77.942510 80.458681 82.976305 85.495252 88.015409 90.536675 93.058960 77.253964 79.791851 82.329869 84.868005 87.406249 89.944592 92.483027 84.406403 86.628198 88.867044 91.121686 93.390980 95.673882 97.969441 80.938073 83.252480 85.579685 87.918670 90.268521 92.628411 94.997591 70.452999 70.616184 70.870086 71.213734 71.645837 72.164805 72.768781 62.842159 63.025053 63.309406 63.693860 64.176614 64.755471 65.427880 
104.296176 17.490052 145.186102 102.504701 9.158100 8.032185 7.620000 8.032185 9.158100 10.776307 12.700000 5.080000 2.540000 0.000000 2.540000 5.080000 7.620000 10.160000 75.427936 77.942510 80.458681 82.976305 85.495252 88.015409 90.536675 74.716221 77.253964 79.791851 82.329869 84.868005 87.406249 89.944592 82.203043 84.406403 86.628198 88.867044 91.121686 93.390980 95.673882 78.637594 80.938073 83.252480 85.579685 87.918670 90.268521 92.628411 70.381161 70.452999 70.616184 70.870086 71.213734 71.645837 72.164805 62.761610 62.842159 63.025053 63.309406 63.693860 64.176614 64.755471 
104.646681 19.471456 143.415619 99.981245 10.776307 9.158100 8.032185 7.620000 8.032185 9.158100 10.776307 7.620000 5.080000 2.540000 0.000000 2.540000 5.080000 7.620000 72.915125 75.427936 77.942510 80.458681 82.976305 85.495252 88.015409 72.178636 74.716221 77.253964 79.791851 82.329869 84.868005 87.406249 80.019641 82.203043 84.406403 86.628198 88.867044 91.121686 93.390980 76.352301 78.637594 80.938073 83.252480 85.579685 87.918670 90.268521 70.400950 70.381161 70.452999 70.616184 70.870086 71.213734 71.645837 62.783801 62.761610 62.842159 63.025053 63.309406 63.693860 64.176614 
105.057445 21.570268 141.668552 97.458649 12.700000 10.776307 9.158100 8.032185 7.620000 8.032185 9.158100 10.160000 7.620000 5.080000 2.540000 0.000000 2.540000 5.080000 70.404265 72.915125 75.427936 77.942510 80.458681 82.976305 85.495252 69.641228 72.178636 74.716221 77.253964 79.791851 82.329869 84.868005 77.857876 80.019641 82.203043 84.406403 86.628198 88.867044 91.121686 74.083599 76.352301 78.637594 80.938073 83.252480 85.579685 87.918670 70.512289 70.400950 70.381161 70.452999 70.616184 70.870086 71.213734 62.908623 62.783801 62.761610 62.842159 63.025053 63.309406 63.693860 
105.527763 23.755389 139.945778 94.936981 14.810618 12.700000 10.776307 9.158100 8.032185 7.620000 8.032185 12.700000 10.160000 7.620000 5.080000 2.540000 0.000000 2.540000 67.895572 70.404265 72.915125 75.427936 77.942510 80.458681 82.976305 67.104015 69.641228 72.178636 74.716221 77.253964 79.791851 82.329869 75.719600 77.857876 80.019641 82.203043 84.406403 86.628198 88.867044 71.833061 74.083599 76.352301 78.637594 80.938073 83.252480 85.579685 70.714746 70.512289 70.400950 70.381161 70.452999 70.616184 70.870086 63.135467 62.908623 62.783801 62.761610 62.842159 63.025053 63.309406 
106.056844 26.005073 138.248204 92.416317 17.038838 14.810618 12.700000 10.776307 9.158100 8.032185 7.620000 15.240000 12.700000 10.160000 7.620000 5.080000 2.540000 0.000000 65.389297 67.895572 70.404265 72.915125 75.427936 77.942510 80.458681 64.567022 67.104015 69.641228 72.178636 74.716221 77.253964 79.791851 73.606862 75.719600 77.857876 80.019641 82.203043 84.406403 86.628198 69.602449 71.833061 74.083599 76.352301 78.637594 80.938073 83.252480 71.007541 70.714746 70.512289 70.400950 70.381161 70.452999 70.616184 63.463240 63.135467 62.908623 62.783801 62.761610 62.842159 63.025053 
127.633967 90.596104 96.554630 35.213933 79.791851 77.253964 74.716221 72.178636 69.641228 67.104015 64.567022 80.458681 77.942510 75.427936 72.915125 70.404265 67.895572 65.389297 0.000000 2.540000 5.080000 7.620000 10.160000 12.700000 15.240000 7.620000 8.032185 9.158100 10.776307 12.700000 14.810618 17.038838 30.834642 30.637656 30.650611 30.873244 31.301080 31.925871 32.736341 23.285838 23.024358 23.041595 23.336930 23.900057 24.712675 25.751177 94.931191 92.966868 91.031034 89.125547 87.252393 85.413702 83.611745 90.345820 88.279526 86.238538 84.224695 82.239992 80.286590 78.366830 
129.394262 93.059655 95.869922 33.290636 82.329869 79.791851 77.253964 74.716221 72.178636 69.641228 67.104015 82.976305 80.458681 77.942510 75.427936 72.915125 70.404265 67.895572 2.540000 0.000000 2.540000 5.080000 7.620000 10.160000 12.700000 8.032185 7.620000 8.032185 9.158100 10.776307 12.700000 14.810618 31.237598 30.834642 30.637656 30.650611 30.873244 31.301080 31.925871 23.816856 23.285838 23.024358 23.041595 23.336930 23.900057 24.712675 96.922272 94.931191 92.966868 91.031034 89.125547 87.252393 85.413702 92.435723 90.345820 88.279526 86.238538 84.224695 82.239992 80.286590 
131.180119 95.527211 95.248048 31.454969 84.868005 82.329869 79.791851 77.253964 74.716221 72.178636 69.641228 85.495252 82.976305 80.458681 77.942510 75.427936 72.915125 70.404265 5.080000 2.540000 0.000000 2.540000 5.080000 7.620000 10.160000 9.158100 8.032185 7.620000 8.032185 9.158100 10.776307 12.700000 31.838705 31.237598 30.834642 30.637656 30.650611 30.873244 31.301080 24.599964 23.816856 23.285838 23.024358 23.041595 23.336930 23.900057 98.938494 96.922272 94.931191 92.966868 91.031034 89.125547 87.252393 94.547670 92.435723 90.345820 88.279526 86.238538 84.224695 82.239992 
132.990509 97.998469 94.690245 29.723171 87.406249 84.868005 82.329869 79.791851 77.253964 74.716221 72.178636 88.015409 85.495252 82.976305 80.458681 77.942510 75.427936 72.915125 7.620000 5.080000 2.540000 0.000000 2.540000 5.080000 7.620000 10.776307 9.158100 8.032185 7.620000 8.032185 9.158100 10.776307 32.627012 31.838705 31.237598 30.834642 30.637656 30.650611 30.873244 25.612048 24.599964 23.816856 23.285838 23.024358 23.041595 23.336930 100.978353 98.938494 96.922272 94.931191 92.966868 91.031034 89.125547 96.680215 94.547670 92.435723 90.345820 88.279526 86.238538 84.224695 
134.824443 100.473155 94.197651 28.114443 89.944592 87.406249 84.868005 82.329869 79.791851 77.253964 74.716221 90.536675 88.015409 85.495252 82.976305 80.458681 77.942510 75.427936 10.160000 7.620000 5.080000 2.540000 0.000000 2.540000 5.080000 12.700000 10.776307 9.158100 8.032185 7.620000 8.032185 9.158100 33.589342 32.627012 31.838705 31.237598 30.834642 30.637656 30.650611 26.827206 25.612048 24.599964 23.816856 23.285838 23.024358 23.041595 103.040444 100.978353 98.938494 96.922272 94.931191 92.966868 91.031034 98.832025 96.680215 94.547670 92.435723 90.345820 88.279526 86.238538 
136.680974 102.951023 93.771294 26.651081 92.483027 89.944592 87.406249 84.868005 82.329869 79.791851 77.253964 93.058960 90.536675 88.015409 85.495252 82.976305 80.458681 77.942510 12.700000 10.160000 7.620000 5.080000 2.540000 0.000000 2.540000 14.810618 12.700000 10.776307 9.158100 8.032185 7.620000 8.032185 34.711224 33.589342 32.627012 31.838705 31.237598 30.834642 30.637656 28.219217 26.827206 25.612048 24.599964 23.816856 23.285838 23.024358 105.123459 103.040444 100.978353 98.938494 96.922272 94.931191 92.966868 101.001870 98.832025 96.680215 94.547670 92.435723 90.345820 88.279526 
138.559193 105.431848 93.412082 25.358263 95.021545 92.483027 89.944592 87.406249 84.868005 82.329869 79.791851 95.582184 93.058960 90.536675 88.015409 85.495252 82.976305 80.458681 15.240000 12.700000 10.160000 7.620000 5.080000 2.540000 0.000000 17.038838 14.810618 12.700000 10.776307 9.158100 8.032185 7.620000 35.977736 34.711224 33.589342 32.627012 31.838705 31.237598 30.834642 29.763276 28.219217 26.827206 25.612048 24.599964 23.816856 23.285838 107.226178 105.123459 103.040444 100.978353 98.938494 96.922272 94.931191 103.188611 101.001870 98.832025 96.680215 94.547670 92.435723 90.345820 
133.268022 89.022414 103.888078 30.941189 79.849912 77.313931 74.778223 72.242816 69.707744 67.173044 64.638760 79.791851 77.253964 74.716221 72.178636 69.641228 67.104015 64.567022 7.620000 8.032185 9.158100 10.776307 12.700000 14.810618 17.038838 0.000000 2.540000 5.080000 7.620000 10.160000 12.700000 15.240000 38.411572 38.253623 38.264000 38.442566 38.786999 39.292937 39.954245 30.834642 30.637656 30.650611 30.873244 31.301080 31.925871 32.736341 99.888056 98.023115 96.189094 94.387794 92.621125 90.891106 89.199869 94.931191 92.966868 91.031034 89.125547 87.252393 85.413702 83.611745 
134.954848 91.528332 103.252013 28.733301 82.386141 79.849912 77.313931 74.778223 72.242816 69.707744 67.173044 82.329869 79.791851 77.253964 74.716221 72.178636 69.641228 67.104015 8.032185 7.620000 8.032185 9.158100 10.776307 12.700000 14.810618 2.540000 0.000000 2.540000 5.080000 7.620000 10.160000 12.700000 38.735787 38.411572 38.253623 38.264000 38.442566 38.786999 39.292937 31.237598 30.834642 30.637656 30.650611 30.873244 31.301080 31.925871 101.782215 99.888056 98.023115 96.189094 94.387794 92.621125 90.891106 96.922272 94.931191 92.966868 91.031034 89.125547 87.252393 85.413702 
136.668064 94.036079 102.674859 26.584793 84.922595 82.386141 79.849912 77.313931 74.778223 72.242816 69.707744 84.868005 82.329869 79.791851 77.253964 74.716221 72.178636 69.641228 9.158100 8.032185 7.620000 8.032185 9.158100 10.776307 12.700000 5.080000 2.540000 0.000000 2.540000 5.080000 7.620000 10.160000 39.222147 38.735787 38.411572 38.253623 38.264000 38.442566 38.786999 31.838705 31.237598 30.834642 30.637656 30.650611 30.873244 31.301080 103.703994 101.782215 99.888056 98.023115 96.189094 94.387794 92.621125 98.938494 96.922272 94.931191 92.966868 91.031034 89.125547 87.252393 
138.406689 96.545513 102.157616 24.511284 87.459255 84.922595 82.386141 79.849912 77.313931 74.778223 72.242816 87.406249 84.868005 82.329869 79.791851 77.253964 74.716221 72.178636 10.776307 9.158100 8.032185 7.620000 8.032185 9.158100 10.776307 7.620000 5.080000 2.540000 0.000000 2.540000 5.080000 7.620000 39.864716 39.222147 38.735787 38.411572 38.253623 38.264000 38.442566 32.627012 31.838705 31.237598 30.834642 30.637656 30.650611 30.873244 105.651883 103.703994 101.782215 99.888056 98.023115 96.189094 94.387794 100.978353 98.938494 96.922272 94.931191 92.966868 91.031034 89.125547 
140.169778 99.056504 101.701198 22.533487 89.996103 87.459255 84.922595 82.386141 79.849912 77.313931 74.778223 89.944592 87.406249 84.868005 82.329869 79.791851 77.253964 74.716221 12.700000 10.776307 9.158100 8.032185 7.620000 8.032185 9.158100 10.160000 7.620000 5.080000 2.540000 0.000000 2.540000 5.080000 40.656089 39.864716 39.222147 38.735787 38.411572 38.253623 38.264000 33.589342 32.627012 31.838705 31.237598 30.834642 30.637656 30.650611 107.624466 105.651883 103.703994 101.782215 99.888056 98.023115 96.189094 103.040444 100.978353 98.938494 96.922272 94.931191 92.966868 91.031034 
141.956419 101.568938 101.306425 20.678884 92.533125 89.996103 87.459255 84.922595 82.386141 79.849912 77.313931 92.483027 89.944592 87.406249 84.868005 82.329869 79.791851 77.253964 14.810618 12.700000 10.776307 9.158100 8.032185 7.620000 8.032185 12.700000 10.160000 7.620000 5.080000 2.540000 0.000000 2.540000 41.587772 40.656089 39.864716 39.222147 38.735787 38.411572 38.253623 34.711224 33.589342 32.627012 31.838705 31.237598 30.834642 30.637656 109.620410 107.624466 105.651883 103.703994 101.782215 99.888056 98.023115 105.123459 103.040444 100.978353 98.938494 96.922272 94.931191 92.966868 
143.765734 104.082710 100.974022 18.983615 95.070305 92.533125 89.996103 87.459255 84.922595 82.386141 79.849912 95.021545 92.483027 89.944592 87.406249 84.868005 82.329869 79.791851 17.038838 14.810618 12.700000 10.776307 9.158100 8.032185 7.620000 15.240000 12.700000 10.160000 7.620000 5.080000 2.540000 0.000000 42.650570 41.587772 40.656089 39.864716 39.222147 38.735787 38.411572 35.977736 34.711224 33.589342 32.627012 31.838705 31.237598 30.834642 111.638461 109.620410 107.624466 105.651883 103.703994 101.782215 99.888056 107.226178 105.123459 103.040444 100.978353 98.938494 96.922272 94.931191 
104.530916 99.428067 69.277918 61.307895 83.252480 80.938073 78.637594 76.352301 74.083599 71.833061 69.602449 86.628198 84.406403 82.203043 80.019641 77.857876 75.719600 73.606862 30.834642 31.237598 31.838705 32.627012 33.589342 34.711224 35.977736 38.411572 38.735787 39.222147 39.864716 40.656089 41.587772 42.650570 0.000000 2.540000 5.080000 7.620000 10.160000 12.700000 15.240000 7.620000 8.032185 9.158100 10.776307 12.700000 14.810618 17.038838 75.997499 73.655197 71.326430 69.012566 66.715156 64.435962 62.176985 73.434769 71.007982 68.589394 66.179904 63.780542 61.392497 59.017141 
106.586101 101.586540 68.184416 60.069482 85.579685 83.252480 80.938073 78.637594 76.352301 74.083599 71.833061 88.867044 86.628198 84.406403 82.203043 80.019641 77.857876 75.719600 30.637656 30.834642 31.237598 31.838705 32.627012 33.589342 34.711224 38.253623 38.411572 38.735787 39.222147 39.864716 40.656089 41.587772 2.540000 0.000000 2.540000 5.080000 7.620000 10.160000 12.700000 8.032185 7.620000 8.032185 9.158100 10.776307 12.700000 14.810618 78.352120 75.997499 73.655197 71.326430 69.012566 66.715156 64.435962 75.868967 73.434769 71.007982 68.589394 66.179904 63.780542 61.392497 
108.661791 103.762290 67.169207 58.914603 87.918670 85.579685 83.252480 80.938073 78.637594 76.352301 74.083599 91.121686 88.867044 86.628198 84.406403 82.203043 80.019641 77.857876 30.650611 30.637656 30.834642 31.237598 31.838705 32.627012 33.589342 38.264000 38.253623 38.411572 38.735787 39.222147 39.864716 40.656089 5.080000 2.540000 0.000000 2.540000 5.080000 7.620000 10.160000 9.158100 8.032185 7.620000 8.032185 9.158100 10.776307 12.700000 80.717984 78.352120 75.997499 73.655197 71.326430 69.012566 66.715156 78.309887 75.868967 73.434769 71.007982 68.589394 66.179904 63.780542 
110.756832 105.954254 66.235892 57.848263 90.268521 87.918670 85.579685 83.252480 80.938073 78.637594 76.352301 93.390980 91.121686 88.867044 86.628198 84.406403 82.203043 80.019641 30.873244 30.650611 30.637656 30.834642 31.237598 31.838705 32.627012 38.442566 38.264000 38.253623 38.411572 38.735787 39.222147 39.864716 7.620000 5.080000 2.540000 0.000000 2.540000 5.080000 7.620000 10.776307 9.158100 8.032185 7.620000 8.032185 9.158100 10.776307 83.094129 80.717984 78.352120 75.997499 73.655197 71.326430 69.012566 80.756917 78.309887 75.868967 73.434769 71.007982 68.589394 66.179904 
112.870147 108.161445 65.387977 56.875440 92.628411 90.268521 87.918670 85.579685 83.252480 80.938073 78.637594 95.673882 93.390980 91.121686 88.867044 86.628198 84.406403 82.203043 31.301080 30.873244 30.650611 30.637656 30.834642 31.237598 31.838705 38.786999 38.442566 38.264000 38.253623 38.411572 38.735787 39.222147 10.160000 7.620000 5.080000 2.540000 0.000000 2.540000 5.080000 12.700000 10.776307 9.158100 8.032185 7.620000 8.032185 9.158100 85.479698 83.094129 80.717984 78.352120 75.997499 73.655197 71.326430 83.209520 80.756917 78.309887 75.868967 73.434769 71.007982 68.589394 
115.000728 110.382950 64.628825 56.001010 94.997591 92.628411 90.268521 87.918670 85.579685 83.252480 80.938073 97.969441 95.673882 93.390980 91.121686 88.867044 86.628198 84.406403 31.925871 31.301080 30.873244 30.650611 30.637656 30.834642 31.237598 39.292937 38.786999 38.442566 38.264000 38.253623 38.411572 38.735787 12.700000 10.160000 7.620000 5.080000 2.540000 0.000000 2.540000 14.810618 12.700000 10.776307 9.158100 8.032185 7.620000 8.032185 87.873924 85.479698 83.094129 80.717984 78.352120 75.997499 73.655197 85.667216 83.209520 80.756917 78.309887 75.868967 73.434769 71.007982 
117.147633 112.617921 63.961595 55.229646 97.375383 94.997591 92.628411 90.268521 87.918670 85.579685 83.252480 100.276789 97.969441 95.673882 93.390980 91.121686 88.867044 86.628198 32.736341 31.925871 31.301080 30.873244 30.650611 30.637656 30.834642 39.954245 39.292937 38.786999 38.442566 38.264000 38.253623 38.411572 15.240000 12.700000 10.160000 7.620000 5.080000 2.540000 0.000000 17.038838 14.810618 12.700000 10.776307 9.158100 8.032185 7.620000 90.276118 87.873924 85.479698 83.094129 80.717984 78.352120 75.997499 88.129580 85.667216 83.209520 80.756917 78.309887 75.868967 73.434769 
109.224719 95.585916 76.175828 54.857861 80.458903 78.061715 75.673845 73.296203 70.929819 68.575858 66.235644 83.252480 80.938073 78.637594 76.352301 74.083599 71.833061 69.602449 23.285838 23.816856 24.599964 25.612048 26.827206 28.219217 29.763276 30.834642 31.237598 31.838705 32.627012 33.589342 34.711224 35.977736 7.620000 8.032185 9.158100 10.776307 12.700000 14.810618 17.038838 0.000000 2.540000 5.080000 7.620000 10.160000 12.700000 15.240000 79.213024 76.968639 74.743180 72.538387 70.356204 68.198801 66.068607 75.997499 73.655197 71.326430 69.012566 66.715156 64.435962 62.176985 
111.193182 97.829198 75.182720 53.470268 82.864601 80.458903 78.061715 75.673845 73.296203 70.929819 68.575858 85.579685 83.252480 80.938073 78.637594 76.352301 74.083599 71.833061 23.024358 23.285838 23.816856 24.599964 25.612048 26.827206 28.219217 30.637656 30.834642 31.237598 31.838705 32.627012 33.589342 34.711224 8.032185 7.620000 8.032185 9.158100 10.776307 12.700000 14.810618 2.540000 0.000000 2.540000 5.080000 7.620000 10.160000 12.700000 81.474770 79.213024 76.968639 74.743180 72.538387 70.356204 68.198801 78.352120 75.997499 73.655197 71.326430 69.012566 66.715156 64.435962 
113.184414 100.086661 74.263243 52.169506 85.278087 82.864601 80.458903 78.061715 75.673845 73.296203 70.929819 87.918670 85.579685 83.252480 80.938073 78.637594 76.352301 74.083599 23.041595 23.024358 23.285838 23.816856 24.599964 25.612048 26.827206 30.650611 30.637656 30.834642 31.237598 31.838705 32.627012 33.589342 9.158100 8.032185 7.620000 8.032185 9.158100 10.776307 12.700000 5.080000 2.540000 0.000000 2.540000 5.080000 7.620000 10.160000 83.752470 81.474770 79.213024 76.968639 74.743180 72.538387 70.356204 80.717984 78.352120 75.997499 73.655197 71.326430 69.012566 66.715156 
115.197234 102.357368 73.420162 50.962225 87.698720 85.278087 82.864601 80.458903 78.061715 75.673845 73.296203 90.268521 87.918670 85.579685 83.252480 80.938073 78.637594 76.352301 23.336930 23.041595 23.024358 23.285838 23.816856 24.599964 25.612048 30.873244 30.650611 30.637656 30.834642 31.237598 31.838705 32.627012 10.776307 9.158100 8.032185 7.620000 8.032185 9.158100 10.776307 7.620000 5.080000 2.540000 0.000000 2.540000 5.080000 7.620000 86.044858 83.752470 81.474770 79.213024 76.968639 74.743180 72.538387 83.094129 80.717984 78.352120 75.997499 73.655197 71.326430 69.012566 
117.230529 104.640456 72.656138 49.855216 90.125924 87.698720 85.278087 82.864601 80.458903 78.061715 75.673845 92.628411 90.268521 87.918670 85.579685 83.252480 80.938073 78.637594 23.900057 23.336930 23.041595 23.024358 23.285838 23.816856 24.599964 31.301080 30.873244 30.650611 30.637656 30.834642 31.237598 31.838705 12.700000 10.776307 9.158100 8.032185 7.620000 8.032185 9.158100 10.160000 7.620000 5.080000 2.540000 0.000000 2.540000 5.080000 88.350790 86.044858 83.752470 81.474770 79.213024 76.968639 74.743180 85.479698 83.094129 80.717984 78.352120 75.997499 73.655197 71.326430 
119.283252 106.935132 71.973689 48.855296 92.559180 90.125924 87.698720 85.278087 82.864601 80.458903 78.061715 94.997591 92.628411 90.268521 87.918670 85.579685 83.252480 80.938073 24.712675 23.900057 23.336930 23.041595 23.024358 23.285838 23.816856 31.925871 31.301080 30.873244 30.650611 30.637656 30.834642 31.237598 14.810618 12.700000 10.776307 9.158100 8.032185 7.620000 8.032185 12.700000 10.160000 7.620000 5.080000 2.540000 0.000000 2.540000 90.669233 88.350790 86.044858 83.752470 81.474770 79.213024 76.968639 87.873924 85.479698 83.094129 80.717984 78.352120 75.997499 73.655197 
121.354418 109.240666 71.375153 47.969163 94.998025 92.559180 90.125924 87.698720 85.278087 82.864601 80.458903 97.375383 94.997591 92.628411 90.268521 87.918670 85.579685 83.252480 25.751177 24.712675 23.900057 23.336930 23.041595 23.024358 23.285838 32.736341 31.925871 31.301080 30.873244 30.650611 30.637656 30.834642 17.038838 14.810618 12.700000 10.776307 9.158100 8.032185 7.620000 15.240000 12.700000 10.160000 7.620000 5.080000 2.540000 0.000000 92.999251 90.669233 88.350790 86.044858 83.752470 81.474770 79.213024 90.276118 87.873924 85.479698 83.094129 80.717984 78.352120 75.997499 
35.875647 83.078806 106.406817 130.143907 63.025053 62.842159 62.761610 62.783801 62.908623 63.135467 63.463240 70.616184 70.452999 70.381161 70.400950 70.512289 70.714746 71.007541 94.931191 96.922272 98.938494 100.978353 103.040444 105.123459 107.226178 99.888056 101.782215 103.703994 105.651883 107.624466 109.620410 111.638461 75.997499 78.352120 80.717984 83.094129 85.479698 87.873924 90.276118 79.213024 81.474770 83.752470 86.044858 88.350790 90.669233 92.999251 0.000000 2.540000 5.080000 7.620000 10.160000 12.700000 15.240000 7.620000 8.032185 9.158100 10.776307 12.700000 14.810618 17.038838 
36.931874 83.540345 103.995731 128.180100 63.309406 63.025053 62.842159 62.761610 62.783801 62.908623 63.135467 70.870086 70.616184 70.452999 70.381161 70.400950 70.512289 70.714746 92.966868 94.931191 96.922272 98.938494 100.978353 103.040444 105.123459 98.023115 99.888056 101.782215 103.703994 105.651883 107.624466 109.620410 73.655197 75.997499 78.352120 80.717984 83.094129 85.479698 87.873924 76.968639 79.213024 81.474770 83.752470 86.044858 88.350790 90.669233 2.540000 0.000000 2.540000 5.080000 7.620000 10.160000 12.700000 8.032185 7.620000 8.032185 9.158100 10.776307 12.700000 14.810618 
38.128307 84.076119 101.590927 126.236851 63.693860 63.309406 63.025053 62.842159 62.761610 62.783801 62.908623 71.213734 70.870086 70.616184 70.452999 70.381161 70.400950 70.512289 91.031034 92.966868 94.931191 96.922272 98.938494 100.978353 103.040444 96.189094 98.023115 99.888056 101.782215 103.703994 105.651883 107.624466 71.326430 73.655197 75.997499 78.352120 80.717984 83.094129 85.479698 74.743180 76.968639 79.213024 81.474770 83.752470 86.044858 88.350790 5.080000 2.540000 0.000000 2.540000 5.080000 7.620000 10.160000 9.158100 8.032185 7.620000 8.032185 9.158100 10.776307 12.700000 
39.452192 84.684718 99.192864 124.315124 64.176614 63.693860 63.309406 63.025053 62.842159 62.761610 62.783801 71.645837 71.213734 70.870086 70.616184 70.452999 70.381161 70.400950 89.125547 91.031034 92.966868 94.931191 96.922272 98.938494 100.978353 94.387794 96.189094 98.023115 99.888056 101.782215 103.703994 105.651883 69.012566 71.326430 73.655197 75.997499 78.352120 80.717984 83.094129 72.538387 74.743180 76.968639 79.213024 81.474770 83.752470 86.044858 7.620000 5.080000 2.540000 0.000000 2.540000 5.080000 7.620000 10.776307 9.158100 8.032185 7.620000 8.032185 9.158100 10.776307 
40.891153 85.364585 96.802041 122.415934 64.755471 64.176614 63.693860 63.309406 63.025053 62.842159 62.761610 72.164805 71.645837 71.213734 70.870086 70.616184 70.452999 70.381161 87.252393 89.125547 91.031034 92.966868 94.931191 96.922272 98.938494 92.621125 94.387794 96.189094 98.023115 99.888056 101.782215 103.703994 66.715156 69.012566 71.326430 73.655197 75.997499 78.352120 80.717984 70.356204 72.538387 74.743180 76.968639 79.213024 81.474770 83.752470 10.160000 7.620000 5.080000 2.540000 0.000000 2.540000 5.080000 12.700000 10.776307 9.158100 8.032185 7.620000 8.032185 9.158100 
42.433483 86.114031 94.419009 120.540346 65.427880 64.755471 64.176614 63.693860 63.309406 63.025053 62.842159 72.768781 72.164805 71.645837 71.213734 70.870086 70.616184 70.452999 85.413702 87.252393 89.125547 91.031034 92.966868 94.931191 96.922272 90.891106 92.621125 94.387794 96.189094 98.023115 99.888056 101.782215 64.435962 66.715156 69.012566 71.326430 73.655197 75.997499 78.352120 68.198801 70.356204 72.538387 74.743180 76.968639 79.213024 81.474770 12.700000 10.160000 7.620000 5.080000 2.540000 0.000000 2.540000 14.810618 12.700000 10.776307 9.158100 8.032185 7.620000 8.032185 
44.068331 86.931258 92.044372 118.689479 66.190989 65.427880 64.755471 64.176614 63.693860 63.309406 63.025053 73.455668 72.768781 72.164805 71.645837 71.213734 70.870086 70.616184 83.611745 85.413702 87.252393 89.125547 91.031034 92.966868 94.931191 89.199869 90.891106 92.621125 94.387794 96.189094 98.023115 99.888056 62.176985 64.435962 66.715156 69.012566 71.326430 73.655197 75.997499 66.068607 68.198801 70.356204 72.538387 74.743180 76.968639 79.213024 15.240000 12.700000 10.160000 7.620000 5.080000 2.540000 0.000000 17.038838 14.810618 12.700000 10.776307 9.158100 8.032185 7.620000 
43.004301 75.576424 109.017057 125.487627 55.441844 55.233845 55.142183 55.167439 55.309452 55.567328 55.939463 63.025053 62.842159 62.761610 62.783801 62.908623 63.135467 63.463240 90.345820 92.435723 94.547670 96.680215 98.832025 101.001870 103.188611 94.931191 96.922272 98.938494 100.978353 103.040444 105.123459 107.226178 73.434769 75.868967 78.309887 80.756917 83.209520 85.667216 88.129580 75.997499 78.352120 80.717984 83.094129 85.479698 87.873924 90.276118 7.620000 8.032185 9.158100 10.776307 12.700000 14.810618 17.038838 0.000000 2.540000 5.080000 7.620000 10.160000 12.700000 15.240000 
43.889306 76.083488 106.664989 123.449771 55.764878 55.441844 55.233845 55.142183 55.167439 55.309452 55.567328 63.309406 63.025053 62.842159 62.761610 62.783801 62.908623 63.135467 88.279526 90.345820 92.435723 94.547670 96.680215 98.832025 101.001870 92.966868 94.931191 96.922272 98.938494 100.978353 103.040444 105.123459 71.007982 73.434769 75.868967 78.309887 80.756917 83.209520 85.667216 73.655197 75.997499 78.352120 80.717984 83.094129 85.479698 87.873924 8.032185 7.620000 8.032185 9.158100 10.776307 12.700000 14.810618 2.540000 0.000000 2.540000 5.080000 7.620000 10.160000 12.700000 
44.900732 76.671387 104.321735 121.430846 56.200965 55.764878 55.441844 55.233845 55.142183 55.167439 55.309452 63.693860 63.309406 63.025053 62.842159 62.761610 62.783801 62.908623 86.238538 88.279526 90.345820 92.435723 94.547670 96.680215 98.832025 91.031034 92.966868 94.931191 96.922272 98.938494 100.978353 103.040444 68.589394 71.007982 73.434769 75.868967 78.309887 80.756917 83.209520 71.326430 73.655197 75.997499 78.352120 80.717984 83.094129 85.479698 9.158100 8.032185 7.620000 8.032185 9.158100 10.776307 12.700000 5.080000 2.540000 0.000000 2.540000 5.080000 7.620000 10.160000 
46.030244 77.338278 101.987902 119.431813 56.747498 56.200965 55.764878 55.441844 55.233845 55.142183 55.167439 64.176614 63.693860 63.309406 63.025053 62.842159 62.761610 62.783801 84.224695 86.238538 88.279526 90.345820 92.435723 94.547670 96.680215 89.125547 91.031034 92.966868 94.931191 96.922272 98.938494 100.978353 66.179904 68.589394 71.007982 73.434769 75.868967 78.309887 80.756917 69.012566 71.326430 73.655197 75.997499 78.352120 80.717984 83.094129 10.776307 9.158100 8.032185 7.620000 8.032185 9.158100 10.776307 7.620000 5.080000 2.540000 0.000000 2.540000 5.080000 7.620000 
47.269380 78.082137 99.664151 117.453688 57.401321 56.747498 56.200965 55.764878 55.441844 55.233845 55.142183 64.755471 64.176614 63.693860 63.309406 63.025053 62.842159 62.761610 82.239992 84.224695 86.238538 88.279526 90.345820 92.435723 94.547670 87.252393 89.125547 91.031034 92.966868 94.931191 96.922272 98.938494 63.780542 66.179904 68.589394 71.007982 73.434769 75.868967 78.309887 66.715156 69.012566 71.326430 73.655197 75.997499 78.352120 80.717984 12.700000 10.776307 9.158100 8.032185 7.620000 8.032185 9.158100 10.160000 7.620000 5.080000 2.540000 0.000000 2.540000 5.080000 
48.609756 78.900788 97.351205 115.497545 58.158818 57.401321 56.747498 56.200965 55.764878 55.441844 55.233845 65.427880 64.755471 64.176614 63.693860 63.309406 63.025053 62.842159 80.286590 82.239992 84.224695 86.238538 88.279526 90.345820 92.435723 85.413702 87.252393 89.125547 91.031034 92.966868 94.931191 96.922272 61.392497 63.780542 66.179904 68.589394 71.007982 73.434769 75.868967 64.435962 66.715156 69.012566 71.326430 73.655197 75.997499 78.352120 14.810618 12.700000 10.776307 9.158100 8.032185 7.620000 8.032185 12.700000 10.160000 7.620000 5.080000 2.540000 0.000000 2.540000 
50.043238 79.791927 95.049852 113.564520 59.015996 58.158818 57.401321 56.747498 56.200965 55.764878 55.441844 66.190989 65.427880 64.755471 64.176614 63.693860 63.309406 63.025053 78.366830 80.286590 82.239992 84.224695 86.238538 88.279526 90.345820 83.611745 85.413702 87.252393 89.125547 91.031034 92.966868 94.931191 59.017141 61.392497 63.780542 66.179904 68.589394 71.007982 73.434769 62.176985 64.435962 66.715156 69.012566 71.326430 73.655197 75.997499 17.038838 14.810618 12.700000 10.776307 9.158100 8.032185 7.620000 15.240000 12.700000 10.160000 7.620000 5.080000 2.540000 0.000000 
