53
# Circuit board instance
Size: large
Nodes: 53
0.000000 140.000000 140.000000 197.989899 69.171335 71.536225 73.912737 76.299784 78.696408 81.101759 83.515084 72.345578 74.609923 76.891494 79.188801 81.500514 83.825441 86.162512 125.698343 126.945201 128.192513 129.440267 126.766588 128.003041 129.240145 130.477880 95.029854 95.138014 95.262983 95.404696 100.094960 100.197652 100.316319 100.450903 151.581715 153.487217 155.410870 157.352008 159.309992 81.224304 81.993796 82.834056 83.742954 84.718280 85.757769 86.859116 88.547069 89.253451 90.025979 90.862965 91.762645 92.723195 93.742744 
140.000000 0.000000 197.989899 140.000000 131.142239 132.404852 133.703800 135.038033 136.406518 137.808232 139.242173 124.554792 125.883494 127.249029 128.650222 130.085922 131.555000 133.056349 169.348002 170.275531 171.207456 172.143705 165.909736 166.856379 167.807293 168.762407 45.874721 46.098357 46.355720 46.646252 40.870747 41.121605 41.409910 41.734886 104.364433 103.740274 103.174886 102.669241 102.224225 66.508019 67.445620 68.464662 69.561566 70.732709 71.974468 73.283252 59.438309 60.485598 61.619850 62.836354 64.130430 65.497481 66.933034 
140.000000 197.989899 0.000000 140.000000 79.995522 77.594082 75.201746 72.819414 70.448099 68.088952 65.743283 82.755620 80.436625 78.131375 75.841125 73.567274 71.311391 69.075238 29.193963 28.490317 27.826869 27.206560 33.496001 32.884536 32.311441 31.778790 162.914344 161.882834 160.854736 159.830117 165.919895 164.907186 163.898060 162.892585 119.740526 122.143780 124.552462 126.966262 129.384894 140.108614 138.002966 135.912167 133.836910 131.777931 129.736005 127.711950 144.477056 142.436002 140.411228 138.403448 136.413413 134.441910 132.489766 
197.989899 140.000000 140.000000 0.000000 137.160114 135.773543 134.420668 133.102519 131.820135 130.574572 129.366892 130.875919 129.422039 128.002052 126.617098 125.268341 123.956960 122.684155 117.179179 117.005858 116.846083 116.699912 112.152818 111.971716 111.804748 111.651977 140.053206 138.851967 137.651964 136.453227 138.494867 137.279994 136.066127 134.853295 47.462746 46.074090 44.786543 43.609063 42.550787 132.122491 129.887443 127.663801 125.452172 123.253204 121.067585 118.896052 128.708775 126.413384 124.127523 121.851728 119.586572 117.332673 115.090691 
69.171335 131.142239 79.995522 137.160114 0.000000 2.540000 5.080000 7.620000 10.160000 12.700000 15.240000 7.620000 8.032185 9.158100 10.776307 12.700000 14.810618 17.038838 59.174728 60.444238 61.713768 62.983318 59.250146 60.518074 61.786087 63.054181 89.407360 88.606384 87.816470 87.037919 93.387584 92.621035 91.865647 91.121699 94.849984 97.197981 99.555404 101.921602 104.295975 66.161232 64.626599 63.156862 61.756654 60.430809 59.184324 58.022314 72.314313 70.912964 69.576149 68.307654 67.111354 65.991177 64.951060 
71.536225 132.404852 77.594082 135.773543 2.540000 0.000000 2.540000 5.080000 7.620000 10.160000 12.700000 8.032185 7.620000 8.032185 9.158100 10.776307 12.700000 14.810618 56.635773 57.905239 59.174728 60.444238 56.714568 57.982309 59.250146 60.518074 91.041325 90.219103 89.407360 88.606384 94.953081 94.165022 93.387584 92.621035 93.898548 96.269752 98.649360 101.036779 103.431466 67.756351 66.161232 64.626599 63.156862 61.756654 60.430809 59.184324 73.776516 72.314313 70.912964 69.576149 68.307654 67.111354 65.991177 
73.912737 133.703800 75.201746 134.420668 5.080000 2.540000 0.000000 2.540000 5.080000 7.620000 10.160000 9.158100 8.032185 7.620000 8.032185 9.158100 10.776307 12.700000 54.096917 55.366332 56.635773 57.905239 54.179404 55.446931 56.714568 57.982309 92.716088 91.873745 91.041325 90.219103 96.560021 95.751500 94.953081 94.165022 93.006765 95.400137 97.800906 100.208541 102.622557 69.407786 67.756351 66.161232 64.626599 63.156862 61.756654 60.430809 75.296029 73.776516 72.314313 70.912964 69.576149 68.307654 67.111354 
76.299784 135.038033 72.819414 133.102519 7.620000 5.080000 2.540000 0.000000 2.540000 5.080000 7.620000 10.776307 9.158100 8.032185 7.620000 8.032185 9.158100 10.776307 51.558174 52.827530 54.096917 55.366332 51.644716 52.911996 54.179404 55.446931 94.429477 93.568085 92.716088 91.873745 98.206369 97.378393 96.560021 95.751500 92.176366 94.590752 97.011553 99.438301 101.870571 71.111614 69.407786 67.756351 66.161232 64.626599 63.156862 61.756654 76.869453 75.296029 73.776516 72.314313 70.912964 69.576149 68.307654 
78.696408 136.406518 70.448099 131.820135 10.160000 7.620000 5.080000 2.540000 0.000000 2.540000 5.080000 12.700000 10.776307 9.158100 8.032185 7.620000 8.032185 9.158100 49.019560 50.288849 51.558174 52.827530 49.110576 50.377572 51.644716 52.911996 96.179429 95.300008 94.429477 93.568085 99.890176 99.043708 98.206369 97.378393 91.409025 93.843155 96.282755 98.727419 101.176779 72.864159 71.111614 69.407786 67.756351 66.161232 64.626599 63.156862 78.493547 76.869453 75.296029 73.776516 72.314313 70.912964 69.576149 
81.101759 137.808232 68.088952 130.574572 12.700000 10.160000 7.620000 5.080000 2.540000 0.000000 2.540000 14.810618 12.700000 10.776307 9.158100 8.032185 7.620000 8.032185 46.481098 47.750309 49.019560 50.288849 46.577075 47.843739 49.110576 50.377572 97.963984 97.067500 96.179429 95.300008 101.609581 100.745542 99.890176 99.043708 90.706342 93.158834 95.615895 98.077183 100.542385 74.661991 72.864159 71.111614 69.407786 67.756351 66.161232 64.626599 80.165230 78.493547 76.869453 75.296029 73.776516 72.314313 70.912964 
83.515084 139.242173 65.743283 129.366892 15.240000 12.700000 10.160000 7.620000 5.080000 2.540000 0.000000 17.038838 14.810618 12.700000 10.776307 9.158100 8.032185 7.620000 43.942814 45.211932 46.481098 47.750309 44.044322 45.310597 46.577075 47.843739 99.781286 98.868654 97.963984 97.067500 103.362806 102.482074 101.609581 100.745542 90.069829 92.539192 95.012279 97.488807 99.968520 76.501918 74.661991 72.864159 71.111614 69.407786 67.756351 66.161232 81.881589 80.165230 78.493547 76.869453 75.296029 73.776516 72.314313 
72.345578 124.554792 82.755620 130.875919 7.620000 8.032185 9.158100 10.776307 12.700000 14.810618 17.038838 0.000000 2.540000 5.080000 7.620000 10.160000 12.700000 15.240000 59.875081 61.130048 62.385624 63.641772 59.300401 60.567277 61.834281 63.101406 83.660641 82.804095 81.958278 81.123524 87.459982 86.641005 85.833005 85.036296 87.870103 90.185216 92.512133 94.849984 97.197981 60.343899 58.657266 57.033909 55.479383 53.999632 52.600967 51.290023 66.161232 64.626599 63.156862 61.756654 60.430809 59.184324 58.022314 
74.609923 125.883494 80.436625 129.422039 8.032185 7.620000 8.032185 9.158100 10.776307 12.700000 14.810618 2.540000 0.000000 2.540000 5.080000 7.620000 10.160000 12.700000 57.367131 58.620761 59.875081 61.130048 56.767067 58.033661 59.300401 60.567277 85.404624 84.527590 83.660641 82.804095 89.129654 88.289631 87.459982 86.641005 86.842229 89.184029 91.536400 93.898548 96.269752 62.088651 60.343899 58.657266 57.033909 55.479383 53.999632 52.600967 67.756351 66.161232 64.626599 63.156862 61.756654 60.430809 59.184324 
76.891494 127.249029 78.131375 128.002052 9.158100 8.032185 7.620000 8.032185 9.158100 10.776307 12.700000 5.080000 2.540000 0.000000 2.540000 5.080000 7.620000 10.160000 54.862130 56.114237 57.367131 58.620761 54.234358 55.500629 56.767067 58.033661 87.187727 86.291436 85.404624 84.527590 90.839668 89.979761 89.129654 88.289631 85.877201 88.244615 90.621375 93.006765 95.400137 63.886762 62.088651 60.343899 58.657266 57.033909 55.479383 53.999632 69.407786 67.756351 66.161232 64.626599 63.156862 61.756654 60.430809 
79.188801 128.650222 75.841125 126.617098 10.776307 9.158100 8.032185 7.620000 8.032185 9.158100 10.776307 7.620000 5.080000 2.540000 0.000000 2.540000 5.080000 7.620000 52.360502 53.610865 54.862130 56.114237 51.702363 52.968265 54.234358 55.500629 89.007601 88.093209 87.187727 86.291436 92.587788 91.709100 90.839668 89.979761 84.977161 87.368966 89.768913 92.176366 94.590752 65.733851 63.886762 62.088651 60.343899 58.657266 57.033909 55.479383 71.111614 69.407786 67.756351 66.161232 64.626599 63.156862 61.756654 
81.500514 130.085922 73.567274 125.268341 12.700000 10.776307 9.158100 8.032185 7.620000 8.032185 9.158100 10.160000 7.620000 5.080000 2.540000 0.000000 2.540000 5.080000 49.862754 51.111107 52.360502 53.610865 49.171195 50.436668 51.702363 52.968265 90.862035 89.930631 89.007601 88.093209 94.371897 93.475472 92.587788 91.709100 84.144193 86.559018 88.980813 91.409025 93.843155 67.625907 65.733851 63.886762 62.088651 60.343899 58.657266 57.033909 72.864159 71.111614 69.407786 67.756351 66.161232 64.626599 63.156862 
83.825441 131.555000 71.311391 123.956960 14.810618 12.700000 10.776307 9.158100 8.032185 7.620000 8.032185 12.700000 10.160000 7.620000 5.080000 2.540000 0.000000 2.540000 47.369499 48.615521 49.862754 51.111107 46.640986 47.905961 49.171195 50.436668 92.748957 91.801560 90.862035 89.930631 96.189992 95.276817 94.371897 93.475472 83.380308 85.816631 88.258799 90.706342 93.158834 69.559259 67.625907 65.733851 63.886762 62.088651 60.343899 58.657266 74.661991 72.864159 71.111614 69.407786 67.756351 66.161232 64.626599 
86.162512 133.056349 69.075238 122.684155 17.038838 14.810618 12.700000 10.776307 9.158100 8.032185 7.620000 15.240000 12.700000 10.160000 7.620000 5.080000 2.540000 0.000000 44.881486 46.124784 47.369499 48.615521 44.111903 45.376292 46.640986 47.905961 94.666425 93.703989 92.748957 91.801560 98.040183 97.111190 96.189992 95.276817 82.687421 85.143572 87.604506 90.069829 92.539192 71.530560 69.559259 67.625907 65.733851 63.886762 62.088651 60.343899 76.501918 74.661991 72.864159 71.111614 69.407786 67.756351 66.161232 
125.698343 169.348002 29.193963 117.179179 59.174728 56.635773 54.096917 51.558174 49.019560 46.481098 43.942814 59.875081 57.367131 54.862130 52.360502 49.862754 47.369499 44.881486 0.000000 1.270000 2.540000 3.810000 5.080000 5.236344 5.679613 6.350000 135.797287 134.714787 133.635588 132.559770 138.511165 137.450040 136.392485 135.338584 91.959048 94.423683 96.892211 99.364342 101.839812 113.474323 111.243973 109.027172 106.824764 104.637658 102.466832 100.313345 117.276535 115.119874 112.979149 110.855284 108.749267 106.662156 104.595081 
126.945201 170.275531 28.490317 117.005858 60.444238 57.905239 55.366332 52.827530 50.288849 47.750309 45.211932 61.130048 58.620761 56.114237 53.610865 51.111107 48.615521 46.124784 1.270000 0.000000 1.270000 2.540000 5.236344 5.080000 5.236344 5.679613 136.883009 135.797287 134.714787 133.635588 139.575779 138.511165 137.450040 136.392485 92.278422 94.734748 97.195376 99.659987 102.128292 114.594332 112.357505 110.133828 107.924114 105.729239 103.550146 101.387852 118.360571 116.196268 114.047463 111.915049 109.799980 107.703279 105.626040 
128.192513 171.207456 27.826869 116.846083 61.713768 59.174728 56.635773 54.096917 51.558174 49.019560 46.481098 62.385624 59.875081 57.367131 54.862130 52.360502 49.862754 47.369499 2.540000 1.270000 0.000000 1.270000 5.679613 5.236344 5.080000 5.236344 137.971878 136.883009 135.797287 134.714787 140.643802 139.575779 138.511165 137.450040 92.614111 95.061764 97.514140 99.970892 102.431706 115.717439 113.474323 111.243973 109.027172 106.824764 104.637658 102.466832 119.448271 117.276535 115.119874 112.979149 110.855284 108.749267 106.662156 
129.440267 172.143705 27.206560 116.699912 62.983318 60.444238 57.905239 55.366332 52.827530 50.288849 47.750309 63.641772 61.130048 58.620761 56.114237 53.610865 51.111107 48.615521 3.810000 2.540000 1.270000 0.000000 6.350000 5.679613 5.236344 5.080000 139.063819 137.971878 136.883009 135.797287 141.715157 140.643802 139.575779 138.511165 92.965938 95.404565 97.848351 100.296917 102.749922 116.843554 114.594332 112.357505 110.133828 107.924114 105.729239 103.550146 120.539537 118.360571 116.196268 114.047463 111.915049 109.799980 107.703279 
126.766588 165.909736 33.496001 112.152818 59.250146 56.714568 54.179404 51.644716 49.110576 46.577075 44.044322 59.300401 56.767067 54.234358 51.702363 49.171195 46.640986 44.111903 5.080000 5.236344 5.679613 6.350000 0.000000 1.270000 2.540000 3.810000 133.221906 132.118307 131.017722 129.920228 135.797287 134.714787 133.635588 132.559770 87.042778 89.498627 91.959048 94.423683 96.892211 111.157676 108.879881 106.613935 104.360611 102.120743 99.895238 97.685076 114.699492 112.493435 110.301748 108.125305 105.965045 103.821978 101.697191 
128.003041 166.856379 32.884536 111.971716 60.518074 57.982309 55.446931 52.911996 50.377572 47.843739 45.310597 60.567277 58.033661 55.500629 52.968265 50.436668 47.905961 45.376292 5.236344 5.080000 5.236344 5.679613 1.270000 0.000000 1.270000 2.540000 134.328446 133.221906 132.118307 131.017722 136.883009 135.797287 134.714787 133.635588 87.380123 89.826749 92.278422 94.734748 97.195376 112.300792 110.017343 107.745380 105.485645 103.238940 101.006136 98.788175 115.807652 113.594719 111.395742 109.211564 107.043091 104.891296 102.757228 
129.240145 167.807293 32.311441 111.804748 61.786087 59.250146 56.714568 54.179404 51.644716 49.110576 46.577075 61.834281 59.300401 56.767067 54.234358 51.702363 49.171195 46.640986 5.679613 5.236344 5.080000 5.236344 2.540000 1.270000 0.000000 1.270000 135.437854 134.328446 133.221906 132.118307 137.971878 136.883009 135.797287 134.714787 87.734556 90.171566 92.614111 95.061764 97.514140 113.446607 111.157676 108.879881 106.613935 104.360611 102.120743 99.895238 116.919105 114.699492 112.493435 110.301748 108.125305 105.965045 103.821978 
130.477880 168.762407 31.778790 111.651977 63.054181 60.518074 57.982309 55.446931 52.911996 50.377572 47.843739 63.101406 60.567277 58.033661 55.500629 52.968265 50.436668 47.905961 6.350000 5.679613 5.236344 5.080000 3.810000 2.540000 1.270000 0.000000 136.550060 135.437854 134.328446 133.221906 139.063819 137.971878 136.883009 135.797287 88.105871 90.532886 92.965938 95.404565 97.848351 114.595039 112.300792 110.017343 107.745380 105.485645 103.238940 101.006136 118.033756 115.807652 113.594719 111.395742 109.211564 107.043091 104.891296 
95.029854 45.874721 162.914344 140.053206 89.407360 91.041325 92.716088 94.429477 96.179429 97.963984 99.781286 83.660641 85.404624 87.187727 89.007601 90.862035 92.748957 94.666425 135.797287 136.883009 137.971878 139.063819 133.221906 134.328446 135.437854 136.550060 0.000000 1.270000 2.540000 3.810000 5.080000 5.236344 5.679613 6.350000 95.191639 95.715709 96.303940 96.955165 97.668124 23.318297 25.128210 27.055759 29.077559 31.175279 33.334588 35.544265 18.524489 20.756702 23.052718 25.395239 27.772500 30.176290 32.600743 
95.138014 46.098357 161.882834 138.851967 88.606384 90.219103 91.873745 93.568085 95.300008 97.067500 98.868654 82.804095 84.527590 86.291436 88.093209 89.930631 91.801560 93.703989 134.714787 135.797287 136.883009 137.971878 132.118307 133.221906 134.328446 135.437854 1.270000 0.000000 1.270000 2.540000 5.236344 5.080000 5.236344 5.679613 93.945977 94.476957 95.072852 95.732452 96.454449 22.466413 24.206860 26.078873 28.056129 30.117907 32.248000 34.433731 17.439995 19.631245 21.897976 24.219003 26.580107 28.971490 31.386232 
95.262983 46.355720 160.854736 137.651964 87.816470 89.407360 91.041325 92.716088 94.429477 96.179429 97.963984 81.958278 83.660641 85.404624 87.187727 89.007601 90.862035 92.748957 133.635588 134.714787 135.797287 136.883009 131.017722 132.118307 133.221906 134.328446 2.540000 1.270000 0.000000 1.270000 5.679613 5.236344 5.080000 5.236344 92.700975 93.239045 93.842802 94.510987 95.242244 21.655536 23.318297 25.128210 27.055759 29.077559 31.175279 33.334588 16.382184 18.524489 20.756702 23.052718 25.395239 27.772500 30.176290 
95.404696 46.646252 159.830117 136.453227 87.037919 88.606384 90.219103 91.873745 93.568085 95.300008 97.067500 81.123524 82.804095 84.527590 86.291436 88.093209 89.930631 91.801560 132.559770 133.635588 134.714787 135.797287 129.920228 131.017722 132.118307 133.221906 3.810000 2.540000 1.270000 0.000000 6.350000 5.679613 5.236344 5.080000 91.456660 92.002008 92.613830 93.290817 94.031563 20.890441 22.466413 24.206860 26.078873 28.056129 30.117907 32.248000 15.356571 17.439995 19.631245 21.897976 24.219003 26.580107 28.971490 
100.094960 40.870747 165.919895 138.494867 93.387584 94.953081 96.560021 98.206369 99.890176 101.609581 103.362806 87.459982 89.129654 90.839668 92.587788 94.371897 96.189992 98.040183 138.511165 139.575779 140.643802 141.715157 135.797287 136.883009 137.971878 139.063819 5.080000 5.236344 5.679613 6.350000 0.000000 1.270000 2.540000 3.810000 94.340131 94.732796 95.191639 95.715709 96.303940 27.239368 28.803943 30.500070 32.307037 34.207283 36.186116 38.231334 21.540141 23.487479 25.539162 27.671993 29.868591 32.115876 34.403916 
100.197652 41.121605 164.907186 137.279994 92.621035 94.165022 95.751500 97.378393 99.043708 100.745542 102.482074 86.641005 88.289631 89.979761 91.709100 93.475472 95.276817 97.111190 137.450040 138.511165 139.575779 140.643802 134.714787 135.797287 136.883009 137.971878 5.236344 5.080000 5.236344 5.679613 1.270000 0.000000 1.270000 2.540000 93.083074 93.481020 93.945977 94.476957 95.072852 26.513768 28.003790 29.636933 31.390868 33.246481 35.187692 37.201103 20.614907 22.499039 24.501884 26.596637 28.763224 30.986581 33.255324 
100.316319 41.409910 163.898060 136.066127 91.865647 93.387584 94.953081 96.560021 98.206369 99.890176 101.609581 85.833005 87.459982 89.129654 90.839668 92.587788 94.371897 96.189992 136.392485 137.450040 138.511165 139.575779 133.635588 134.714787 135.797287 136.883009 5.679613 5.236344 5.080000 5.236344 2.540000 1.270000 0.000000 1.270000 91.826373 92.229741 92.700975 93.239045 93.842802 25.830261 27.239368 28.803943 30.500070 32.307037 34.207283 36.186116 19.728075 21.540141 23.487479 25.539162 27.671993 29.868591 32.115876 
100.450903 41.734886 162.892585 134.853295 91.121699 92.621035 94.165022 95.751500 97.378393 99.043708 100.745542 85.036296 86.641005 88.289631 89.979761 91.709100 93.475472 95.276817 135.338584 136.392485 137.450040 138.511165 132.559770 133.635588 134.714787 135.797287 6.350000 5.679613 5.236344 5.080000 3.810000 2.540000 1.270000 0.000000 90.570044 90.978982 91.456660 92.002008 92.613830 25.192275 26.513768 28.003790 29.636933 31.390868 33.246481 35.187692 18.885054 20.614907 22.499039 24.501884 26.596637 28.763224 30.986581 
151.581715 104.364433 119.740526 47.462746 94.849984 93.898548 93.006765 92.176366 91.409025 90.706342 90.069829 87.870103 86.842229 85.877201 84.977161 84.144193 83.380308 82.687421 91.959048 92.278422 92.614111 92.965938 87.042778 87.380123 87.734556 88.105871 95.191639 93.945977 92.700975 91.456660 94.340131 93.083074 91.826373 90.570044 0.000000 2.540000 5.080000 7.620000 10.160000 85.110592 82.807414 80.518482 78.245046 75.988497 73.750386 71.532442 82.234027 79.847918 77.471596 75.105988 72.752141 70.411233 68.084599 
153.487217 103.740274 122.143780 46.074090 97.197981 96.269752 95.400137 94.590752 93.843155 93.158834 92.539192 90.185216 89.184029 88.244615 87.368966 86.559018 85.816631 85.143572 94.423683 94.734748 95.061764 95.404565 89.498627 89.826749 90.171566 90.532886 95.715709 94.476957 93.239045 92.002008 94.732796 93.481020 92.229741 90.978982 2.540000 0.000000 2.540000 5.080000 7.620000 86.197903 83.924570 81.666955 79.426399 77.204387 75.002567 72.822771 83.126357 80.766615 78.418137 76.081966 73.759271 71.451366 69.159733 
155.410870 103.174886 124.552462 44.786543 99.555404 98.649360 97.800906 97.011553 96.282755 95.615895 95.012279 92.512133 91.536400 90.621375 89.768913 88.980813 88.258799 87.604506 96.892211 97.195376 97.514140 97.848351 91.959048 92.278422 92.614111 92.965938 96.303940 95.072852 93.842802 92.613830 95.191639 93.945977 92.700975 91.456660 5.080000 2.540000 0.000000 2.540000 5.080000 87.345563 85.102892 82.877382 80.670451 78.483668 76.318765 74.177657 84.085971 81.753932 79.434649 77.129273 74.839089 72.565536 70.310226 
157.352008 102.669241 126.966262 43.609063 101.921602 101.036779 100.208541 99.438301 98.727419 98.077183 97.488807 94.849984 93.898548 93.006765 92.176366 91.409025 90.706342 90.069829 99.364342 99.659987 99.970892 100.296917 94.423683 94.734748 95.061764 95.404565 96.955165 95.732452 94.510987 93.290817 95.715709 94.476957 93.239045 92.002008 7.620000 5.080000 2.540000 0.000000 2.540000 88.551225 86.339877 84.147088 81.974348 79.823294 77.695727 75.593630 85.110592 82.807414 80.518482 78.245046 75.988497 73.750386 71.532442 
159.309992 102.224225 129.384894 42.550787 104.295975 103.431466 102.622557 101.870571 101.176779 100.542385 99.968520 97.197981 96.269752 95.400137 94.590752 93.843155 93.158834 92.539192 101.839812 102.128292 102.431706 102.749922 96.892211 97.195376 97.514140 97.848351 97.668124 96.454449 95.242244 94.031563 96.303940 95.072852 93.842802 92.613830 10.160000 7.620000 5.080000 2.540000 0.000000 89.812553 87.633039 85.473433 83.335280 81.220278 79.130280 77.067322 86.197903 83.924570 81.666955 79.426399 77.204387 75.002567 72.822771 
81.224304 66.508019 140.108614 132.122491 66.161232 67.756351 69.407786 71.111614 72.864159 74.661991 76.501918 60.343899 62.088651 63.886762 65.733851 67.625907 69.559259 71.530560 113.474323 114.594332 115.717439 116.843554 111.157676 112.300792 113.446607 114.595039 23.318297 22.466413 21.655536 20.890441 27.239368 26.513768 25.830261 25.192275 85.110592 86.197903 87.345563 88.551225 89.812553 0.000000 2.540000 5.080000 7.620000 10.160000 12.700000 15.240000 7.620000 8.032185 9.158100 10.776307 12.700000 14.810618 17.038838 
81.993796 67.445620 138.002966 129.887443 64.626599 66.161232 67.756351 69.407786 71.111614 72.864159 74.661991 58.657266 60.343899 62.088651 63.886762 65.733851 67.625907 69.559259 111.243973 112.357505 113.474323 114.594332 108.879881 110.017343 111.157676 112.300792 25.128210 24.206860 23.318297 22.466413 28.803943 28.003790 27.239368 26.513768 82.807414 83.924570 85.102892 86.339877 87.633039 2.540000 0.000000 2.540000 5.080000 7.620000 10.160000 12.700000 8.032185 7.620000 8.032185 9.158100 10.776307 12.700000 14.810618 
82.834056 68.464662 135.912167 127.663801 63.156862 64.626599 66.161232 67.756351 69.407786 71.111614 72.864159 57.033909 58.657266 60.343899 62.088651 63.886762 65.733851 67.625907 109.027172 110.133828 111.243973 112.357505 106.613935 107.745380 108.879881 110.017343 27.055759 26.078873 25.128210 24.206860 30.500070 29.636933 28.803943 28.003790 80.518482 81.666955 82.877382 84.147088 85.473433 5.080000 2.540000 0.000000 2.540000 5.080000 7.620000 10.160000 9.158100 8.032185 7.620000 8.032185 9.158100 10.776307 12.700000 
83.742954 69.561566 133.836910 125.452172 61.756654 63.156862 64.626599 66.161232 67.756351 69.407786 71.111614 55.479383 57.033909 58.657266 60.343899 62.088651 63.886762 65.733851 106.824764 107.924114 109.027172 110.133828 104.360611 105.485645 106.613935 107.745380 29.077559 28.056129 27.055759 26.078873 32.307037 31.390868 30.500070 29.636933 78.245046 79.426399 80.670451 81.974348 83.335280 7.620000 5.080000 2.540000 0.000000 2.540000 5.080000 7.620000 10.776307 9.158100 8.032185 7.620000 8.032185 9.158100 10.776307 
84.718280 70.732709 131.777931 123.253204 60.430809 61.756654 63.156862 64.626599 66.161232 67.756351 69.407786 53.999632 55.479383 57.033909 58.657266 60.343899 62.088651 63.886762 104.637658 105.729239 106.824764 107.924114 102.120743 103.238940 104.360611 105.485645 31.175279 30.117907 29.077559 28.056129 34.207283 33.246481 32.307037 31.390868 75.988497 77.204387 78.483668 79.823294 81.220278 10.160000 7.620000 5.080000 2.540000 0.000000 2.540000 5.080000 12.700000 10.776307 9.158100 8.032185 7.620000 8.032185 9.158100 
85.757769 71.974468 129.736005 121.067585 59.184324 60.430809 61.756654 63.156862 64.626599 66.161232 67.756351 52.600967 53.999632 55.479383 57.033909 58.657266 60.343899 62.088651 102.466832 103.550146 104.637658 105.729239 99.895238 101.006136 102.120743 103.238940 33.334588 32.248000 31.175279 30.117907 36.186116 35.187692 34.207283 33.246481 73.750386 75.002567 76.318765 77.695727 79.130280 12.700000 10.160000 7.620000 5.080000 2.540000 0.000000 2.540000 14.810618 12.700000 10.776307 9.158100 8.032185 7.620000 8.032185 
86.859116 73.283252 127.711950 118.896052 58.022314 59.184324 60.430809 61.756654 63.156862 64.626599 66.161232 51.290023 52.600967 53.999632 55.479383 57.033909 58.657266 60.343899 100.313345 101.387852 102.466832 103.550146 97.685076 98.788175 99.895238 101.006136 35.544265 34.433731 33.334588 32.248000 38.231334 37.201103 36.186116 35.187692 71.532442 72.822771 74.177657 75.593630 77.067322 15.240000 12.700000 10.160000 7.620000 5.080000 2.540000 0.000000 17.038838 14.810618 12.700000 10.776307 9.158100 8.032185 7.620000 
88.547069 59.438309 144.477056 128.708775 72.314313 73.776516 75.296029 76.869453 78.493547 80.165230 81.881589 66.161232 67.756351 69.407786 71.111614 72.864159 74.661991 76.501918 117.276535 118.360571 119.448271 120.539537 114.699492 115.807652 116.919105 118.033756 18.524489 17.439995 16.382184 15.356571 21.540141 20.614907 19.728075 18.885054 82.234027 83.126357 84.085971 85.110592 86.197903 7.620000 8.032185 9.158100 10.776307 12.700000 14.810618 17.038838 0.000000 2.540000 5.080000 7.620000 10.160000 12.700000 15.240000 
89.253451 60.485598 142.436002 126.413384 70.912964 72.314313 73.776516 75.296029 76.869453 78.493547 80.165230 64.626599 66.161232 67.756351 69.407786 71.111614 72.864159 74.661991 115.119874 116.196268 117.276535 118.360571 112.493435 113.594719 114.699492 115.807652 20.756702 19.631245 18.524489 17.439995 23.487479 22.499039 21.540141 20.614907 79.847918 80.766615 81.753932 82.807414 83.924570 8.032185 7.620000 8.032185 9.158100 10.776307 12.700000 14.810618 2.540000 0.000000 2.540000 5.080000 7.620000 10.160000 12.700000 
90.025979 61.619850 140.411228 124.127523 69.576149 70.912964 72.314313 73.776516 75.296029 76.869453 78.493547 63.156862 64.626599 66.161232 67.756351 69.407786 71.111614 72.864159 112.979149 114.047463 115.119874 116.196268 110.301748 111.395742 112.493435 113.594719 23.052718 21.897976 20.756702 19.631245 25.539162 24.501884 23.487479 22.499039 77.471596 78.418137 79.434649 80.518482 81.666955 9.158100 8.032185 7.620000 8.032185 9.158100 10.776307 12.700000 5.080000 2.540000 0.000000 2.540000 5.080000 7.620000 10.160000 
90.862965 62.836354 138.403448 121.851728 68.307654 69.576149 70.912964 72.314313 73.776516 75.296029 76.869453 61.756654 63.156862 64.626599 66.161232 67.756351 69.407786 71.111614 110.855284 111.915049 112.979149 114.047463 108.125305 109.211564 110.301748 111.395742 25.395239 24.219003 23.052718 21.897976 27.671993 26.596637 25.539162 24.501884 75.105988 76.081966 77.129273 78.245046 79.426399 10.776307 9.158100 8.032185 7.620000 8.032185 9.158100 10.776307 7.620000 5.080000 2.540000 0.000000 2.540000 5.080000 7.620000 
91.762645 64.130430 136.413413 119.586572 67.111354 68.307654 69.576149 70.912964 72.314313 73.776516 75.296029 60.430809 61.756654 63.156862 64.626599 66.161232 67.756351 69.407786 108.749267 109.799980 110.855284 111.915049 105.965045 107.043091 108.125305 109.211564 27.772500 26.580107 25.395239 24.219003 29.868591 28.763224 27.671993 26.596637 72.752141 73.759271 74.839089 75.988497 77.204387 12.700000 10.776307 9.158100 8.032185 7.620000 8.032185 9.158100 10.160000 7.620000 5.080000 2.540000 0.000000 2.540000 5.080000 
92.723195 65.497481 134.441910 117.332673 65.991177 67.111354 68.307654 69.576149 70.912964 72.314313 73.776516 59.184324 60.430809 61.756654 63.156862 64.626599 66.161232 67.756351 106.662156 107.703279 108.749267 109.799980 103.821978 104.891296 105.965045 107.043091 30.176290 28.971490 27.772500 26.580107 32.115876 30.986581 29.868591 28.763224 70.411233 71.451366 72.565536 73.750386 75.002567 14.810618 12.700000 10.776307 9.158100 8.032185 7.620000 8.032185 12.700000 10.160000 7.620000 5.080000 2.540000 0.000000 2.540000 
93.742744 66.933034 132.489766 115.090691 64.951060 65.991177 67.111354 68.307654 69.576149 70.912964 72.314313 58.022314 59.184324 60.430809 61.756654 63.156862 64.626599 66.161232 104.595081 105.626040 106.662156 107.703279 101.697191 102.757228 103.821978 104.891296 32.600743 31.386232 30.176290 28.971490 34.403916 33.255324 32.115876 30.986581 68.084599 69.159733 70.310226 71.532442 72.822771 17.038838 14.810618 12.700000 10.776307 9.158100 8.032185 7.620000 15.240000 12.700000 10.160000 7.620000 5.080000 2.540000 0.000000 
