56
# Circuit board instance
Size: large
Nodes: 56
0.000000 140.000000 140.000000 197.989899 136.291786 137.115363 137.945717 138.782724 140.208842 141.009544 141.817098 142.631388 117.593084 117.841148 118.102348 118.376598 122.584222 122.822206 123.072835 123.336033 56.652068 58.528367 60.453171 62.421993 64.430798 66.475961 68.554229 62.120529 63.836299 65.605557 67.424094 69.288029 71.193797 73.138127 103.930690 104.520676 105.122695 105.736540 108.467087 109.032529 109.609769 110.198623 27.590498 29.874876 32.197579 34.550878 36.928924 39.327228 41.742299 31.789294 33.791003 35.860950 37.987982 40.163031 42.378703 44.628950 
140.000000 0.000000 197.989899 140.000000 95.070013 96.246971 97.426266 98.607814 93.268300 94.467708 95.668938 96.871922 33.206764 34.074799 34.967420 35.882793 29.648734 30.617808 31.608206 32.617986 109.284608 110.268937 111.302536 112.384047 113.512098 114.685318 115.902334 102.269394 103.320578 104.422976 105.574984 106.774996 108.021412 109.312645 67.520912 68.425558 69.341662 70.268777 64.032758 64.985979 65.949880 66.923999 129.797097 130.301800 130.853869 131.452707 132.097677 132.788109 133.523295 122.323383 122.858792 123.444152 124.078756 124.761853 125.492651 126.270321 
140.000000 197.989899 0.000000 140.000000 116.323415 115.761431 115.210705 114.671401 120.889227 120.348566 119.818926 119.300456 164.826687 163.922663 163.023519 162.129338 168.423855 167.539242 166.659611 165.785043 106.081674 103.721910 101.370857 99.029137 96.697427 94.376470 92.067079 109.100068 106.807012 104.525375 102.255920 99.999479 97.756951 95.529317 130.469021 129.574492 128.686278 127.804511 134.110723 133.240645 132.377032 131.520012 116.109151 113.584364 111.060270 108.536918 106.014361 103.492658 100.971872 117.177893 114.676638 112.177124 109.679470 107.183807 104.690276 102.199034 
197.989899 140.000000 140.000000 0.000000 63.198048 62.157585 61.125798 60.103135 60.453798 59.365257 58.284060 57.210622 120.176506 118.933575 117.691222 116.449466 119.242403 117.989633 116.737235 115.485221 141.375353 139.613407 137.875739 136.163280 134.476991 132.817871 131.186950 136.025342 134.193169 132.384375 130.599931 128.840849 127.108183 125.403027 103.825096 102.698754 101.575800 100.456350 101.591196 100.439806 99.291307 98.145803 171.951696 170.257037 168.583613 166.932062 165.303042 163.697224 162.115298 166.382420 164.630441 162.899227 161.189445 159.501785 157.836956 156.195690 
136.291786 95.070013 116.323415 63.198048 0.000000 1.270000 2.540000 3.810000 5.080000 5.236344 5.679613 6.350000 66.637283 65.386322 64.136109 62.886689 67.690647 66.459516 65.229876 64.001811 80.267649 78.815545 77.419558 76.082777 74.808377 73.599597 72.459722 74.205833 72.632639 71.115386 69.657729 68.263485 66.936618 65.681211 41.917124 40.699749 39.485688 38.275259 40.783621 39.531355 38.280257 37.030445 111.353138 109.925774 108.539087 107.194655 105.894089 104.639024 103.431116 105.180568 103.668251 102.196692 100.767677 99.383040 98.044663 96.754464 
137.115363 96.246971 115.761431 62.157585 1.270000 0.000000 1.270000 2.540000 5.236344 5.080000 5.236344 5.679613 67.888951 66.637283 65.386322 64.136109 68.923188 67.690647 66.459516 65.229876 81.013807 79.534772 78.110346 76.743570 75.437578 74.195580 73.020840 75.012313 73.412466 71.866796 70.378873 68.952436 67.591377 66.299723 43.137534 41.917124 40.699749 39.485688 42.036952 40.783621 39.531355 38.280257 112.081590 110.634469 109.227248 107.861489 106.538788 105.260766 104.029071 105.951467 104.419425 102.927267 101.476753 100.069695 98.707950 97.393419 
137.945717 97.426266 115.210705 61.125798 2.540000 1.270000 0.000000 1.270000 5.679613 5.236344 5.080000 5.236344 69.141288 67.888951 66.637283 65.386322 70.157066 68.923188 67.690647 66.459516 81.772881 80.267649 78.815545 77.419558 76.082777 74.808377 73.599597 75.831486 74.205833 72.632639 71.115386 69.657729 68.263485 66.936618 44.360728 43.137534 41.917124 40.699749 43.291254 42.036952 40.783621 39.531355 112.819636 111.353138 109.925774 108.539087 107.194655 105.894089 104.639024 106.731911 105.180568 103.668251 102.196692 100.767677 99.383040 98.044663 
138.782724 98.607814 114.671401 60.103135 3.810000 2.540000 1.270000 0.000000 6.350000 5.679613 5.236344 5.080000 70.394258 69.141288 67.888951 66.637283 71.392210 70.157066 68.923188 67.690647 82.544515 81.013807 79.534772 78.110346 76.743570 75.437578 74.195580 76.662946 75.012313 73.412466 71.866796 70.378873 68.952436 67.591377 45.586482 44.360728 43.137534 41.917124 44.546446 43.291254 42.036952 40.783621 113.567087 112.081590 110.634469 109.227248 107.861489 106.538788 105.260766 107.521690 105.951467 104.419425 102.927267 101.476753 100.069695 98.707950 
140.208842 93.268300 120.889227 60.453798 5.080000 5.236344 5.679613 6.350000 0.000000 1.270000 2.540000 3.810000 65.959413 64.695346 63.431515 62.167937 66.637283 65.386322 64.136109 62.886689 84.449224 83.070247 81.746950 80.482078 79.278428 78.138829 77.066122 78.216765 76.725856 75.291134 73.915870 72.603444 71.357323 70.181039 43.616507 42.447896 41.285275 40.129164 41.917124 40.699749 39.485688 38.275259 115.564197 114.189483 112.855198 111.562792 110.313736 109.109521 107.951647 109.275318 107.820450 106.406330 105.034603 103.706951 102.425090 101.190757 
141.009544 94.467708 120.348566 59.365257 5.236344 5.080000 5.236344 5.679613 1.270000 0.000000 1.270000 2.540000 67.223704 65.959413 64.695346 63.431515 67.888951 66.637283 65.386322 64.136109 85.158750 83.752945 82.401469 81.107037 79.872424 78.700444 77.593936 78.982300 77.464487 76.001270 74.595861 73.251588 71.971876 70.760229 44.790638 43.616507 42.447896 41.285275 43.137534 41.917124 40.699749 39.485688 116.266269 114.871876 113.517197 112.203668 110.932752 109.705930 108.524697 110.017528 108.542892 107.108194 105.715063 104.365161 103.060189 101.801873 
141.817098 95.668938 119.818926 58.284060 5.679613 5.236344 5.080000 5.236344 2.540000 1.270000 0.000000 1.270000 68.488206 67.223704 65.959413 64.695346 69.141288 67.888951 66.637283 65.386322 85.881197 84.449224 83.070247 81.746950 80.482078 79.278428 78.138829 79.760710 78.216765 76.725856 75.291134 73.915870 72.603444 71.357323 45.969866 44.790638 43.616507 42.447896 44.360728 43.137534 41.917124 40.699749 116.977915 115.564197 114.189483 112.855198 111.562792 110.313736 109.109521 110.769327 109.275318 107.820450 106.406330 105.034603 103.706951 102.425090 
142.631388 96.871922 119.300456 57.210622 6.350000 5.679613 5.236344 5.080000 3.810000 2.540000 1.270000 0.000000 69.752908 68.488206 67.223704 65.959413 70.394258 69.141288 67.888951 66.637283 86.616239 85.158750 83.752945 82.401469 81.107037 79.872424 78.700444 80.551623 78.982300 77.464487 76.001270 74.595861 73.251588 71.971876 47.153809 45.969866 44.790638 43.616507 45.586482 44.360728 43.137534 41.917124 117.698962 116.266269 114.871876 113.517197 112.203668 110.932752 109.705930 111.530520 110.017528 108.542892 107.108194 105.715063 104.365161 103.060189 
117.593084 33.206764 164.826687 120.176506 66.637283 67.888951 69.141288 70.394258 65.959413 67.223704 68.488206 69.752908 0.000000 1.270000 2.540000 3.810000 5.080000 5.236344 5.679613 6.350000 78.939029 79.585825 80.307783 81.102895 81.969033 82.903971 83.905409 71.564278 72.277099 73.071304 73.944271 74.893244 75.915374 77.007748 34.387930 35.337279 36.306234 37.293267 31.194525 32.238051 33.297316 34.370866 102.921988 103.007906 103.156312 103.366940 103.639407 103.973230 104.367819 95.303890 95.396669 95.556898 95.784237 96.078211 96.438211 96.863499 
117.841148 34.074799 163.922663 118.933575 65.386322 66.637283 67.888951 69.141288 64.695346 65.959413 67.223704 68.488206 1.270000 0.000000 1.270000 2.540000 5.236344 5.080000 5.236344 5.679613 78.644405 79.252912 79.937531 80.696325 81.527223 82.428045 83.396524 71.239160 71.910358 72.664189 73.498112 74.409433 75.395345 76.452964 33.459856 34.387930 35.337279 36.306234 30.168372 31.194525 32.238051 33.297316 102.902516 102.957123 103.074312 103.253870 103.495471 103.798684 104.162969 95.282862 95.341833 95.468370 95.662205 95.922930 96.250001 96.642744 
118.102348 34.967420 163.023519 117.691222 64.136109 65.386322 66.637283 67.888951 63.431515 64.695346 65.959413 67.223704 2.540000 1.270000 0.000000 1.270000 5.679613 5.236344 5.080000 5.236344 78.369256 78.939029 79.585825 80.307783 81.102895 81.969033 82.903971 70.935293 71.564278 72.277099 73.071304 73.944271 74.893244 75.915374 32.554877 33.459856 34.387930 35.337279 29.161425 30.168372 31.194525 32.238051 102.898716 102.921988 103.007906 103.156312 103.366940 103.639407 103.973230 95.278758 95.303890 95.396669 95.556898 95.784237 96.078211 96.438211 
118.376598 35.882793 162.129338 116.449466 62.886689 64.136109 65.386322 66.637283 62.167937 63.431515 64.695346 65.959413 3.810000 2.540000 1.270000 0.000000 6.350000 5.679613 5.236344 5.080000 78.113788 78.644405 79.252912 79.937531 80.696325 81.527223 82.428045 70.652951 71.239160 71.910358 72.664189 73.498112 74.409433 75.395345 31.674972 32.554877 33.459856 34.387930 28.175744 29.161425 30.168372 31.194525 102.910591 102.902516 102.957123 103.074312 103.253870 103.495471 103.798684 95.291582 95.282862 95.341833 95.468370 95.662205 95.922930 96.250001 
122.584222 29.648734 168.423855 119.242403 67.690647 68.923188 70.157066 71.392210 66.637283 67.888951 69.141288 70.394258 5.080000 5.236344 5.679613 6.350000 0.000000 1.270000 2.540000 3.810000 83.879890 84.488870 85.169276 85.919411 86.737466 87.621539 88.569653 76.475436 77.142890 77.887495 78.707062 79.599274 80.561718 81.591910 37.994392 38.855725 39.738982 40.642734 34.387930 35.337279 36.306234 37.293267 108.000869 108.082749 108.224197 108.424980 108.684768 109.003140 109.379585 100.382590 100.470679 100.622828 100.838747 101.118028 101.460146 101.864470 
122.822206 30.617808 167.539242 117.989633 66.459516 67.690647 68.923188 70.157066 65.386322 66.637283 67.888951 69.141288 5.236344 5.080000 5.236344 5.679613 1.270000 0.000000 1.270000 2.540000 83.602679 84.175351 84.820248 85.535738 86.320066 87.171373 88.087717 76.171283 76.799388 77.505683 78.288051 79.144236 80.071871 81.068503 37.156508 37.994392 38.855725 39.738982 33.459856 34.387930 35.337279 36.306234 107.982313 108.034352 108.146040 108.317190 108.547523 108.836661 109.184139 100.362626 100.418614 100.538762 100.722839 100.970497 101.281269 101.654576 
123.072835 31.608206 166.659611 116.737235 65.229876 66.459516 67.690647 68.923188 64.136109 65.386322 66.637283 67.888951 5.679613 5.236344 5.080000 5.236344 2.540000 1.270000 0.000000 1.270000 83.343901 83.879890 84.488870 85.169276 85.919411 86.737466 87.621539 75.887168 76.475436 77.142890 77.887495 78.707062 79.599274 80.561718 36.343695 37.156508 37.994392 38.855725 32.554877 33.459856 34.387930 35.337279 107.978692 108.000869 108.082749 108.224197 108.424980 108.684768 109.003140 100.358730 100.382590 100.470679 100.622828 100.838747 101.118028 101.460146 
123.336033 32.617986 165.785043 115.485221 64.001811 65.229876 66.459516 67.690647 62.886689 64.136109 65.386322 66.637283 6.350000 5.679613 5.236344 5.080000 3.810000 2.540000 1.270000 0.000000 83.103728 83.602679 84.175351 84.820248 85.535738 86.320066 87.171373 75.623316 76.171283 76.799388 77.505683 78.288051 79.144236 80.071871 35.557671 36.343695 37.156508 37.994392 31.674972 32.554877 33.459856 34.387930 107.990008 107.982313 108.034352 108.146040 108.317190 108.547523 108.836661 100.370904 100.362626 100.418614 100.538762 100.722839 100.970497 101.281269 
56.652068 109.284608 106.081674 141.375353 80.267649 81.013807 81.772881 82.544515 84.449224 85.158750 85.881197 86.616239 78.939029 78.644405 78.369256 78.113788 83.879890 83.602679 83.343901 83.103728 0.000000 2.540000 5.080000 7.620000 10.160000 12.700000 15.240000 7.620000 8.032185 9.158100 10.776307 12.700000 14.810618 17.038838 53.881301 54.049489 54.246897 54.473206 58.927264 59.081090 59.261739 59.468967 31.119563 29.833514 28.715033 27.784363 27.060890 26.561550 26.299112 25.026225 23.407762 21.964468 20.732959 19.752887 19.063071 18.695668 
58.528367 110.268937 103.721910 139.613407 78.815545 79.534772 80.267649 81.013807 83.070247 83.752945 84.449224 85.158750 79.585825 79.252912 78.939029 78.644405 84.488870 84.175351 83.879890 83.602679 2.540000 0.000000 2.540000 5.080000 7.620000 10.160000 12.700000 8.032185 7.620000 8.032185 9.158100 10.776307 12.700000 14.810618 53.633632 53.742605 53.881301 54.049489 58.700890 58.800472 58.927264 59.081090 32.553327 31.119563 29.833514 28.715033 27.784363 27.060890 26.561550 26.788128 25.026225 23.407762 21.964468 20.732959 19.752887 19.063071 
60.453171 111.302536 101.370857 137.875739 77.419558 78.110346 78.815545 79.534772 81.746950 82.401469 83.070247 83.752945 80.307783 79.937531 79.585825 79.252912 85.169276 84.820248 84.488870 84.175351 5.080000 2.540000 0.000000 2.540000 5.080000 7.620000 10.160000 9.158100 8.032185 7.620000 8.032185 9.158100 10.776307 12.700000 53.505529 53.554563 53.633632 53.742605 58.583868 58.628654 58.700890 58.800472 34.116186 32.553327 31.119563 29.833514 28.715033 27.784363 27.060890 28.667035 26.788128 25.026225 23.407762 21.964468 20.732959 19.752887 
62.421993 112.384047 99.029137 136.163280 76.082777 76.743570 77.419558 78.110346 80.482078 81.107037 81.746950 82.401469 81.102895 80.696325 80.307783 79.937531 85.919411 85.535738 85.169276 84.820248 7.620000 5.080000 2.540000 0.000000 2.540000 5.080000 7.620000 10.776307 9.158100 8.032185 7.620000 8.032185 9.158100 10.776307 53.497851 53.486615 53.505529 53.554563 58.576855 58.566593 58.583868 58.628654 35.791233 34.116186 32.553327 31.119563 29.833514 28.715033 27.784363 30.641428 28.667035 26.788128 25.026225 23.407762 21.964468 20.732959 
64.430798 113.512098 96.697427 134.476991 74.808377 75.437578 76.082777 76.743570 79.278428 79.872424 80.482078 81.107037 81.969033 81.527223 81.102895 80.696325 86.737466 86.320066 85.919411 85.535738 10.160000 7.620000 5.080000 2.540000 0.000000 2.540000 5.080000 12.700000 10.776307 9.158100 8.032185 7.620000 8.032185 9.158100 53.610648 53.539218 53.497851 53.486615 58.679890 58.614638 58.576855 58.566593 37.563464 35.791233 34.116186 32.553327 31.119563 29.833514 28.715033 32.694015 30.641428 28.667035 26.788128 25.026225 23.407762 21.964468 
66.475961 114.685318 94.376470 132.817871 73.599597 74.195580 74.808377 75.437578 78.138829 78.700444 79.278428 79.872424 82.903971 82.428045 81.969033 81.527223 87.621539 87.171373 86.737466 86.320066 12.700000 10.160000 7.620000 5.080000 2.540000 0.000000 2.540000 14.810618 12.700000 10.776307 9.158100 8.032185 7.620000 8.032185 53.843164 53.712020 53.610648 53.539218 58.892395 58.772519 58.679890 58.614638 39.419773 37.563464 35.791233 34.116186 32.553327 31.119563 29.833514 34.810964 32.694015 30.641428 28.667035 26.788128 25.026225 23.407762 
68.554229 115.902334 92.067079 131.186950 72.459722 73.020840 73.599597 74.195580 77.066122 77.593936 78.138829 78.700444 83.905409 83.396524 82.903971 82.428045 88.569653 88.087717 87.621539 87.171373 15.240000 12.700000 10.160000 7.620000 5.080000 2.540000 0.000000 17.038838 14.810618 12.700000 10.776307 9.158100 8.032185 7.620000 54.193858 54.003865 53.843164 53.712020 59.213193 59.039354 58.892395 58.772519 41.348837 39.419773 37.563464 35.791233 34.116186 32.553327 31.119563 36.981226 34.810964 32.694015 30.641428 28.667035 26.788128 25.026225 
62.120529 102.269394 109.100068 136.025342 74.205833 75.012313 75.831486 76.662946 78.216765 78.982300 79.760710 80.551623 71.564278 71.239160 70.935293 70.652951 76.475436 76.171283 75.887168 75.623316 7.620000 8.032185 9.158100 10.776307 12.700000 14.810618 17.038838 0.000000 2.540000 5.080000 7.620000 10.160000 12.700000 15.240000 46.326307 46.521816 46.751021 47.013426 51.360835 51.537250 51.744243 51.981448 37.771302 36.718968 35.816158 35.074419 34.504142 34.113927 33.909989 31.119563 29.833514 28.715033 27.784363 27.060890 26.561550 26.299112 
63.836299 103.320578 106.807012 134.193169 72.632639 73.412466 74.205833 75.012313 76.725856 77.464487 78.216765 78.982300 72.277099 71.910358 71.564278 71.239160 77.142890 76.799388 76.475436 76.171283 8.032185 7.620000 8.032185 9.158100 10.776307 12.700000 14.810618 2.540000 0.000000 2.540000 5.080000 7.620000 10.160000 12.700000 46.038013 46.164919 46.326307 46.521816 51.100953 51.215315 51.360835 51.537250 38.961046 37.771302 36.718968 35.816158 35.074419 34.504142 34.113927 32.553327 31.119563 29.833514 28.715033 27.784363 27.060890 26.561550 
65.605557 104.422976 104.525375 132.384375 71.115386 71.866796 72.632639 73.412466 75.291134 76.001270 76.725856 77.464487 73.071304 72.664189 72.277099 71.910358 77.887495 77.505683 77.142890 76.799388 9.158100 8.032185 7.620000 8.032185 9.158100 10.776307 12.700000 5.080000 2.540000 0.000000 2.540000 5.080000 7.620000 10.160000 45.888711 45.945874 46.038013 46.164919 50.966484 51.017958 51.100953 51.215315 40.276025 38.961046 37.771302 36.718968 35.816158 35.074419 34.504142 34.116186 32.553327 31.119563 29.833514 28.715033 27.784363 27.060890 
67.424094 105.574984 102.255920 130.599931 69.657729 70.378873 71.115386 71.866796 73.915870 74.595861 75.291134 76.001270 73.944271 73.498112 73.071304 72.664189 78.707062 78.288051 77.887495 77.505683 10.776307 9.158100 8.032185 7.620000 8.032185 9.158100 10.776307 7.620000 5.080000 2.540000 0.000000 2.540000 5.080000 7.620000 45.879757 45.866655 45.888711 45.945874 50.958423 50.946627 50.966484 51.017958 41.704394 40.276025 38.961046 37.771302 36.718968 35.816158 35.074419 35.791233 34.116186 32.553327 31.119563 29.833514 28.715033 27.784363 
69.288029 106.774996 99.999479 128.840849 68.263485 68.952436 69.657729 70.378873 72.603444 73.251588 73.915870 74.595861 74.893244 74.409433 73.944271 73.498112 79.599274 79.144236 78.707062 78.288051 12.700000 10.776307 9.158100 8.032185 7.620000 8.032185 9.158100 10.160000 7.620000 5.080000 2.540000 0.000000 2.540000 5.080000 46.011234 45.927987 45.879757 45.866655 51.076828 51.001850 50.958423 50.946627 43.234915 41.704394 40.276025 38.961046 37.771302 36.718968 35.816158 37.563464 35.791233 34.116186 32.553327 31.119563 29.833514 28.715033 
71.193797 108.021412 97.756951 127.108183 66.936618 67.591377 68.263485 68.952436 71.357323 71.971876 72.603444 73.251588 75.915374 75.395345 74.893244 74.409433 80.561718 80.071871 79.599274 79.144236 14.810618 12.700000 10.776307 9.158100 8.032185 7.620000 8.032185 12.700000 10.160000 7.620000 5.080000 2.540000 0.000000 2.540000 46.281945 46.129309 46.011234 45.927987 51.320826 51.183219 51.076828 51.001850 44.857135 43.234915 41.704394 40.276025 38.961046 37.771302 36.718968 39.419773 37.563464 35.791233 34.116186 32.553327 31.119563 29.833514 
73.138127 109.312645 95.529317 125.403027 65.681211 66.299723 66.936618 67.591377 70.181039 70.760229 71.357323 71.971876 77.007748 76.452964 75.915374 75.395345 81.591910 81.068503 80.561718 80.071871 17.038838 14.810618 12.700000 10.776307 9.158100 8.032185 7.620000 15.240000 12.700000 10.160000 7.620000 5.080000 2.540000 0.000000 46.689468 46.468802 46.281945 46.129309 51.688636 51.489399 51.320826 51.183219 46.561469 44.857135 43.234915 41.704394 40.276025 38.961046 37.771302 41.348837 39.419773 37.563464 35.791233 34.116186 32.553327 31.119563 
103.930690 67.520912 130.469021 103.825096 41.917124 43.137534 44.360728 45.586482 43.616507 44.790638 45.969866 47.153809 34.387930 33.459856 32.554877 31.674972 37.994392 37.156508 36.343695 35.557671 53.881301 53.633632 53.505529 53.497851 53.610648 53.843164 54.193858 46.326307 46.038013 45.888711 45.879757 46.011234 46.281945 46.689468 0.000000 1.270000 2.540000 3.810000 5.080000 5.236344 5.679613 6.350000 83.054617 82.380830 81.780413 81.254994 80.806035 80.434817 80.142420 75.768211 75.029018 74.369271 73.791101 73.296438 72.886983 72.564179 
104.520676 68.425558 129.574492 102.698754 40.699749 41.917124 43.137534 44.360728 42.447896 43.616507 44.790638 45.969866 35.337279 34.387930 33.459856 32.554877 38.855725 37.994392 37.156508 36.343695 54.049489 53.742605 53.554563 53.486615 53.539218 53.712020 54.003865 46.521816 46.164919 45.945874 45.866655 45.927987 46.129309 46.468802 1.270000 0.000000 1.270000 2.540000 5.236344 5.080000 5.236344 5.679613 83.418477 82.708659 82.071345 81.508233 81.020873 80.610636 80.278707 76.166887 75.388824 74.689076 74.069863 73.533219 73.080963 72.714670 
105.122695 69.341662 128.686278 101.575800 39.485688 40.699749 41.917124 43.137534 41.285275 42.447896 43.616507 44.790638 36.306234 35.337279 34.387930 33.459856 39.738982 38.855725 37.994392 37.156508 54.246897 53.881301 53.633632 53.505529 53.497851 53.610648 53.843164 46.751021 46.326307 46.038013 45.888711 45.879757 46.011234 46.281945 2.540000 1.270000 0.000000 1.270000 5.679613 5.236344 5.080000 5.236344 83.800005 83.054617 82.380830 81.780413 81.254994 80.806035 80.434817 76.584550 75.768211 75.029018 74.369271 73.791101 73.296438 72.886983 
105.736540 70.268777 127.804511 100.456350 38.275259 39.485688 40.699749 41.917124 40.129164 41.285275 42.447896 43.616507 37.293267 36.306234 35.337279 34.387930 40.642734 39.738982 38.855725 37.994392 54.473206 54.049489 53.742605 53.554563 53.486615 53.539218 53.712020 47.013426 46.521816 46.164919 45.945874 45.866655 45.927987 46.129309 3.810000 2.540000 1.270000 0.000000 6.350000 5.679613 5.236344 5.080000 84.198963 83.418477 82.708659 82.071345 81.508233 81.020873 80.610636 77.020892 76.166887 75.388824 74.689076 74.069863 73.533219 73.080963 
108.467087 64.032758 134.110723 101.591196 40.783621 42.036952 43.291254 44.546446 41.917124 43.137534 44.360728 45.586482 31.194525 30.168372 29.161425 28.175744 34.387930 33.459856 32.554877 31.674972 58.927264 58.700890 58.583868 58.576855 58.679890 58.892395 59.213193 51.360835 51.100953 50.966484 50.958423 51.076828 51.320826 51.688636 5.080000 5.236344 5.679613 6.350000 0.000000 1.270000 2.540000 3.810000 87.943640 87.307591 86.741284 86.246092 85.823247 85.473822 85.198720 80.618962 79.924644 79.305634 78.763708 78.300466 77.917312 77.615431 
109.032529 64.985979 133.240645 100.439806 39.531355 40.783621 42.036952 43.291254 40.699749 41.917124 43.137534 44.360728 32.238051 31.194525 30.168372 29.161425 35.337279 34.387930 33.459856 32.554877 59.081090 58.800472 58.628654 58.566593 58.614638 58.772519 59.039354 51.537250 51.215315 51.017958 50.946627 51.001850 51.183219 51.489399 5.236344 5.080000 5.236344 5.679613 1.270000 0.000000 1.270000 2.540000 88.287352 87.616989 87.015631 86.484718 86.025555 85.639296 85.326931 80.993764 80.262506 79.605611 79.024931 78.522159 78.098799 77.756147 
109.609769 65.949880 132.377032 99.291307 38.280257 39.531355 40.783621 42.036952 39.485688 40.699749 41.917124 43.137534 33.297316 32.238051 31.194525 30.168372 36.306234 35.337279 34.387930 33.459856 59.261739 58.927264 58.700890 58.583868 58.576855 58.679890 58.892395 51.744243 51.360835 51.100953 50.966484 50.958423 51.076828 51.320826 5.679613 5.236344 5.080000 5.236344 2.540000 1.270000 0.000000 1.270000 88.647929 87.943640 87.307591 86.741284 86.246092 85.823247 85.473822 81.386660 80.618962 79.924644 79.305634 78.763708 78.300466 77.917312 
110.198623 66.923999 131.520012 98.145803 37.030445 38.280257 39.531355 40.783621 38.275259 39.485688 40.699749 41.917124 34.370866 33.297316 32.238051 31.194525 37.293267 36.306234 35.337279 34.387930 59.468967 59.081090 58.800472 58.628654 58.566593 58.614638 58.772519 51.981448 51.537250 51.215315 51.017958 50.946627 51.001850 51.183219 6.350000 5.679613 5.236344 5.080000 3.810000 2.540000 1.270000 0.000000 89.025163 88.287352 87.616989 87.015631 86.484718 86.025555 85.639296 81.797390 80.993764 80.262506 79.605611 79.024931 78.522159 78.098799 
27.590498 129.797097 116.109151 171.951696 111.353138 112.081590 112.819636 113.567087 115.564197 116.266269 116.977915 117.698962 102.921988 102.902516 102.898716 102.910591 108.000869 107.982313 107.978692 107.990008 31.119563 32.553327 34.116186 35.791233 37.563464 39.419773 41.348837 37.771302 38.961046 40.276025 41.704394 43.234915 44.857135 46.561469 83.054617 83.418477 83.800005 84.198963 87.943640 88.287352 88.647929 89.025163 0.000000 2.540000 5.080000 7.620000 10.160000 12.700000 15.240000 7.620000 8.032185 9.158100 10.776307 12.700000 14.810618 17.038838 
29.874876 130.301800 113.584364 170.257037 109.925774 110.634469 111.353138 112.081590 114.189483 114.871876 115.564197 116.266269 103.007906 102.957123 102.921988 102.902516 108.082749 108.034352 108.000869 107.982313 29.833514 31.119563 32.553327 34.116186 35.791233 37.563464 39.419773 36.718968 37.771302 38.961046 40.276025 41.704394 43.234915 44.857135 82.380830 82.708659 83.054617 83.418477 87.307591 87.616989 87.943640 88.287352 2.540000 0.000000 2.540000 5.080000 7.620000 10.160000 12.700000 8.032185 7.620000 8.032185 9.158100 10.776307 12.700000 14.810618 
32.197579 130.853869 111.060270 168.583613 108.539087 109.227248 109.925774 110.634469 112.855198 113.517197 114.189483 114.871876 103.156312 103.074312 103.007906 102.957123 108.224197 108.146040 108.082749 108.034352 28.715033 29.833514 31.119563 32.553327 34.116186 35.791233 37.563464 35.816158 36.718968 37.771302 38.961046 40.276025 41.704394 43.234915 81.780413 82.071345 82.380830 82.708659 86.741284 87.015631 87.307591 87.616989 5.080000 2.540000 0.000000 2.540000 5.080000 7.620000 10.160000 9.158100 8.032185 7.620000 8.032185 9.158100 10.776307 12.700000 
34.550878 131.452707 108.536918 166.932062 107.194655 107.861489 108.539087 109.227248 111.562792 112.203668 112.855198 113.517197 103.366940 103.253870 103.156312 103.074312 108.424980 108.317190 108.224197 108.146040 27.784363 28.715033 29.833514 31.119563 32.553327 34.116186 35.791233 35.074419 35.816158 36.718968 37.771302 38.961046 40.276025 41.704394 81.254994 81.508233 81.780413 82.071345 86.246092 86.484718 86.741284 87.015631 7.620000 5.080000 2.540000 0.000000 2.540000 5.080000 7.620000 10.776307 9.158100 8.032185 7.620000 8.032185 9.158100 10.776307 
36.928924 132.097677 106.014361 165.303042 105.894089 106.538788 107.194655 107.861489 110.313736 110.932752 111.562792 112.203668 103.639407 103.495471 103.366940 103.253870 108.684768 108.547523 108.424980 108.317190 27.060890 27.784363 28.715033 29.833514 31.119563 32.553327 34.116186 34.504142 35.074419 35.816158 36.718968 37.771302 38.961046 40.276025 80.806035 81.020873 81.254994 81.508233 85.823247 86.025555 86.246092 86.484718 10.160000 7.620000 5.080000 2.540000 0.000000 2.540000 5.080000 12.700000 10.776307 9.158100 8.032185 7.620000 8.032185 9.158100 
39.327228 132.788109 103.492658 163.697224 104.639024 105.260766 105.894089 106.538788 109.109521 109.705930 110.313736 110.932752 103.973230 103.798684 103.639407 103.495471 109.003140 108.836661 108.684768 108.547523 26.561550 27.060890 27.784363 28.715033 29.833514 31.119563 32.553327 34.113927 34.504142 35.074419 35.816158 36.718968 37.771302 38.961046 80.434817 80.610636 80.806035 81.020873 85.473822 85.639296 85.823247 86.025555 12.700000 10.160000 7.620000 5.080000 2.540000 0.000000 2.540000 14.810618 12.700000 10.776307 9.158100 8.032185 7.620000 8.032185 
41.742299 133.523295 100.971872 162.115298 103.431116 104.029071 104.639024 105.260766 107.951647 108.524697 109.109521 109.705930 104.367819 104.162969 103.973230 103.798684 109.379585 109.184139 109.003140 108.836661 26.299112 26.561550 27.060890 27.784363 28.715033 29.833514 31.119563 33.909989 34.113927 34.504142 35.074419 35.816158 36.718968 37.771302 80.142420 80.278707 80.434817 80.610636 85.198720 85.326931 85.473822 85.639296 15.240000 12.700000 10.160000 7.620000 5.080000 2.540000 0.000000 17.038838 14.810618 12.700000 10.776307 9.158100 8.032185 7.620000 
31.789294 122.323383 117.177893 166.382420 105.180568 105.951467 106.731911 107.521690 109.275318 110.017528 110.769327 111.530520 95.303890 95.282862 95.278758 95.291582 100.382590 100.362626 100.358730 100.370904 25.026225 26.788128 28.667035 30.641428 32.694015 34.810964 36.981226 31.119563 32.553327 34.116186 35.791233 37.563464 39.419773 41.348837 75.768211 76.166887 76.584550 77.020892 80.618962 80.993764 81.386660 81.797390 7.620000 8.032185 9.158100 10.776307 12.700000 14.810618 17.038838 0.000000 2.540000 5.080000 7.620000 10.160000 12.700000 15.240000 
33.791003 122.858792 114.676638 164.630441 103.668251 104.419425 105.180568 105.951467 107.820450 108.542892 109.275318 110.017528 95.396669 95.341833 95.303890 95.282862 100.470679 100.418614 100.382590 100.362626 23.407762 25.026225 26.788128 28.667035 30.641428 32.694015 34.810964 29.833514 31.119563 32.553327 34.116186 35.791233 37.563464 39.419773 75.029018 75.388824 75.768211 76.166887 79.924644 80.262506 80.618962 80.993764 8.032185 7.620000 8.032185 9.158100 10.776307 12.700000 14.810618 2.540000 0.000000 2.540000 5.080000 7.620000 10.160000 12.700000 
35.860950 123.444152 112.177124 162.899227 102.196692 102.927267 103.668251 104.419425 106.406330 107.108194 107.820450 108.542892 95.556898 95.468370 95.396669 95.341833 100.622828 100.538762 100.470679 100.418614 21.964468 23.407762 25.026225 26.788128 28.667035 30.641428 32.694015 28.715033 29.833514 31.119563 32.553327 34.116186 35.791233 37.563464 74.369271 74.689076 75.029018 75.388824 79.305634 79.605611 79.924644 80.262506 9.158100 8.032185 7.620000 8.032185 9.158100 10.776307 12.700000 5.080000 2.540000 0.000000 2.540000 5.080000 7.620000 10.160000 
37.987982 124.078756 109.679470 161.189445 100.767677 101.476753 102.196692 102.927267 105.034603 105.715063 106.406330 107.108194 95.784237 95.662205 95.556898 95.468370 100.838747 100.722839 100.622828 100.538762 20.732959 21.964468 23.407762 25.026225 26.788128 28.667035 30.641428 27.784363 28.715033 29.833514 31.119563 32.553327 34.116186 35.791233 73.791101 74.069863 74.369271 74.689076 78.763708 79.024931 79.305634 79.605611 10.776307 9.158100 8.032185 7.620000 8.032185 9.158100 10.776307 7.620000 5.080000 2.540000 0.000000 2.540000 5.080000 7.620000 
40.163031 124.761853 107.183807 159.501785 99.383040 100.069695 100.767677 101.476753 103.706951 104.365161 105.034603 105.715063 96.078211 95.922930 95.784237 95.662205 101.118028 100.970497 100.838747 100.722839 19.752887 20.732959 21.964468 23.407762 25.026225 26.788128 28.667035 27.060890 27.784363 28.715033 29.833514 31.119563 32.553327 34.116186 73.296438 73.533219 73.791101 74.069863 78.300466 78.522159 78.763708 79.024931 12.700000 10.776307 9.158100 8.032185 7.620000 8.032185 9.158100 10.160000 7.620000 5.080000 2.540000 0.000000 2.540000 5.080000 
42.378703 125.492651 104.690276 157.836956 98.044663 98.707950 99.383040 100.069695 102.425090 103.060189 103.706951 104.365161 96.438211 96.250001 96.078211 95.922930 101.460146 101.281269 101.118028 100.970497 19.063071 19.752887 20.732959 21.964468 23.407762 25.026225 26.788128 26.561550 27.060890 27.784363 28.715033 29.833514 31.119563 32.553327 72.886983 73.080963 73.296438 73.533219 77.917312 78.098799 78.300466 78.522159 14.810618 12.700000 10.776307 9.158100 8.032185 7.620000 8.032185 12.700000 10.160000 7.620000 5.080000 2.540000 0.000000 2.540000 
44.628950 126.270321 102.199034 156.195690 96.754464 97.393419 98.044663 98.707950 101.190757 101.801873 102.425090 103.060189 96.863499 96.642744 96.438211 96.250001 101.864470 101.654576 101.460146 101.281269 18.695668 19.063071 19.752887 20.732959 21.964468 23.407762 25.026225 26.299112 26.561550 27.060890 27.784363 28.715033 29.833514 31.119563 72.564179 72.714670 72.886983 73.080963 77.615431 77.756147 77.917312 78.098799 17.038838 14.810618 12.700000 10.776307 9.158100 8.032185 7.620000 15.240000 12.700000 10.160000 7.620000 5.080000 2.540000 0.000000 
