37
# Circuit board instance
Size: large
Nodes: 37
0.000000 65.000000 65.000000 91.923882 71.801606 73.452570 75.153128 76.899990 78.690073 80.520493 82.388562 77.810944 79.336955 80.913936 82.538966 84.209263 85.922187 87.675239 26.086229 28.601784 31.121311 33.643916 36.168957 40.907167 43.443158 45.979593 48.516400 51.053525 53.590922 56.128554 42.042121 44.513499 46.992197 49.477112 51.967355 54.462193 56.961024 
65.000000 0.000000 91.923882 65.000000 46.973591 49.460364 51.952288 54.448655 56.948881 59.452479 61.959041 45.989027 48.526281 51.063809 53.601571 56.139536 58.677676 61.215971 39.371062 36.843606 34.318001 31.794691 29.274266 74.770543 76.187570 77.661836 79.190144 80.769426 82.396752 84.069331 68.514069 70.057758 71.658247 73.311817 75.014957 76.764369 78.556960 
65.000000 91.923882 0.000000 65.000000 58.384206 57.604903 56.928354 56.358259 55.897874 55.549928 55.316543 65.633740 64.941491 64.342131 63.838278 63.432206 63.125802 62.920524 66.438260 67.465644 68.571766 69.752879 71.005243 24.277100 21.750616 19.227694 16.709947 14.200128 11.703339 9.230161 26.144238 23.816651 21.537126 19.322679 17.198466 15.202360 13.391769 
91.923882 65.000000 65.000000 0.000000 21.442084 19.219064 17.084643 15.076500 13.252165 11.697952 10.534111 19.189459 16.668676 14.154766 11.652176 9.170182 6.731601 4.409067 72.688594 71.351260 70.080499 68.879993 67.753478 67.131329 66.259543 65.474743 64.780090 64.178512 63.672647 63.264790 60.084598 59.108973 58.227876 57.445659 56.766408 56.193857 55.731295 
71.801606 46.973591 58.384206 21.442084 0.000000 2.540000 5.080000 7.620000 10.160000 12.700000 15.240000 7.620000 8.032185 9.158100 10.776307 12.700000 14.810618 17.038838 51.380365 49.971758 48.655057 47.437914 46.328178 53.062310 52.878755 52.816851 52.877028 53.058869 53.361131 53.781783 45.483452 45.269176 45.196852 45.267159 45.479437 45.831713 46.320792 
73.452570 49.460364 57.604903 19.219064 2.540000 0.000000 2.540000 5.080000 7.620000 10.160000 12.700000 8.032185 7.620000 8.032185 9.158100 10.776307 12.700000 14.810618 53.484082 52.132348 50.871600 49.708760 48.650849 53.366264 53.062310 52.878755 52.816851 52.877028 53.058869 53.361131 45.837689 45.483452 45.269176 45.196852 45.267159 45.479437 45.831713 
75.153128 51.952288 56.928354 17.084643 5.080000 2.540000 0.000000 2.540000 5.080000 7.620000 10.160000 9.158100 8.032185 7.620000 8.032185 9.158100 10.776307 12.700000 55.624233 54.325777 53.117116 52.004511 50.994249 53.788573 53.366264 53.062310 52.878755 52.816851 52.877028 53.058869 46.328676 45.837689 45.483452 45.269176 45.196852 45.267159 45.479437 
76.899990 54.448655 56.358259 15.076500 7.620000 5.080000 2.540000 0.000000 2.540000 5.080000 7.620000 10.776307 9.158100 8.032185 7.620000 8.032185 9.158100 10.776307 57.796772 56.548223 55.388081 54.322009 53.355646 54.326479 53.788573 53.366264 53.062310 52.878755 52.816851 52.877028 46.952124 46.328676 45.837689 45.483452 45.269176 45.196852 45.267159 
78.690073 56.948881 55.897874 13.252165 10.160000 7.620000 5.080000 2.540000 0.000000 2.540000 5.080000 12.700000 10.776307 9.158100 8.032185 7.620000 8.032185 9.158100 59.998179 58.796397 57.681489 56.658586 55.732752 54.976588 54.326479 53.788573 53.366264 53.062310 52.878755 52.816851 47.702839 46.952124 46.328676 45.837689 45.483452 45.269176 45.196852 
80.520493 59.452479 55.549928 11.697952 12.700000 10.160000 7.620000 5.080000 2.540000 0.000000 2.540000 14.810618 12.700000 10.776307 9.158100 8.032185 7.620000 8.032185 62.225392 61.067456 59.994767 59.011975 58.123640 55.734974 54.976588 54.326479 53.788573 53.366264 53.062310 52.878755 48.574921 47.702839 46.952124 46.328676 45.837689 45.483452 45.269176 
82.388562 61.959041 55.316543 10.534111 15.240000 12.700000 10.160000 7.620000 5.080000 2.540000 0.000000 17.038838 14.810618 12.700000 10.776307 9.158100 8.032185 7.620000 64.475736 63.358940 62.325703 61.380244 60.526677 56.597284 55.734974 54.976588 54.326479 53.788573 53.366264 53.062310 49.561964 48.574921 47.702839 46.952124 46.328676 45.837689 45.483452 
77.810944 45.989027 65.633740 19.189459 7.620000 8.032185 9.158100 10.776307 12.700000 14.810618 17.038838 0.000000 2.540000 5.080000 7.620000 10.160000 12.700000 15.240000 56.086156 54.444302 52.873532 51.380365 49.971758 60.651479 60.490957 60.436851 60.489447 60.648469 60.913081 61.281917 53.062310 52.878755 52.816851 52.877028 53.058869 53.361131 53.781783 
79.336955 48.526281 64.941491 16.668676 8.032185 7.620000 8.032185 9.158100 10.776307 12.700000 14.810618 2.540000 0.000000 2.540000 5.080000 7.620000 10.160000 12.700000 58.019496 56.433918 54.920082 53.484082 52.132348 60.917578 60.651479 60.490957 60.436851 60.489447 60.648469 60.913081 53.366264 53.062310 52.878755 52.816851 52.877028 53.058869 53.361131 
80.913936 51.063809 64.342131 14.154766 9.158100 8.032185 7.620000 8.032185 9.158100 10.776307 12.700000 5.080000 2.540000 0.000000 2.540000 5.080000 7.620000 10.160000 59.998086 58.466190 57.006348 55.624233 54.325777 61.287876 60.917578 60.651479 60.490957 60.436851 60.489447 60.648469 53.788573 53.366264 53.062310 52.878755 52.816851 52.877028 53.058869 
82.538966 53.601571 63.838278 11.652176 10.776307 9.158100 8.032185 7.620000 8.032185 9.158100 10.776307 7.620000 5.080000 2.540000 0.000000 2.540000 5.080000 7.620000 62.017593 60.536823 59.128126 57.796772 56.548223 61.760501 61.287876 60.917578 60.651479 60.490957 60.436851 60.489447 54.326479 53.788573 53.366264 53.062310 52.878755 52.816851 52.877028 
84.209263 56.139536 63.432206 9.170182 12.700000 10.776307 9.158100 8.032185 7.620000 8.032185 9.158100 10.160000 7.620000 5.080000 2.540000 0.000000 2.540000 5.080000 64.074148 62.642012 61.281726 59.998179 58.796397 62.333124 61.760501 61.287876 60.917578 60.651479 60.490957 60.436851 54.976588 54.326479 53.788573 53.366264 53.062310 52.878755 52.816851 
85.922187 58.677676 63.125802 6.731601 14.810618 12.700000 10.776307 9.158100 8.032185 7.620000 8.032185 12.700000 10.160000 7.620000 5.080000 2.540000 0.000000 2.540000 66.164299 64.778388 63.463910 62.225392 61.067456 63.003019 62.333124 61.760501 61.287876 60.917578 60.651479 60.490957 55.734974 54.976588 54.326479 53.788573 53.366264 53.062310 52.878755 
87.675239 61.215971 62.920524 4.409067 17.038838 14.810618 12.700000 10.776307 9.158100 8.032185 7.620000 15.240000 12.700000 10.160000 7.620000 5.080000 2.540000 0.000000 68.284958 66.942966 65.671828 64.475736 63.358940 63.767121 63.003019 62.333124 61.760501 61.287876 60.917578 60.651479 56.597284 55.734974 54.976588 54.326479 53.788573 53.366264 53.062310 
26.086229 39.371062 66.438260 72.688594 51.380365 53.484082 55.624233 57.796772 59.998179 62.225392 64.475736 56.086156 58.019496 59.998086 62.017593 64.074148 66.164299 68.284958 0.000000 2.540000 5.080000 7.620000 10.160000 43.850972 46.017552 48.220595 50.455322 52.717706 55.004334 57.312304 40.295086 42.642717 45.011242 47.397529 49.799024 52.213628 54.639604 
28.601784 36.843606 67.465644 71.351260 49.971758 52.132348 54.325777 56.548223 58.796397 61.067456 63.358940 54.444302 56.433918 58.466190 60.536823 62.642012 64.778388 66.942966 2.540000 0.000000 2.540000 5.080000 7.620000 45.259828 47.362004 49.505253 51.684464 53.895277 56.133957 58.397299 41.358538 43.649010 45.965712 48.304870 50.663374 53.038643 55.428522 
31.121311 34.318001 68.571766 70.080499 48.655057 50.871600 53.117116 55.388081 57.681489 59.994767 62.325703 52.873532 54.920082 57.006348 59.128126 61.281726 63.463910 65.671828 5.080000 2.540000 0.000000 2.540000 5.080000 46.764298 48.801711 50.884355 53.006900 55.164739 57.353889 59.570899 42.547228 44.776936 47.038119 49.326447 51.638313 53.970692 56.321035 
33.643916 31.794691 69.752879 68.879993 47.437914 49.708760 52.004511 54.322009 56.658586 59.011975 61.380244 51.380365 53.484082 55.624233 57.796772 59.998179 62.225392 64.475736 7.620000 5.080000 2.540000 0.000000 2.540000 48.355458 50.328498 52.350438 54.415826 56.519900 58.658498 60.827977 43.850972 46.017552 48.220595 50.455322 52.717706 55.004334 57.312304 
36.168957 29.274266 71.005243 67.753478 46.328178 48.650849 50.994249 53.355646 55.732752 58.123640 60.526677 49.971758 52.132348 54.325777 56.548223 58.796397 61.067456 63.358940 10.160000 7.620000 5.080000 2.540000 0.000000 50.025036 51.934686 53.896403 55.904705 57.954750 60.042262 62.163467 45.259828 47.362004 49.505253 51.684464 53.895277 56.133957 58.397299 
40.907167 74.770543 24.277100 67.131329 53.062310 53.366264 53.788573 54.326479 54.976588 55.734974 56.597284 60.651479 60.917578 61.287876 61.760501 62.333124 63.003019 63.767121 43.850972 45.259828 46.764298 48.355458 50.025036 0.000000 2.540000 5.080000 7.620000 10.160000 12.700000 15.240000 7.620000 8.032185 9.158100 10.776307 12.700000 14.810618 17.038838 
43.443158 76.187570 21.750616 66.259543 52.878755 53.062310 53.366264 53.788573 54.326479 54.976588 55.734974 60.490957 60.651479 60.917578 61.287876 61.760501 62.333124 63.003019 46.017552 47.362004 48.801711 50.328498 51.934686 2.540000 0.000000 2.540000 5.080000 7.620000 10.160000 12.700000 8.032185 7.620000 8.032185 9.158100 10.776307 12.700000 14.810618 
45.979593 77.661836 19.227694 65.474743 52.816851 52.878755 53.062310 53.366264 53.788573 54.326479 54.976588 60.436851 60.490957 60.651479 60.917578 61.287876 61.760501 62.333124 48.220595 49.505253 50.884355 52.350438 53.896403 5.080000 2.540000 0.000000 2.540000 5.080000 7.620000 10.160000 9.158100 8.032185 7.620000 8.032185 9.158100 10.776307 12.700000 
48.516400 79.190144 16.709947 64.780090 52.877028 52.816851 52.878755 53.062310 53.366264 53.788573 54.326479 60.489447 60.436851 60.490957 60.651479 60.917578 61.287876 61.760501 50.455322 51.684464 53.006900 54.415826 55.904705 7.620000 5.080000 2.540000 0.000000 2.540000 5.080000 7.620000 10.776307 9.158100 8.032185 7.620000 8.032185 9.158100 10.776307 
51.053525 80.769426 14.200128 64.178512 53.058869 52.877028 52.816851 52.878755 53.062310 53.366264 53.788573 60.648469 60.489447 60.436851 60.490957 60.651479 60.917578 61.287876 52.717706 53.895277 55.164739 56.519900 57.954750 10.160000 7.620000 5.080000 2.540000 0.000000 2.540000 5.080000 12.700000 10.776307 9.158100 8.032185 7.620000 8.032185 9.158100 
53.590922 82.396752 11.703339 63.672647 53.361131 53.058869 52.877028 52.816851 52.878755 53.062310 53.366264 60.913081 60.648469 60.489447 60.436851 60.490957 60.651479 60.917578 55.004334 56.133957 57.353889 58.658498 60.042262 12.700000 10.160000 7.620000 5.080000 2.540000 0.000000 2.540000 14.810618 12.700000 10.776307 9.158100 8.032185 7.620000 8.032185 
56.128554 84.069331 9.230161 63.264790 53.781783 53.361131 53.058869 52.877028 52.816851 52.878755 53.062310 61.281917 60.913081 60.648469 60.489447 60.436851 60.490957 60.651479 57.312304 58.397299 59.570899 60.827977 62.163467 15.240000 12.700000 10.160000 7.620000 5.080000 2.540000 0.000000 17.038838 14.810618 12.700000 10.776307 9.158100 8.032185 7.620000 
42.042121 68.514069 26.144238 60.084598 45.483452 45.837689 46.328676 46.952124 47.702839 48.574921 49.561964 53.062310 53.366264 53.788573 54.326479 54.976588 55.734974 56.597284 40.295086 41.358538 42.547228 43.850972 45.259828 7.620000 8.032185 9.158100 10.776307 12.700000 14.810618 17.038838 0.000000 2.540000 5.080000 7.620000 10.160000 12.700000 15.240000 
44.513499 70.057758 23.816651 59.108973 45.269176 45.483452 45.837689 46.328676 46.952124 47.702839 48.574921 52.878755 53.062310 53.366264 53.788573 54.326479 54.976588 55.734974 42.642717 43.649010 44.776936 46.017552 47.362004 8.032185 7.620000 8.032185 9.158100 10.776307 12.700000 14.810618 2.540000 0.000000 2.540000 5.080000 7.620000 10.160000 12.700000 
46.992197 71.658247 21.537126 58.227876 45.196852 45.269176 45.483452 45.837689 46.328676 46.952124 47.702839 52.816851 52.878755 53.062310 53.366264 53.788573 54.326479 54.976588 45.011242 45.965712 47.038119 48.220595 49.505253 9.158100 8.032185 7.620000 8.032185 9.158100 10.776307 12.700000 5.080000 2.540000 0.000000 2.540000 5.080000 7.620000 10.160000 
49.477112 73.311817 19.322679 57.445659 45.267159 45.196852 45.269176 45.483452 45.837689 46.328676 46.952124 52.877028 52.816851 52.878755 53.062310 53.366264 53.788573 54.326479 47.397529 48.304870 49.326447 50.455322 51.684464 10.776307 9.158100 8.032185 7.620000 8.032185 9.158100 10.776307 7.620000 5.080000 2.540000 0.000000 2.540000 5.080000 7.620000 
51.967355 75.014957 17.198466 56.766408 45.479437 45.267159 45.196852 45.269176 45.483452 45.837689 46.328676 53.058869 52.877028 52.816851 52.878755 53.062310 53.366264 53.788573 49.799024 50.663374 51.638313 52.717706 53.895277 12.700000 10.776307 9.158100 8.032185 7.620000 8.032185 9.158100 10.160000 7.620000 5.080000 2.540000 0.000000 2.540000 5.080000 
54.462193 76.764369 15.202360 56.193857 45.831713 45.479437 45.267159 45.196852 45.269176 45.483452 45.837689 53.361131 53.058869 52.877028 52.816851 52.878755 53.062310 53.366264 52.213628 53.038643 53.970692 55.004334 56.133957 14.810618 12.700000 10.776307 9.158100 8.032185 7.620000 8.032185 12.700000 10.160000 7.620000 5.080000 2.540000 0.000000 2.540000 
56.961024 78.556960 13.391769 55.731295 46.320792 45.831713 45.479437 45.267159 45.196852 45.269176 45.483452 53.781783 53.361131 53.058869 52.877028 52.816851 52.878755 53.062310 54.639604 55.428522 56.321035 57.312304 58.397299 17.038838 14.810618 12.700000 10.776307 9.158100 8.032185 7.620000 15.240000 12.700000 10.160000 7.620000 5.080000 2.540000 0.000000 
