39
# Circuit board instance
Size: large
Nodes: 39
0.000000 115.000000 115.000000 162.634560 108.858436 109.927981 111.045333 112.209065 113.417749 114.669963 115.964297 115.845879 116.851485 117.903242 118.999928 120.140311 121.323159 122.547243 60.482210 60.755639 61.054267 61.377725 65.462323 65.715034 65.991223 66.290596 151.756499 152.688773 153.625889 154.567759 155.261289 156.172643 157.088978 158.010206 117.592233 119.652530 121.730956 123.826599 125.938599 
115.000000 0.000000 162.634560 115.000000 47.493109 49.895864 52.311589 54.738566 57.175362 59.620774 62.073783 45.531351 48.032341 50.537223 53.045444 55.556553 58.070175 60.585997 57.170493 57.459684 57.775350 58.117061 52.223398 52.539826 52.884866 53.257964 111.714897 112.978072 114.241399 115.504872 111.300725 112.568547 113.836419 115.104337 72.211993 71.548350 70.969460 70.477409 70.074027 
115.000000 162.634560 0.000000 115.000000 121.542943 120.093667 118.681060 117.306446 115.971176 114.676625 113.424187 127.838944 126.461842 125.121151 123.818055 122.553752 121.329456 120.146389 118.437219 117.338932 116.244143 115.152952 121.056156 119.981844 118.911390 117.844899 103.442021 103.402023 103.377612 103.368801 108.518592 108.480466 108.457198 108.448799 105.343514 107.638517 109.944296 112.260185 114.585572 
162.634560 115.000000 115.000000 0.000000 71.959179 69.483273 67.012165 64.546406 62.086633 59.633587 57.188132 70.679784 68.157419 65.636414 63.116932 60.599163 58.083330 55.569695 116.780745 115.666730 114.555961 113.448534 114.440205 113.303179 112.169008 111.037777 12.265201 11.923160 11.709574 11.631523 7.620251 7.056545 6.689336 6.551748 49.838684 48.872170 48.020690 47.290460 46.687169 
108.858436 47.493109 121.542943 71.959179 0.000000 2.540000 5.080000 7.620000 10.160000 12.700000 15.240000 7.620000 8.032185 9.158100 10.776307 12.700000 14.810618 17.038838 51.478120 50.688971 49.919660 49.171119 47.635968 46.782051 45.947372 45.132998 66.444328 67.711891 68.979544 70.247281 66.954107 68.212197 69.470722 70.729656 24.946631 24.639688 24.592626 24.806924 25.275935 
109.927981 49.895864 120.093667 69.483273 2.540000 0.000000 2.540000 5.080000 7.620000 10.160000 12.700000 8.032185 7.620000 8.032185 9.158100 10.776307 12.700000 14.810618 53.112376 52.286210 51.478120 50.688971 49.397501 48.508106 47.635968 46.782051 63.909493 65.176860 66.444328 67.711891 64.439327 65.696474 66.954107 68.212197 22.448249 22.106644 22.054178 22.292891 22.813645 
111.045333 52.311589 118.681060 67.012165 5.080000 2.540000 0.000000 2.540000 5.080000 7.620000 10.160000 9.158100 8.032185 7.620000 8.032185 9.158100 10.776307 12.700000 54.815649 53.955788 53.112376 52.286210 51.224446 50.303236 49.397501 48.508106 61.375084 62.642231 63.909493 65.176860 61.926606 63.182694 64.439327 65.696474 19.960376 19.575404 19.516133 19.785492 20.370447 
112.209065 54.738566 117.306446 64.546406 7.620000 5.080000 2.540000 0.000000 2.540000 5.080000 7.620000 10.776307 9.158100 8.032185 7.620000 8.032185 9.158100 10.776307 56.581705 55.691197 54.815649 53.955788 53.110055 52.160311 51.224446 50.303236 58.841157 60.108056 61.375084 62.642231 59.416205 60.671098 61.926606 63.182694 17.487495 17.046769 16.978673 17.287613 17.954136 
113.417749 57.175362 115.971176 62.086633 10.160000 7.620000 5.080000 2.540000 0.000000 2.540000 5.080000 12.700000 10.776307 9.158100 8.032185 7.620000 8.032185 9.158100 58.404851 57.486477 56.581705 55.691197 55.048298 54.072947 53.110055 52.160311 56.307778 57.574395 58.841157 60.108056 56.908431 58.161968 59.416205 60.671098 15.037007 14.522101 14.442107 14.804076 15.577230 
114.669963 59.620774 114.676625 59.633587 12.700000 10.160000 7.620000 5.080000 2.540000 0.000000 2.540000 14.810618 12.700000 10.776307 9.158100 8.032185 7.620000 8.032185 60.279905 59.336194 58.404851 57.486477 57.033811 56.035457 55.048298 54.072947 53.775023 55.041317 56.307778 57.574395 54.403647 55.655640 56.908431 58.161968 12.621960 12.003904 11.907004 12.343540 13.260935 
115.964297 62.073783 113.424187 57.188132 15.240000 12.700000 10.160000 7.620000 5.080000 2.540000 0.000000 17.038838 14.810618 12.700000 10.776307 9.158100 8.032185 7.620000 62.202175 61.235414 60.279905 59.336194 59.061825 58.042781 57.033811 56.035457 51.242986 52.508908 53.775023 55.041317 51.902285 53.152508 54.403647 55.655640 10.267394 9.497326 9.374553 9.923128 11.043455 
115.845879 45.531351 127.838944 70.679784 7.620000 8.032185 9.158100 10.776307 12.700000 14.810618 17.038838 0.000000 2.540000 5.080000 7.620000 10.160000 12.700000 15.240000 57.601979 56.897829 56.213553 55.549888 53.476699 52.717476 51.978197 51.259725 66.404949 67.673250 68.941613 70.210035 66.334016 67.603648 68.873293 70.142951 27.302273 26.296090 25.504074 24.946631 24.639688 
116.851485 48.032341 126.461842 68.157419 8.032185 7.620000 8.032185 9.158100 10.776307 12.700000 14.810618 2.540000 0.000000 2.540000 5.080000 7.620000 10.160000 12.700000 59.067044 58.325286 57.601979 56.897829 55.051658 54.255030 53.476699 52.717476 63.868551 65.136715 66.404949 67.673250 63.794798 65.064399 66.334016 67.603648 25.040040 23.938961 23.066150 22.448249 22.106644 
117.903242 50.537223 125.121151 65.636414 9.158100 8.032185 7.620000 8.032185 9.158100 10.776307 12.700000 5.080000 2.540000 0.000000 2.540000 5.080000 7.620000 10.160000 60.603189 59.826567 59.067044 58.325286 56.696700 55.865799 55.051658 54.255030 61.332450 62.600461 63.868551 65.136715 61.255644 62.525212 63.794798 65.064399 22.836294 21.623287 20.652844 19.960376 19.575404 
118.999928 53.045444 123.818055 63.116932 10.776307 9.158100 8.032185 7.620000 8.032185 9.158100 10.776307 7.620000 5.080000 2.540000 0.000000 2.540000 5.080000 7.620000 62.205149 61.396259 60.603189 59.826567 58.405906 57.543635 56.696700 55.865799 58.796686 60.064523 61.332450 62.600461 58.716563 59.986093 61.255644 62.525212 20.709713 19.363947 18.273912 17.487495 17.046769 
120.140311 55.556553 122.553752 60.599163 12.700000 10.776307 9.158100 8.032185 7.620000 8.032185 9.158100 10.160000 7.620000 5.080000 2.540000 0.000000 2.540000 5.080000 63.867971 63.029249 62.205149 61.396259 60.173807 59.282844 58.405906 57.543635 56.261304 57.528944 58.796686 60.064523 56.177565 57.447053 58.716563 59.986093 18.686661 17.183176 15.944747 15.037007 14.522101 
121.323159 58.070175 121.329456 58.083330 14.810618 12.700000 10.776307 9.158100 8.032185 7.620000 8.032185 12.700000 10.160000 7.620000 5.080000 2.540000 0.000000 2.540000 65.587027 64.720747 63.867971 63.029249 61.995383 61.078183 60.173807 59.282844 53.726359 54.993773 56.261304 57.528944 53.638662 54.908101 56.177565 57.447053 16.804571 15.115020 13.690773 12.621960 12.003904 
122.547243 60.585997 120.146389 55.569695 17.038838 14.810618 12.700000 10.776307 9.158100 8.032185 7.620000 15.240000 12.700000 10.160000 7.620000 5.080000 2.540000 0.000000 67.358012 66.466285 65.587027 64.720747 63.866041 62.924847 61.995383 61.078183 51.191914 52.459069 53.726359 54.993773 51.099868 52.369251 53.638662 54.908101 15.116187 13.212469 11.556070 10.267394 9.497326 
60.482210 57.170493 118.437219 116.780745 51.478120 53.112376 54.815649 56.581705 58.404851 60.279905 62.202175 57.601979 59.067044 60.603189 62.205149 63.867971 65.587027 67.358012 0.000000 1.270000 2.540000 3.810000 5.080000 5.236344 5.679613 6.350000 108.126919 109.287328 110.450149 111.615306 110.299828 111.437613 112.578225 113.721581 67.249294 68.633492 70.082439 71.592202 73.159017 
60.755639 57.459684 117.338932 115.666730 50.688971 52.286210 53.955788 55.691197 57.486477 59.336194 61.235414 56.897829 58.325286 59.826567 61.396259 63.029249 64.720747 66.466285 1.270000 0.000000 1.270000 2.540000 5.236344 5.080000 5.236344 5.679613 106.969000 108.126919 109.287328 110.450149 109.164960 110.299828 111.437613 112.578225 66.177121 67.583283 69.054269 70.586027 72.174688 
61.054267 57.775350 116.244143 114.555961 49.919660 51.478120 53.112376 54.815649 56.581705 58.404851 60.279905 56.213553 57.601979 59.067044 60.603189 62.205149 63.867971 65.587027 2.540000 1.270000 0.000000 1.270000 5.679613 5.236344 5.080000 5.236344 105.813652 106.969000 108.126919 109.287328 108.033099 109.164960 110.299828 111.437613 65.112065 66.540737 68.034268 69.588482 71.199404 
61.377725 58.117061 115.152952 113.448534 49.171119 50.688971 52.286210 53.955788 55.691197 57.486477 59.336194 55.549888 56.897829 58.325286 59.826567 61.396259 63.029249 64.720747 3.810000 2.540000 1.270000 0.000000 6.350000 5.679613 5.236344 5.080000 104.660962 105.813652 106.969000 108.126919 106.904343 108.033099 109.164960 110.299828 64.054480 65.506222 67.022810 68.599944 70.233543 
65.462323 52.223398 121.056156 114.440205 47.635968 49.397501 51.224446 53.110055 55.048298 57.033811 59.061825 53.476699 55.051658 56.696700 58.405906 60.173807 61.995383 63.866041 5.080000 5.236344 5.679613 6.350000 0.000000 1.270000 2.540000 3.810000 106.152823 107.334577 108.518324 109.704001 108.126919 109.287328 110.450149 111.615306 64.691573 65.933921 67.249294 68.633492 70.082439 
65.715034 52.539826 119.981844 113.303179 46.782051 48.508106 50.303236 52.160311 54.072947 56.035457 58.042781 52.717476 54.255030 55.865799 57.543635 59.282844 61.078183 62.924847 5.236344 5.080000 5.236344 5.679613 1.270000 0.000000 1.270000 2.540000 104.973131 106.152823 107.334577 108.518324 106.969000 108.126919 109.287328 110.450149 63.576281 64.840002 66.177121 67.583283 69.054269 
65.991223 52.884866 118.911390 112.169008 45.947372 47.635968 49.397501 51.224446 53.110055 55.048298 57.033811 51.978197 53.476699 55.051658 56.696700 58.405906 60.173807 61.995383 5.679613 5.236344 5.080000 5.236344 2.540000 1.270000 0.000000 1.270000 103.795570 104.973131 106.152823 107.334577 105.813652 106.969000 108.126919 109.287328 62.466896 63.752611 65.112065 66.540737 68.034268 
66.290596 53.257964 117.844899 111.037777 45.132998 46.782051 48.508106 50.303236 52.160311 54.072947 56.035457 51.259725 52.717476 54.255030 55.865799 57.543635 59.282844 61.078183 6.350000 5.679613 5.236344 5.080000 3.810000 2.540000 1.270000 0.000000 102.620214 103.795570 104.973131 106.152823 104.660962 105.813652 106.969000 108.126919 61.363740 62.672090 64.054480 65.506222 67.022810 
151.756499 111.714897 103.442021 12.265201 66.444328 63.909493 61.375084 58.841157 56.307778 53.775023 51.242986 66.404949 63.868551 61.332450 58.796686 56.261304 53.726359 51.191914 108.126919 106.969000 105.813652 104.660962 106.152823 104.973131 103.795570 102.620214 0.000000 1.270000 2.540000 3.810000 5.080000 5.236344 5.679613 6.350000 42.576005 42.147330 41.868625 41.742896 41.771524 
152.688773 112.978072 103.402023 11.923160 67.711891 65.176860 62.642231 60.108056 57.574395 55.041317 52.508908 67.673250 65.136715 62.600461 60.064523 57.528944 54.993773 52.459069 109.287328 108.126919 106.969000 105.813652 107.334577 106.152823 104.973131 103.795570 1.270000 0.000000 1.270000 2.540000 5.236344 5.080000 5.236344 5.679613 43.821645 43.405274 43.134698 43.012670 43.040453 
153.625889 114.241399 103.377612 11.709574 68.979544 66.444328 63.909493 61.375084 58.841157 56.307778 53.775023 68.941613 66.404949 63.868551 61.332450 58.796686 56.261304 53.726359 110.450149 109.287328 108.126919 106.969000 108.518324 107.334577 106.152823 104.973131 2.540000 1.270000 0.000000 1.270000 5.679613 5.236344 5.080000 5.236344 45.068646 44.663901 44.400996 44.282457 44.309444 
154.567759 115.504872 103.368801 11.631523 70.247281 67.711891 65.176860 62.642231 60.108056 57.574395 55.041317 70.210035 67.673250 65.136715 62.600461 60.064523 57.528944 54.993773 111.615306 110.450149 109.287328 108.126919 109.704001 108.518324 107.334577 106.152823 3.810000 2.540000 1.270000 0.000000 6.350000 5.679613 5.236344 5.080000 46.316896 45.923153 45.667499 45.552256 45.578491 
155.261289 111.300725 108.518592 7.620251 66.954107 64.439327 61.926606 59.416205 56.908431 54.403647 51.902285 66.334016 63.794798 61.255644 58.716563 56.177565 53.638662 51.099868 110.299828 109.164960 108.033099 106.904343 108.126919 106.969000 105.813652 104.660962 5.080000 5.236344 5.679613 6.350000 0.000000 1.270000 2.540000 3.810000 43.864147 43.150182 42.576005 42.147330 41.868625 
156.172643 112.568547 108.480466 7.056545 68.212197 65.696474 63.182694 60.671098 58.161968 55.655640 53.152508 67.603648 65.064399 62.525212 59.986093 57.447053 54.908101 52.369251 111.437613 110.299828 109.164960 108.033099 109.287328 108.126919 106.969000 105.813652 5.236344 5.080000 5.236344 5.679613 1.270000 0.000000 1.270000 2.540000 45.074203 44.379709 43.821645 43.405274 43.134698 
157.088978 113.836419 108.457198 6.689336 69.470722 66.954107 64.439327 61.926606 59.416205 56.908431 54.403647 68.873293 66.334016 63.794798 61.255644 58.716563 56.177565 53.638662 112.578225 111.437613 110.299828 109.164960 110.450149 109.287328 108.126919 106.969000 5.679613 5.236344 5.080000 5.236344 2.540000 1.270000 0.000000 1.270000 46.287471 45.611455 45.068646 44.663901 44.400996 
158.010206 115.104337 108.448799 6.551748 70.729656 68.212197 65.696474 63.182694 60.671098 58.161968 55.655640 70.142951 67.603648 65.064399 62.525212 59.986093 57.447053 54.908101 113.721581 112.578225 111.437613 110.299828 111.615306 110.450149 109.287328 108.126919 6.350000 5.679613 5.236344 5.080000 3.810000 2.540000 1.270000 0.000000 47.503705 46.845243 46.316896 45.923153 45.667499 
117.592233 72.211993 105.343514 49.838684 24.946631 22.448249 19.960376 17.487495 15.037007 12.621960 10.267394 27.302273 25.040040 22.836294 20.709713 18.686661 16.804571 15.116187 67.249294 66.177121 65.112065 64.054480 64.691573 63.576281 62.466896 61.363740 42.576005 43.821645 45.068646 46.316896 43.864147 45.074203 46.287471 47.503705 0.000000 2.540000 5.080000 7.620000 10.160000 
119.652530 71.548350 107.638517 48.872170 24.639688 22.106644 19.575404 17.046769 14.522101 12.003904 9.497326 26.296090 23.938961 21.623287 19.363947 17.183176 15.115020 13.212469 68.633492 67.583283 66.540737 65.506222 65.933921 64.840002 63.752611 62.672090 42.147330 43.405274 44.663901 45.923153 43.150182 44.379709 45.611455 46.845243 2.540000 0.000000 2.540000 5.080000 7.620000 
121.730956 70.969460 109.944296 48.020690 24.592626 22.054178 19.516133 16.978673 14.442107 11.907004 9.374553 25.504074 23.066150 20.652844 18.273912 15.944747 13.690773 11.556070 70.082439 69.054269 68.034268 67.022810 67.249294 66.177121 65.112065 64.054480 41.868625 43.134698 44.400996 45.667499 42.576005 43.821645 45.068646 46.316896 5.080000 2.540000 0.000000 2.540000 5.080000 
123.826599 70.477409 112.260185 47.290460 24.806924 22.292891 19.785492 17.287613 14.804076 12.343540 9.923128 24.946631 22.448249 19.960376 17.487495 15.037007 12.621960 10.267394 71.592202 70.586027 69.588482 68.599944 68.633492 67.583283 66.540737 65.506222 41.742896 43.012670 44.282457 45.552256 42.147330 43.405274 44.663901 45.923153 7.620000 5.080000 2.540000 0.000000 2.540000 
125.938599 70.074027 114.585572 46.687169 25.275935 22.813645 20.370447 17.954136 15.577230 13.260935 11.043455 24.639688 22.106644 19.575404 17.046769 14.522101 12.003904 9.497326 73.159017 72.174688 71.199404 70.233543 70.082439 69.054269 68.034268 67.022810 41.771524 43.040453 44.309444 45.578491 41.868625 43.134698 44.400996 45.667499 10.160000 7.620000 5.080000 2.540000 0.000000 
