39
# Circuit board instance
Size: large
Nodes: 39
0.000000 115.000000 115.000000 162.634560 114.412406 114.753674 115.149971 115.600732 116.105322 104.549883 104.952733 105.369350 105.799573 109.388194 109.773290 110.171680 110.583221 62.709609 64.903615 67.122028 69.362507 71.622979 73.901612 76.196774 66.935997 68.995739 71.086563 73.205806 75.351071 77.520197 79.711236 102.747995 103.615188 104.490621 105.374087 106.530866 107.367510 108.212591 109.065912 
115.000000 0.000000 162.634560 115.000000 151.876368 150.201325 148.550827 146.925701 145.326798 36.159630 37.308403 38.464800 39.628154 34.266862 35.476978 36.691141 37.908964 98.815331 100.222023 101.672717 103.165556 104.698738 106.270517 107.879206 92.519200 94.020139 95.565025 97.151761 98.778330 100.442797 102.143310 80.278111 81.385084 82.496754 83.612935 77.896406 79.036744 80.180979 81.328948 
115.000000 162.634560 0.000000 115.000000 14.200625 16.729158 19.260710 21.794227 24.329096 129.071219 128.264094 127.464511 126.672615 133.020595 132.237577 131.462164 130.694492 69.087940 66.850039 64.634474 62.443621 60.280176 58.147198 56.048166 72.945707 70.829799 68.742620 66.686869 64.665542 62.681970 60.739852 87.883182 87.237094 86.604810 85.986635 92.277455 91.662345 91.060793 90.473070 
162.634560 115.000000 115.000000 0.000000 100.885530 98.345804 95.806093 93.266397 90.726718 83.882182 82.634851 81.388221 80.142325 83.083810 81.824309 80.565138 79.306312 102.981154 101.493361 100.047938 98.646746 97.291697 95.984745 94.727882 96.955922 95.374184 93.834549 92.339120 90.890082 89.489687 88.140253 60.090585 59.141653 58.204963 57.281114 56.869617 55.866001 54.873424 53.892495 
114.412406 151.876368 14.200625 100.885530 0.000000 2.540000 5.080000 7.620000 10.160000 117.531146 116.660122 115.796476 114.940372 121.264828 120.420814 119.584330 118.755536 62.352361 59.925224 57.507837 55.101482 52.707670 50.328192 47.965180 64.965248 62.639437 60.330903 58.041708 55.774233 53.531238 51.315933 75.255632 74.525047 73.809084 73.108173 79.445417 78.753710 78.076533 77.414269 
114.753674 150.201325 16.729158 98.345804 2.540000 0.000000 2.540000 5.080000 7.620000 115.702770 114.817877 113.940267 113.070110 119.385564 118.528168 117.678232 116.835918 61.666316 59.211064 56.763270 54.323944 51.894278 49.475695 47.069906 64.005401 61.643386 59.296086 56.965321 54.653206 52.362213 50.095239 73.203025 72.451745 71.715086 70.993504 77.337188 76.626452 75.930306 75.249155 
115.149971 148.550827 19.260710 95.806093 5.080000 2.540000 0.000000 2.540000 5.080000 113.901690 113.002694 112.110875 111.226407 117.531146 116.660122 115.796476 114.940372 61.078271 58.598386 56.123877 53.655490 51.194109 48.740796 46.296833 63.133213 60.737288 58.353551 55.983560 53.629135 51.292422 48.975954 71.181871 70.409028 69.650768 68.907572 75.255632 74.525047 73.809084 73.108173 
115.600732 146.925701 21.794227 93.266397 7.620000 5.080000 2.540000 0.000000 2.540000 112.129220 111.215897 110.309634 109.410606 115.702770 114.817877 113.940267 113.070110 60.591082 58.090402 55.593287 53.100241 50.611864 48.128881 45.652171 62.352361 59.925224 57.507837 55.101482 52.707670 50.328192 47.965180 69.194927 68.399637 67.618848 66.853068 73.203025 72.451745 71.715086 70.993504 
116.105322 145.326798 24.329096 90.726718 10.160000 7.620000 5.080000 2.540000 0.000000 110.386740 109.458879 108.537946 107.624119 113.901690 113.002694 112.110875 111.226407 60.207195 57.689877 55.174639 52.661777 50.151649 47.644688 45.141421 61.666316 59.211064 56.763270 54.323944 51.894278 49.475695 47.069906 67.245224 66.426596 65.622335 64.832977 71.181871 70.409028 69.650768 68.907572 
104.549883 36.159630 129.071219 83.882182 117.531146 115.702770 113.901690 112.129220 110.386740 0.000000 1.270000 2.540000 3.810000 5.080000 5.236344 5.679613 6.350000 70.476936 71.284026 72.171528 73.136514 74.175960 75.286783 76.465871 63.253398 64.151432 65.136190 66.203802 67.350329 68.571812 69.864320 44.271289 45.344444 46.427535 47.519882 41.741220 42.877745 44.021567 45.172132 
104.952733 37.308403 128.264094 82.634851 116.660122 114.817877 113.002694 111.215897 109.458879 1.270000 0.000000 1.270000 2.540000 5.236344 5.080000 5.236344 5.679613 70.104425 70.870252 71.717906 72.644522 73.647121 74.722643 75.867988 62.838079 63.691337 64.633210 65.659884 66.767449 67.951948 69.209432 43.208811 44.271289 45.344444 46.427535 40.612605 41.741220 42.877745 44.021567 
105.369350 38.464800 127.464511 81.388221 115.796476 113.940267 112.110875 110.309634 108.537946 2.540000 1.270000 0.000000 1.270000 5.679613 5.236344 5.080000 5.236344 69.753050 70.476936 71.284026 72.171528 73.136514 74.175960 75.286783 62.445831 63.253398 64.151432 65.136190 66.203802 67.350329 68.571812 42.157815 43.208811 44.271289 45.344444 39.492578 40.612605 41.741220 42.877745 
105.799573 39.628154 126.672615 80.142325 114.940372 113.070110 111.226407 109.410606 107.624119 3.810000 2.540000 1.270000 0.000000 6.350000 5.679613 5.236344 5.080000 69.423133 70.104425 70.870252 71.717906 72.644522 73.647121 74.722643 62.077090 62.838079 63.691337 64.633210 65.659884 66.767449 67.951948 41.119183 42.157815 43.208811 44.271289 38.381891 39.492578 40.612605 41.741220 
109.388194 34.266862 133.020595 83.083810 121.264828 119.385564 117.531146 115.702770 113.901690 5.080000 5.236344 5.679613 6.350000 0.000000 1.270000 2.540000 3.810000 75.336039 76.091606 76.923660 77.829749 78.807317 79.853740 80.966349 68.059484 68.894899 69.812779 70.809917 71.883014 73.028723 74.243681 47.214167 48.221873 49.241714 50.272951 44.271289 45.344444 46.427535 47.519882 
109.773290 35.476978 132.237577 81.824309 120.420814 118.528168 116.660122 114.817877 113.002694 5.236344 5.080000 5.236344 5.679613 1.270000 0.000000 1.270000 2.540000 74.987669 75.704113 76.498223 77.367608 78.309760 79.322088 80.401939 67.673666 68.466688 69.343729 70.301645 71.337179 72.447003 73.627756 46.219387 47.214167 48.221873 49.241714 43.208811 44.271289 45.344444 46.427535 
110.171680 36.691141 131.462164 80.565138 119.584330 117.678232 115.796476 113.940267 112.110875 5.679613 5.236344 5.080000 5.236344 2.540000 1.270000 0.000000 1.270000 74.659280 75.336039 76.091606 76.923660 77.829749 78.807317 79.853740 67.309603 68.059484 68.894899 69.812779 70.809917 71.883014 73.028723 45.238389 46.219387 47.214167 48.221873 42.157815 43.208811 44.271289 45.344444 
110.583221 37.908964 130.694492 79.306312 118.755536 116.835918 114.940372 113.070110 111.226407 6.350000 5.679613 5.236344 5.080000 3.810000 2.540000 1.270000 0.000000 74.351136 74.987669 75.704113 76.498223 77.367608 78.309760 79.322088 66.967649 67.673666 68.466688 69.343729 70.301645 71.337179 72.447003 44.272086 45.238389 46.219387 47.214167 41.119183 42.157815 43.208811 44.271289 
62.709609 98.815331 69.087940 102.981154 62.352361 61.666316 61.078271 60.591082 60.207195 70.476936 70.104425 69.753050 69.423133 75.336039 74.987669 74.659280 74.351136 0.000000 2.540000 5.080000 7.620000 10.160000 12.700000 15.240000 7.620000 8.032185 9.158100 10.776307 12.700000 14.810618 17.038838 46.094111 46.549517 47.034814 47.549089 50.889716 51.302569 51.743307 52.211224 
64.903615 100.222023 66.850039 101.493361 59.925224 59.211064 58.598386 58.090402 57.689877 71.284026 70.870252 70.476936 70.104425 76.091606 75.704113 75.336039 74.987669 2.540000 0.000000 2.540000 5.080000 7.620000 10.160000 12.700000 8.032185 7.620000 8.032185 9.158100 10.776307 12.700000 14.810618 45.276523 45.669491 46.094111 46.549517 50.150370 50.505430 50.889716 51.302569 
67.122028 101.672717 64.634474 100.047938 57.507837 56.763270 56.123877 55.593287 55.174639 72.171528 71.717906 71.284026 70.870252 76.923660 76.498223 76.091606 75.704113 5.080000 2.540000 0.000000 2.540000 5.080000 7.620000 10.160000 9.158100 8.032185 7.620000 8.032185 9.158100 10.776307 12.700000 44.588824 44.916038 45.276523 45.669491 49.530388 49.825160 50.150370 50.505430 
69.362507 103.165556 62.443621 98.646746 55.101482 54.323944 53.655490 53.100241 52.661777 73.136514 72.644522 72.171528 71.717906 77.829749 77.367608 76.923660 76.498223 7.620000 5.080000 2.540000 0.000000 2.540000 5.080000 7.620000 10.776307 9.158100 8.032185 7.620000 8.032185 9.158100 10.776307 44.037100 44.295618 44.588824 44.916038 49.034297 49.266600 49.530388 49.825160 
71.622979 104.698738 60.280176 97.291697 52.707670 51.894278 51.194109 50.611864 50.151649 74.175960 73.647121 73.136514 72.644522 78.807317 78.309760 77.829749 77.367608 10.160000 7.620000 5.080000 2.540000 0.000000 2.540000 5.080000 12.700000 10.776307 9.158100 8.032185 7.620000 8.032185 9.158100 43.626509 43.813883 44.037100 44.295618 48.665885 48.833927 49.034297 49.266600 
73.901612 106.270517 58.147198 95.984745 50.328192 49.475695 48.740796 48.128881 47.644688 75.286783 74.722643 74.175960 73.647121 79.853740 79.322088 78.807317 78.309760 12.700000 10.160000 7.620000 5.080000 2.540000 0.000000 2.540000 14.810618 12.700000 10.776307 9.158100 8.032185 7.620000 8.032185 43.361060 43.475441 43.626509 43.813883 48.428067 48.530507 48.665885 48.833927 
76.196774 107.879206 56.048166 94.727882 47.965180 47.069906 46.296833 45.652171 45.141421 76.465871 75.867988 75.286783 74.722643 80.966349 80.401939 79.853740 79.322088 15.240000 12.700000 10.160000 7.620000 5.080000 2.540000 0.000000 17.038838 14.810618 12.700000 10.776307 9.158100 8.032185 7.620000 43.243428 43.283656 43.361060 43.475441 48.322770 48.358774 48.428067 48.530507 
66.935997 92.519200 72.945707 96.955922 64.965248 64.005401 63.133213 62.352361 61.666316 63.253398 62.838079 62.445831 62.077090 68.059484 67.673666 67.309603 66.967649 7.620000 8.032185 9.158100 10.776307 12.700000 14.810618 17.038838 0.000000 2.540000 5.080000 7.620000 10.160000 12.700000 15.240000 39.035842 39.572558 40.142292 40.743658 43.720405 44.200275 44.711078 45.251769 
68.995739 94.020139 70.829799 95.374184 62.639437 61.643386 60.737288 59.925224 59.211064 64.151432 63.691337 63.253398 62.838079 68.894899 68.466688 68.059484 67.673666 8.032185 7.620000 8.032185 9.158100 10.776307 12.700000 14.810618 2.540000 0.000000 2.540000 5.080000 7.620000 10.160000 12.700000 38.066960 38.533522 39.035842 39.572558 42.857558 43.272499 43.720405 44.200275 
71.086563 95.565025 68.742620 93.834549 60.330903 59.296086 58.353551 57.507837 56.763270 65.136190 64.633210 64.151432 63.691337 69.812779 69.343729 68.894899 68.466688 9.158100 8.032185 7.620000 8.032185 9.158100 10.776307 12.700000 5.080000 2.540000 0.000000 2.540000 5.080000 7.620000 10.160000 37.246384 37.637486 38.066960 38.533522 42.130393 42.476550 42.857558 43.272499 
73.205806 97.151761 66.686869 92.339120 58.041708 56.965321 55.983560 55.101482 54.323944 66.203802 65.659884 65.136190 64.633210 70.809917 70.301645 69.812779 69.343729 10.776307 9.158100 8.032185 7.620000 8.032185 9.158100 10.776307 7.620000 5.080000 2.540000 0.000000 2.540000 5.080000 7.620000 36.584095 36.894873 37.246384 37.637486 41.546034 41.819954 42.130393 42.476550 
75.351071 98.778330 64.665542 90.890082 55.774233 54.653206 53.629135 52.707670 51.894278 67.350329 66.767449 66.203802 65.659884 71.883014 71.337179 70.809917 70.301645 12.700000 10.776307 9.158100 8.032185 7.620000 8.032185 9.158100 10.160000 7.620000 5.080000 2.540000 0.000000 2.540000 5.080000 36.088809 36.315096 36.584095 36.894873 41.110570 41.309358 41.546034 41.819954 
77.520197 100.442797 62.681970 89.489687 53.531238 52.362213 51.292422 50.328192 49.475695 68.571812 67.951948 67.350329 66.767449 73.028723 72.447003 71.883014 71.337179 14.810618 12.700000 10.776307 9.158100 8.032185 7.620000 8.032185 12.700000 10.160000 7.620000 5.080000 2.540000 0.000000 2.540000 35.767463 35.906042 36.088809 36.315096 40.828768 40.950223 41.110570 41.309358 
79.711236 102.143310 60.739852 88.140253 51.315933 50.095239 48.975954 47.965180 47.069906 69.864320 69.209432 68.571812 67.951948 74.243681 73.627756 73.028723 72.447003 17.038838 14.810618 12.700000 10.776307 9.158100 8.032185 7.620000 15.240000 12.700000 10.160000 7.620000 5.080000 2.540000 0.000000 35.624765 35.673586 35.767463 35.906042 40.703818 40.746554 40.828768 40.950223 
102.747995 80.278111 87.883182 60.090585 75.255632 73.203025 71.181871 69.194927 67.245224 44.271289 43.208811 42.157815 41.119183 47.214167 46.219387 45.238389 44.272086 46.094111 45.276523 44.588824 44.037100 43.626509 43.361060 43.243428 39.035842 38.066960 37.246384 36.584095 36.088809 35.767463 35.624765 0.000000 1.270000 2.540000 3.810000 5.080000 5.236344 5.679613 6.350000 
103.615188 81.385084 87.237094 59.141653 74.525047 72.451745 70.409028 68.399637 66.426596 45.344444 44.271289 43.208811 42.157815 48.221873 47.214167 46.219387 45.238389 46.549517 45.669491 44.916038 44.295618 43.813883 43.475441 43.283656 39.572558 38.533522 37.637486 36.894873 36.315096 35.906042 35.673586 1.270000 0.000000 1.270000 2.540000 5.236344 5.080000 5.236344 5.679613 
104.490621 82.496754 86.604810 58.204963 73.809084 71.715086 69.650768 67.618848 65.622335 46.427535 45.344444 44.271289 43.208811 49.241714 48.221873 47.214167 46.219387 47.034814 46.094111 45.276523 44.588824 44.037100 43.626509 43.361060 40.142292 39.035842 38.066960 37.246384 36.584095 36.088809 35.767463 2.540000 1.270000 0.000000 1.270000 5.679613 5.236344 5.080000 5.236344 
105.374087 83.612935 85.986635 57.281114 73.108173 70.993504 68.907572 66.853068 64.832977 47.519882 46.427535 45.344444 44.271289 50.272951 49.241714 48.221873 47.214167 47.549089 46.549517 45.669491 44.916038 44.295618 43.813883 43.475441 40.743658 39.572558 38.533522 37.637486 36.894873 36.315096 35.906042 3.810000 2.540000 1.270000 0.000000 6.350000 5.679613 5.236344 5.080000 
106.530866 77.896406 92.277455 56.869617 79.445417 77.337188 75.255632 73.203025 71.181871 41.741220 40.612605 39.492578 38.381891 44.271289 43.208811 42.157815 41.119183 50.889716 50.150370 49.530388 49.034297 48.665885 48.428067 48.322770 43.720405 42.857558 42.130393 41.546034 41.110570 40.828768 40.703818 5.080000 5.236344 5.679613 6.350000 0.000000 1.270000 2.540000 3.810000 
107.367510 79.036744 91.662345 55.866001 78.753710 76.626452 74.525047 72.451745 70.409028 42.877745 41.741220 40.612605 39.492578 45.344444 44.271289 43.208811 42.157815 51.302569 50.505430 49.825160 49.266600 48.833927 48.530507 48.358774 44.200275 43.272499 42.476550 41.819954 41.309358 40.950223 40.746554 5.236344 5.080000 5.236344 5.679613 1.270000 0.000000 1.270000 2.540000 
108.212591 80.180979 91.060793 54.873424 78.076533 75.930306 73.809084 71.715086 69.650768 44.021567 42.877745 41.741220 40.612605 46.427535 45.344444 44.271289 43.208811 51.743307 50.889716 50.150370 49.530388 49.034297 48.665885 48.428067 44.711078 43.720405 42.857558 42.130393 41.546034 41.110570 40.828768 5.679613 5.236344 5.080000 5.236344 2.540000 1.270000 0.000000 1.270000 
109.065912 81.328948 90.473070 53.892495 77.414269 75.249155 73.108173 70.993504 68.907572 45.172132 44.021567 42.877745 41.741220 47.519882 46.427535 45.344444 44.271289 52.211224 51.302569 50.505430 49.825160 49.266600 48.833927 48.530507 45.251769 44.200275 43.272499 42.476550 41.819954 41.309358 40.950223 6.350000 5.679613 5.236344 5.080000 3.810000 2.540000 1.270000 0.000000 
