42
# Circuit board instance
Size: large
Nodes: 42
0.000000 115.000000 115.000000 162.634560 96.560051 98.354411 100.181036 102.038195 103.924249 105.837654 107.776953 102.142233 103.840178 105.571930 107.335854 109.130389 110.954050 112.805425 87.620694 89.274024 90.968235 92.701087 94.470453 111.478935 113.849133 116.226504 118.610618 121.001076 102.684442 104.262960 105.878885 107.530530 109.216275 110.934566 112.683912 108.800311 110.291332 111.820174 113.385308 114.985251 116.618570 118.283884 
115.000000 0.000000 162.634560 115.000000 81.764078 83.875569 86.010238 88.166400 90.342517 92.537181 94.749103 77.730025 79.948130 82.184873 84.438773 86.708492 88.992821 91.290661 89.179286 87.528340 85.920771 84.359058 82.845794 42.002654 41.401631 40.949608 40.651554 40.510870 71.591771 73.838011 76.102729 78.384322 80.681360 82.992559 85.316769 68.309550 70.660207 73.023547 75.398375 77.783641 80.178413 82.581863 
115.000000 162.634560 0.000000 115.000000 83.701589 82.289141 80.931777 79.632315 78.393634 77.218660 76.110341 90.084118 88.773279 87.516541 86.316267 85.174845 84.094671 83.078134 73.896543 75.849617 77.836578 79.854897 81.902256 127.819274 129.891643 131.980355 134.084647 136.203797 96.286064 94.939330 93.642137 92.396571 91.204749 90.068803 88.990874 102.783360 101.522851 100.310831 99.149077 98.039376 96.983516 95.983273 
162.634560 115.000000 115.000000 0.000000 66.086889 64.288596 62.541774 60.850855 59.220628 57.656242 56.163199 61.025152 59.072971 57.166999 55.312014 53.513317 51.776777 50.108854 75.738089 73.787014 71.872748 69.998312 68.166991 75.328858 74.995393 74.746801 74.583931 74.507345 62.066844 59.956345 57.880366 55.842756 53.847872 51.900639 50.006626 58.250375 55.996218 53.767554 51.567688 49.400469 47.270386 45.182692 
96.560051 81.764078 83.701589 66.086889 0.000000 2.540000 5.080000 7.620000 10.160000 12.700000 15.240000 7.620000 8.032185 9.158100 10.776307 12.700000 14.810618 17.038838 12.677369 10.139283 7.602475 5.068864 2.548009 44.165755 46.198594 48.279493 50.402499 52.562512 12.913340 12.252735 12.099913 12.473551 13.329450 14.582942 16.141666 20.224724 19.809458 19.715299 19.946794 20.492910 21.329494 22.424061 
98.354411 83.875569 82.289141 64.288596 2.540000 0.000000 2.540000 5.080000 7.620000 10.160000 12.700000 8.032185 7.620000 8.032185 9.158100 10.776307 12.700000 14.810618 13.015472 10.558971 8.153799 5.863463 3.896045 45.767077 47.731766 49.748576 51.811421 53.915017 14.010082 12.913340 12.252735 12.099913 12.473551 13.329450 14.582942 20.942003 20.224724 19.809458 19.715299 19.946794 20.492910 21.329494 
100.181036 86.010238 80.931777 62.541774 5.080000 2.540000 0.000000 2.540000 5.080000 7.620000 10.160000 9.158100 8.032185 7.620000 8.032185 9.158100 10.776307 12.700000 13.820004 11.536112 9.384799 7.481324 6.063759 47.450395 49.348111 51.301417 53.304202 55.351095 15.450360 14.010082 12.913340 12.252735 12.099913 12.473551 13.329450 21.931683 20.942003 20.224724 19.809458 19.715299 19.946794 20.492910 
102.038195 88.166400 79.632315 60.850855 7.620000 5.080000 2.540000 0.000000 2.540000 5.080000 7.620000 10.776307 9.158100 8.032185 7.620000 8.032185 9.158100 10.776307 15.016182 12.945080 11.071028 9.511226 8.441705 49.207294 51.039728 52.930645 54.873999 56.864413 17.147829 15.450360 14.010082 12.913340 12.252735 12.099913 12.473551 23.158868 21.931683 20.942003 20.224724 19.809458 19.715299 19.946794 
103.924249 90.342517 78.393634 59.220628 10.160000 7.620000 5.080000 2.540000 0.000000 2.540000 5.080000 12.700000 10.776307 9.158100 8.032185 7.620000 8.032185 9.158100 16.519145 14.661907 13.037027 11.741373 10.893062 51.030175 52.799383 54.629426 56.514394 58.448973 19.033803 17.147829 15.450360 14.010082 12.913340 12.252735 12.099913 24.588021 23.158868 21.931683 20.942003 20.224724 19.809458 19.715299 
105.837654 92.537181 77.218660 57.656242 12.700000 10.160000 7.620000 5.080000 2.540000 0.000000 2.540000 14.810618 12.700000 10.776307 9.158100 8.032185 7.620000 8.032185 18.253267 16.591296 15.174442 14.076912 13.377534 52.912219 54.620501 56.391475 58.219421 60.099140 21.057695 19.033803 17.147829 15.450360 14.010082 12.913340 12.252735 26.186096 24.588021 23.158868 21.931683 20.942003 20.224724 19.809458 
107.776953 94.749103 76.110341 56.163199 15.240000 12.700000 10.160000 7.620000 5.080000 2.540000 0.000000 17.038838 14.810618 12.700000 10.776307 9.158100 8.032185 7.620000 20.158982 18.667456 17.420290 16.473077 15.879585 54.847337 56.497137 58.211046 59.983567 61.809660 23.183411 21.057695 19.033803 17.147829 15.450360 14.010082 12.913340 27.924105 26.186096 24.588021 23.158868 21.931683 20.942003 20.224724 
102.142233 77.730025 90.084118 61.025152 7.620000 8.032185 9.158100 10.776307 12.700000 14.810618 17.038838 0.000000 2.540000 5.080000 7.620000 10.160000 12.700000 15.240000 20.294501 17.755184 15.216094 12.677369 10.139283 38.431039 40.273208 42.187925 44.165755 46.198594 6.371659 4.896244 4.500176 5.425233 7.177599 9.300854 11.592975 12.913340 12.252735 12.099913 12.473551 13.329450 14.582942 16.141666 
103.840178 79.948130 88.773279 59.072971 8.032185 7.620000 8.032185 9.158100 10.776307 12.700000 14.810618 2.540000 0.000000 2.540000 5.080000 7.620000 10.160000 12.700000 20.507404 17.998149 15.498914 13.015472 10.558971 40.261100 42.023121 43.861514 45.767077 47.731766 8.374131 6.371659 4.896244 4.500176 5.425233 7.177599 9.300854 14.010082 12.913340 12.252735 12.099913 12.473551 13.329450 14.582942 
105.571930 82.184873 87.516541 57.166999 9.158100 8.032185 7.620000 8.032185 9.158100 10.776307 12.700000 5.080000 2.540000 0.000000 2.540000 5.080000 7.620000 10.160000 21.027211 18.588259 16.180431 13.820004 11.536112 42.164805 43.850397 45.615206 47.450395 49.348111 10.609302 8.374131 6.371659 4.896244 4.500176 5.425233 7.177599 15.450360 14.010082 12.913340 12.252735 12.099913 12.473551 13.329450 
107.335854 84.438773 86.316267 55.312014 10.776307 9.158100 8.032185 7.620000 8.032185 9.158100 10.776307 7.620000 5.080000 2.540000 0.000000 2.540000 5.080000 7.620000 21.832014 19.494014 17.213354 15.016182 12.945080 44.132625 45.745766 47.440118 49.207294 51.039728 12.957304 10.609302 8.374131 6.371659 4.896244 4.500176 5.425233 17.147829 15.450360 14.010082 12.913340 12.252735 12.099913 12.473551 
109.130389 86.708492 85.174845 53.513317 12.700000 10.776307 9.158100 8.032185 7.620000 8.032185 9.158100 10.160000 7.620000 5.080000 2.540000 0.000000 2.540000 5.080000 22.891772 20.673969 18.539039 16.519145 14.661907 46.156360 47.701112 49.328347 51.030175 52.799383 15.366501 12.957304 10.609302 8.374131 6.371659 4.896244 4.500176 19.033803 17.147829 15.450360 14.010082 12.913340 12.252735 12.099913 
110.954050 88.992821 84.094671 51.776777 14.810618 12.700000 10.776307 9.158100 8.032185 7.620000 8.032185 12.700000 10.160000 7.620000 5.080000 2.540000 0.000000 2.540000 24.172978 22.084216 20.099641 18.253267 16.591296 48.228972 49.709358 51.272898 52.912219 54.620501 17.812080 15.366501 12.957304 10.609302 8.374131 6.371659 4.896244 21.057695 19.033803 17.147829 15.450360 14.010082 12.913340 12.252735 
112.805425 91.290661 83.078134 50.108854 17.038838 14.810618 12.700000 10.776307 9.158100 8.032185 7.620000 15.240000 12.700000 10.160000 7.620000 5.080000 2.540000 0.000000 25.642458 23.683653 21.844871 20.158982 18.667456 50.344425 51.764348 53.267602 54.847337 56.497137 20.280883 17.812080 15.366501 12.957304 10.609302 8.374131 6.371659 23.183411 21.057695 19.033803 17.147829 15.450360 14.010082 12.913340 
87.620694 89.179286 73.896543 75.738089 12.677369 13.015472 13.820004 15.016182 16.519145 18.253267 20.158982 20.294501 20.507404 21.027211 21.832014 22.891772 24.172978 25.642458 0.000000 2.540000 5.080000 7.620000 10.160000 54.512482 56.742128 58.996869 61.273937 63.570932 25.095324 24.806968 24.776990 25.006320 25.487958 26.207998 27.147478 32.636591 32.415389 32.392454 32.568203 32.939457 33.499716 34.239705 
89.274024 87.528340 75.849617 73.787014 10.139283 10.558971 11.536112 12.945080 14.661907 16.591296 18.667456 17.755184 17.998149 18.588259 19.494014 20.673969 22.084216 23.683653 2.540000 0.000000 2.540000 5.080000 7.620000 52.311141 54.512482 56.742128 58.996869 61.273937 22.593312 22.272587 22.239193 22.494410 23.028644 23.823133 24.852928 30.118432 29.878593 29.853708 30.044312 30.446357 31.051632 31.848552 
90.968235 85.920771 77.836578 71.872748 7.602475 8.153799 9.384799 11.071028 13.037027 15.174442 17.420290 15.216094 15.498914 16.180431 17.213354 18.539039 20.099641 21.844871 5.080000 2.540000 0.000000 2.540000 5.080000 50.141834 52.311141 54.512482 56.742128 58.996869 20.100831 19.739650 19.701963 19.989601 20.588932 21.473875 22.610920 27.604275 27.342392 27.315197 27.523386 27.961701 28.619572 29.482305 
92.701087 84.359058 79.854897 69.998312 5.068864 5.863463 7.481324 9.511226 11.741373 14.076912 16.473077 12.677369 13.015472 13.820004 15.016182 16.519145 18.253267 20.158982 7.620000 5.080000 2.540000 0.000000 2.540000 48.008903 50.141834 52.311141 54.512482 56.742128 17.621925 17.208795 17.165553 17.494942 18.176715 19.173319 20.438751 25.095324 24.806968 24.776990 25.006320 25.487958 26.207998 27.147478 
94.470453 82.845794 81.902256 68.166991 2.548009 3.896045 6.063759 8.441705 10.893062 13.377534 15.879585 10.139283 10.558971 11.536112 12.945080 14.661907 16.591296 18.667456 10.160000 7.620000 5.080000 2.540000 0.000000 45.917417 48.008903 50.141834 52.311141 54.512482 15.163255 14.681100 14.630389 15.015494 15.804589 16.941317 18.361226 22.593312 22.272587 22.239193 22.494410 23.028644 23.823133 24.852928 
111.478935 42.002654 127.819274 75.328858 44.165755 45.767077 47.450395 49.207294 51.030175 52.912219 54.847337 38.431039 40.261100 42.164805 44.132625 46.156360 48.228972 50.344425 54.512482 52.311141 50.141834 48.008903 45.917417 0.000000 2.540000 5.080000 7.620000 10.160000 32.059913 33.893554 35.813561 37.806779 39.862226 41.970762 44.124776 27.173324 29.314237 31.514484 33.762465 36.049253 38.367908 40.712988 
113.849133 41.401631 129.891643 74.995393 46.198594 47.731766 49.348111 51.039728 52.799383 54.620501 56.497137 40.273208 42.023121 43.850397 45.745766 47.701112 49.709358 51.764348 56.742128 54.512482 52.311141 50.141834 48.008903 2.540000 0.000000 2.540000 5.080000 7.620000 33.913526 35.651959 37.482001 39.390884 41.367697 43.403158 45.489395 28.670004 30.706744 32.813752 34.978331 37.190432 39.442059 41.726814 
116.226504 40.949608 131.980355 74.746801 48.279493 49.748576 51.301417 52.930645 54.629426 56.391475 58.211046 42.187925 43.861514 45.615206 47.440118 49.328347 51.272898 53.267602 58.996869 56.742128 54.512482 52.311141 50.141834 5.080000 2.540000 0.000000 2.540000 5.080000 35.851355 37.500062 39.244016 41.071087 42.970673 44.933579 46.951864 30.305973 32.239525 34.252374 36.331343 38.465713 40.646757 42.867351 
118.610618 40.651554 134.084647 74.583931 50.402499 51.811421 53.304202 54.873999 56.514394 58.219421 59.983567 44.165755 45.767077 47.450395 49.207294 51.030175 52.912219 54.847337 61.273937 58.996869 56.742128 54.512482 52.311141 7.620000 5.080000 2.540000 0.000000 2.540000 37.860471 39.425249 41.087570 42.836081 44.660658 46.552359 48.503331 32.059913 33.893554 35.813561 37.806779 39.862226 41.970762 44.124776 
121.001076 40.510870 136.203797 74.507345 52.562512 53.915017 55.351095 56.864413 58.448973 60.099140 61.809660 46.198594 47.731766 49.348111 51.039728 52.799383 54.620501 56.497137 63.570932 61.273937 58.996869 56.742128 54.512482 10.160000 7.620000 5.080000 2.540000 0.000000 39.930115 41.416773 43.002177 44.675817 46.428151 48.250606 50.135536 33.913526 35.651959 37.482001 39.390884 41.367697 43.403158 45.489395 
102.684442 71.591771 96.286064 62.066844 12.913340 14.010082 15.450360 17.147829 19.033803 21.057695 23.183411 6.371659 8.374131 10.609302 12.957304 15.366501 17.812080 20.280883 25.095324 22.593312 20.100831 17.621925 15.163255 32.059913 33.913526 35.851355 37.860471 39.930115 0.000000 2.540000 5.080000 7.620000 10.160000 12.700000 15.240000 7.620000 8.032185 9.158100 10.776307 12.700000 14.810618 17.038838 
104.262960 73.838011 94.939330 59.956345 12.252735 12.913340 14.010082 15.450360 17.147829 19.033803 21.057695 4.896244 6.371659 8.374131 10.609302 12.957304 15.366501 17.812080 24.806968 22.272587 19.739650 17.208795 14.681100 33.893554 35.651959 37.500062 39.425249 41.416773 2.540000 0.000000 2.540000 5.080000 7.620000 10.160000 12.700000 8.032185 7.620000 8.032185 9.158100 10.776307 12.700000 14.810618 
105.878885 76.102729 93.642137 57.880366 12.099913 12.252735 12.913340 14.010082 15.450360 17.147829 19.033803 4.500176 4.896244 6.371659 8.374131 10.609302 12.957304 15.366501 24.776990 22.239193 19.701963 17.165553 14.630389 35.813561 37.482001 39.244016 41.087570 43.002177 5.080000 2.540000 0.000000 2.540000 5.080000 7.620000 10.160000 9.158100 8.032185 7.620000 8.032185 9.158100 10.776307 12.700000 
107.530530 78.384322 92.396571 55.842756 12.473551 12.099913 12.252735 12.913340 14.010082 15.450360 17.147829 5.425233 4.500176 4.896244 6.371659 8.374131 10.609302 12.957304 25.006320 22.494410 19.989601 17.494942 15.015494 37.806779 39.390884 41.071087 42.836081 44.675817 7.620000 5.080000 2.540000 0.000000 2.540000 5.080000 7.620000 10.776307 9.158100 8.032185 7.620000 8.032185 9.158100 10.776307 
109.216275 80.681360 91.204749 53.847872 13.329450 12.473551 12.099913 12.252735 12.913340 14.010082 15.450360 7.177599 5.425233 4.500176 4.896244 6.371659 8.374131 10.609302 25.487958 23.028644 20.588932 18.176715 15.804589 39.862226 41.367697 42.970673 44.660658 46.428151 10.160000 7.620000 5.080000 2.540000 0.000000 2.540000 5.080000 12.700000 10.776307 9.158100 8.032185 7.620000 8.032185 9.158100 
110.934566 82.992559 90.068803 51.900639 14.582942 13.329450 12.473551 12.099913 12.252735 12.913340 14.010082 9.300854 7.177599 5.425233 4.500176 4.896244 6.371659 8.374131 26.207998 23.823133 21.473875 19.173319 16.941317 41.970762 43.403158 44.933579 46.552359 48.250606 12.700000 10.160000 7.620000 5.080000 2.540000 0.000000 2.540000 14.810618 12.700000 10.776307 9.158100 8.032185 7.620000 8.032185 
112.683912 85.316769 88.990874 50.006626 16.141666 14.582942 13.329450 12.473551 12.099913 12.252735 12.913340 11.592975 9.300854 7.177599 5.425233 4.500176 4.896244 6.371659 27.147478 24.852928 22.610920 20.438751 18.361226 44.124776 45.489395 46.951864 48.503331 50.135536 15.240000 12.700000 10.160000 7.620000 5.080000 2.540000 0.000000 17.038838 14.810618 12.700000 10.776307 9.158100 8.032185 7.620000 
108.800311 68.309550 102.783360 58.250375 20.224724 20.942003 21.931683 23.158868 24.588021 26.186096 27.924105 12.913340 14.010082 15.450360 17.147829 19.033803 21.057695 23.183411 32.636591 30.118432 27.604275 25.095324 22.593312 27.173324 28.670004 30.305973 32.059913 33.913526 7.620000 8.032185 9.158100 10.776307 12.700000 14.810618 17.038838 0.000000 2.540000 5.080000 7.620000 10.160000 12.700000 15.240000 
110.291332 70.660207 101.522851 55.996218 19.809458 20.224724 20.942003 21.931683 23.158868 24.588021 26.186096 12.252735 12.913340 14.010082 15.450360 17.147829 19.033803 21.057695 32.415389 29.878593 27.342392 24.806968 22.272587 29.314237 30.706744 32.239525 33.893554 35.651959 8.032185 7.620000 8.032185 9.158100 10.776307 12.700000 14.810618 2.540000 0.000000 2.540000 5.080000 7.620000 10.160000 12.700000 
111.820174 73.023547 100.310831 53.767554 19.715299 19.809458 20.224724 20.942003 21.931683 23.158868 24.588021 12.099913 12.252735 12.913340 14.010082 15.450360 17.147829 19.033803 32.392454 29.853708 27.315197 24.776990 22.239193 31.514484 32.813752 34.252374 35.813561 37.482001 9.158100 8.032185 7.620000 8.032185 9.158100 10.776307 12.700000 5.080000 2.540000 0.000000 2.540000 5.080000 7.620000 10.160000 
113.385308 75.398375 99.149077 51.567688 19.946794 19.715299 19.809458 20.224724 20.942003 21.931683 23.158868 12.473551 12.099913 12.252735 12.913340 14.010082 15.450360 17.147829 32.568203 30.044312 27.523386 25.006320 22.494410 33.762465 34.978331 36.331343 37.806779 39.390884 10.776307 9.158100 8.032185 7.620000 8.032185 9.158100 10.776307 7.620000 5.080000 2.540000 0.000000 2.540000 5.080000 7.620000 
114.985251 77.783641 98.039376 49.400469 20.492910 19.946794 19.715299 19.809458 20.224724 20.942003 21.931683 13.329450 12.473551 12.099913 12.252735 12.913340 14.010082 15.450360 32.939457 30.446357 27.961701 25.487958 23.028644 36.049253 37.190432 38.465713 39.862226 41.367697 12.700000 10.776307 9.158100 8.032185 7.620000 8.032185 9.158100 10.160000 7.620000 5.080000 2.540000 0.000000 2.540000 5.080000 
116.618570 80.178413 96.983516 47.270386 21.329494 20.492910 19.946794 19.715299 19.809458 20.224724 20.942003 14.582942 13.329450 12.473551 12.099913 12.252735 12.913340 14.010082 33.499716 31.051632 28.619572 26.207998 23.823133 38.367908 39.442059 40.646757 41.970762 43.403158 14.810618 12.700000 10.776307 9.158100 8.032185 7.620000 8.032185 12.700000 10.160000 7.620000 5.080000 2.540000 0.000000 2.540000 
118.283884 82.581863 95.983273 45.182692 22.424061 21.329494 20.492910 19.946794 19.715299 19.809458 20.224724 16.141666 14.582942 13.329450 12.473551 12.099913 12.252735 12.913340 34.239705 31.848552 29.482305 27.147478 24.852928 40.712988 41.726814 42.867351 44.124776 45.489395 17.038838 14.810618 12.700000 10.776307 9.158100 8.032185 7.620000 15.240000 12.700000 10.160000 7.620000 5.080000 2.540000 0.000000 
