45
# Circuit board instance
Size: large
Nodes: 45
0.000000 115.000000 115.000000 162.634560 80.672903 82.184474 83.745815 85.354194 87.007003 88.701758 90.436101 86.967605 88.371572 89.825434 91.326806 92.873385 94.462950 96.093368 53.812991 56.299968 58.791478 61.286970 63.785976 94.012586 95.096618 96.235494 97.427291 98.670092 99.961994 101.301119 100.992562 102.002441 103.065035 104.178732 105.341911 106.552951 107.810240 13.064963 13.452859 13.946016 14.533724 18.017375 18.300600 18.666117 19.109204 
115.000000 0.000000 162.634560 115.000000 68.438093 70.213554 72.034831 73.898537 75.801543 77.740962 79.714138 63.138100 65.058360 67.019877 69.019134 71.052945 73.118426 75.212970 63.358433 60.859999 58.365153 55.874375 53.388236 48.965903 51.016272 53.108979 55.239211 57.402791 59.596087 61.815936 44.790522 47.023305 49.285848 51.574234 53.885171 56.215877 58.563992 102.446084 102.496274 102.562167 102.643733 97.369053 97.421860 97.491183 97.576987 
115.000000 162.634560 0.000000 115.000000 94.232169 92.421168 90.645165 88.906259 87.206668 85.548736 83.934932 99.674213 97.963867 96.290150 94.655005 93.060464 91.508652 90.001777 116.394327 117.564823 118.778109 120.032887 121.327870 114.341386 112.670995 111.033583 109.430633 107.863680 106.334315 104.844184 120.146094 118.557514 117.002512 115.482443 113.998704 112.552733 111.146004 112.295678 111.033803 109.772116 108.510622 112.978988 111.724832 110.471037 109.217616 
162.634560 115.000000 115.000000 0.000000 83.996173 81.959305 79.951243 77.974215 76.030641 74.123152 72.254607 79.737094 77.588496 75.464219 73.366377 71.297303 69.259575 67.256042 121.103643 119.815444 118.567670 117.361608 116.198559 81.444742 79.082529 76.731675 74.393257 72.068486 69.758726 67.465519 79.004919 76.567471 74.136908 71.713931 69.299336 66.894029 64.499050 151.442484 150.509177 149.580828 148.657532 148.055255 147.100458 146.150459 145.205353 
80.672903 68.438093 94.232169 83.996173 0.000000 2.540000 5.080000 7.620000 10.160000 12.700000 15.240000 7.620000 8.032185 9.158100 10.776307 12.700000 14.810618 17.038838 38.206990 37.432983 36.818278 36.370952 36.097228 21.645582 20.828171 20.297718 20.076983 20.176132 20.590546 21.301832 28.852726 28.244668 27.855806 27.695375 27.767335 28.069897 28.595745 68.602035 67.798716 67.009838 66.235917 64.771778 63.920341 63.082981 62.260266 
82.184474 70.213554 92.421168 81.959305 2.540000 0.000000 2.540000 5.080000 7.620000 10.160000 12.700000 8.032185 7.620000 8.032185 9.158100 10.776307 12.700000 14.810618 40.609241 39.881883 39.305496 38.886791 38.630898 22.719000 21.645582 20.828171 20.297718 20.076983 20.176132 20.590546 29.666505 28.852726 28.244668 27.855806 27.695375 27.767335 28.069897 70.250005 69.419293 68.602035 67.798716 66.514715 65.636745 64.771778 63.920341 
83.745815 72.034831 90.645165 79.951243 5.080000 2.540000 0.000000 2.540000 5.080000 7.620000 10.160000 9.158100 8.032185 7.620000 8.032185 9.158100 10.776307 12.700000 43.027318 42.341519 41.799062 41.405581 41.165348 24.014118 22.719000 21.645582 20.828171 20.297718 20.076983 20.176132 30.669634 29.666505 28.852726 28.244668 27.855806 27.695375 27.767335 71.949916 71.093698 70.250005 69.419293 68.307646 67.405177 66.514715 65.636745 
85.354194 73.898537 88.906259 77.974215 7.620000 5.080000 2.540000 0.000000 2.540000 5.080000 7.620000 10.776307 9.158100 8.032185 7.620000 8.032185 9.158100 10.776307 45.458694 44.810122 44.297905 43.926813 43.700442 25.497176 24.014118 22.719000 21.645582 20.828171 20.297718 20.076983 31.844224 30.669634 29.666505 28.852726 28.244668 27.855806 27.695375 73.698173 72.818216 71.949916 71.093698 70.146738 69.221649 68.307646 67.405177 
87.007003 75.801543 87.206668 76.030641 10.160000 7.620000 5.080000 2.540000 0.000000 2.540000 5.080000 12.700000 10.776307 9.158100 8.032185 7.620000 8.032185 9.158100 47.901345 47.286288 46.801179 46.450090 46.236075 27.137379 25.497176 24.014118 22.719000 21.645582 20.828171 20.297718 33.172065 31.844224 30.669634 29.666505 28.852726 28.244668 27.855806 75.491419 74.589374 73.698173 72.818216 72.028456 71.082478 70.146738 69.221649 
88.701758 77.740962 85.548736 74.123152 12.700000 10.160000 7.620000 5.080000 2.540000 0.000000 2.540000 14.810618 12.700000 10.776307 9.158100 8.032185 7.620000 8.032185 50.353630 49.768888 49.308210 48.975097 48.772163 28.907990 27.137379 25.497176 24.014118 22.719000 21.645582 20.828171 34.635537 33.172065 31.844224 30.669634 29.666505 28.852726 28.244668 77.326523 76.403926 75.491419 74.589374 73.949545 72.984272 72.028456 71.082478 
90.436101 79.714138 83.934932 72.254607 15.240000 12.700000 10.160000 7.620000 5.080000 2.540000 0.000000 17.038838 14.810618 12.700000 10.776307 9.158100 8.032185 7.620000 52.814207 52.257005 51.818452 51.501577 51.308637 30.786516 28.907990 27.137379 25.497176 24.014118 22.719000 21.645582 36.218202 34.635537 33.172065 31.844224 30.669634 29.666505 28.852726 79.200575 78.258854 77.326523 76.403926 75.907017 74.923910 73.949545 72.984272 
86.967605 63.138100 99.674213 79.737094 7.620000 8.032185 9.158100 10.776307 12.700000 14.810618 17.038838 0.000000 2.540000 5.080000 7.620000 10.160000 12.700000 15.240000 41.386360 40.194221 39.130846 38.206990 37.432983 14.856361 13.637922 12.813181 12.460557 12.619689 13.272182 14.350899 21.645582 20.828171 20.297718 20.076983 20.176132 20.590546 21.301832 74.627723 73.889943 73.166770 72.458640 70.576355 69.795764 69.029712 68.278689 
88.371572 65.058360 97.963867 77.588496 8.032185 7.620000 8.032185 9.158100 10.776307 12.700000 14.810618 2.540000 0.000000 2.540000 5.080000 7.620000 10.160000 12.700000 43.613842 42.484253 41.479628 40.609241 39.881883 16.380879 14.856361 13.637922 12.813181 12.460557 12.619689 13.272182 22.719000 21.645582 20.828171 20.297718 20.076983 20.176132 20.590546 76.145394 75.379680 74.627723 73.889943 72.179262 71.371010 70.576355 69.795764 
89.825434 67.019877 96.290150 75.464219 9.158100 8.032185 7.620000 8.032185 9.158100 10.776307 12.700000 5.080000 2.540000 0.000000 2.540000 5.080000 7.620000 10.160000 45.873814 44.801243 43.849733 43.027318 42.341519 18.134446 16.380879 14.856361 13.637922 12.813181 12.460557 12.619689 24.014118 22.719000 21.645582 20.828171 20.297718 20.076983 20.176132 77.716460 76.924455 76.145394 75.379680 73.834769 73.000662 72.179262 71.371010 
91.326806 69.019134 94.655005 73.366377 10.776307 9.158100 8.032185 7.620000 8.032185 9.158100 10.776307 7.620000 5.080000 2.540000 0.000000 2.540000 5.080000 7.620000 48.161702 47.141215 46.237884 45.458694 44.810122 20.057075 18.134446 16.380879 14.856361 13.637922 12.813181 12.460557 25.497176 24.014118 22.719000 21.645582 20.828171 20.297718 20.076983 79.337750 78.521020 77.716460 76.924455 75.539417 74.681158 73.834769 73.000662 
92.873385 71.052945 93.060464 71.297303 12.700000 10.776307 9.158100 8.032185 7.620000 8.032185 9.158100 10.160000 7.620000 5.080000 2.540000 0.000000 2.540000 5.080000 50.473712 49.500910 48.641421 47.901345 47.286288 22.104696 20.057075 18.134446 16.380879 14.856361 13.637922 12.813181 27.137379 25.497176 24.014118 22.719000 21.645582 20.828171 20.297718 81.006248 80.166280 79.337750 78.521020 77.289955 76.409145 75.539417 74.681158 
94.462950 73.118426 91.508652 69.259575 14.810618 12.700000 10.776307 9.158100 8.032185 7.620000 8.032185 12.700000 10.160000 7.620000 5.080000 2.540000 0.000000 2.540000 52.806673 51.877638 51.058173 50.353630 49.768888 24.245661 22.104696 20.057075 18.134446 16.380879 14.856361 13.637922 28.907990 27.137379 25.497176 24.014118 22.719000 21.645582 20.828171 82.719097 81.857301 81.006248 80.166280 79.083335 78.181472 77.289955 76.409145 
96.093368 75.212970 90.001777 67.256042 17.038838 14.810618 12.700000 10.776307 9.158100 8.032185 7.620000 15.240000 12.700000 10.160000 7.620000 5.080000 2.540000 0.000000 55.157929 54.269160 53.486348 52.814207 52.257005 26.457321 24.245661 22.104696 20.057075 18.134446 16.380879 14.856361 30.786516 28.907990 27.137379 25.497176 24.014118 22.719000 21.645582 84.473599 83.591304 82.719097 81.857301 80.916710 79.995194 79.083335 78.181472 
53.812991 63.358433 116.394327 121.103643 38.206990 40.609241 43.027318 45.458694 47.901345 50.353630 52.814207 41.386360 43.613842 45.873814 48.161702 50.473712 52.806673 55.157929 0.000000 2.540000 5.080000 7.620000 10.160000 43.109021 44.794575 46.557743 48.390041 50.283914 52.232662 54.230372 49.166336 50.650715 52.216514 53.856634 55.564493 57.334038 59.159735 40.774112 40.551169 40.366969 40.222045 35.800380 35.546255 35.335976 35.170327 
56.299968 60.859999 117.564823 119.815444 37.432983 39.881883 42.341519 44.810122 47.286288 49.768888 52.257005 40.194221 42.484253 44.801243 47.141215 49.500910 51.877638 54.269160 2.540000 0.000000 2.540000 5.080000 7.620000 41.205345 42.965646 44.800851 46.702129 48.661738 50.672910 52.729745 47.096834 48.644404 50.272731 51.974226 53.741939 55.569552 57.451348 43.270238 43.060221 42.886799 42.750417 38.283758 38.046224 37.849836 37.695235 
58.791478 58.365153 118.778109 118.567670 36.818278 39.305496 41.799062 44.297905 46.801179 49.308210 51.818452 39.130846 41.479628 43.849733 46.237884 48.641421 51.058173 53.486348 5.080000 2.540000 0.000000 2.540000 5.080000 39.373550 41.212167 43.122061 45.094177 47.120704 49.194916 51.311032 45.075472 46.690089 48.384232 50.149841 51.979635 53.867072 55.806305 45.771192 45.572701 45.408876 45.280092 40.774112 40.551169 40.366969 40.222045 
61.286970 55.874375 120.032887 117.361608 36.370952 38.886791 41.405581 43.926813 46.450090 48.975097 51.501577 38.206990 40.609241 43.027318 45.458694 47.901345 50.353630 52.814207 7.620000 5.080000 2.540000 0.000000 2.540000 37.624136 39.544176 41.530848 43.575039 45.669025 47.806265 49.981208 43.109021 44.794575 46.557743 48.390041 50.283914 52.232662 54.230372 48.276223 48.088074 47.932846 47.810861 43.270238 43.060221 42.886799 42.750417 
63.785976 53.388236 121.327870 116.198559 36.097228 38.630898 41.165348 43.700442 46.236075 48.772163 51.308637 37.432983 39.881883 42.341519 44.810122 47.286288 49.768888 52.257005 10.160000 7.620000 5.080000 2.540000 0.000000 35.969126 37.972941 40.037654 42.154316 44.315485 46.514958 48.747549 41.205345 42.965646 44.800851 46.702129 48.661738 50.672910 52.729745 50.784728 50.605906 50.458425 50.342560 45.771192 45.572701 45.408876 45.280092 
94.012586 48.965903 114.341386 81.444742 21.645582 22.719000 24.014118 25.497176 27.137379 28.907990 30.786516 14.856361 16.380879 18.134446 20.057075 22.104696 24.245661 26.457321 43.109021 41.205345 39.373550 37.624136 35.969126 0.000000 2.540000 5.080000 7.620000 10.160000 12.700000 15.240000 7.620000 8.032185 9.158100 10.776307 12.700000 14.810618 17.038838 81.151758 80.601610 80.067828 79.550741 76.621336 76.038417 75.472368 74.923573 
95.096618 51.016272 112.670995 79.082529 20.828171 21.645582 22.719000 24.014118 25.497176 27.137379 28.907990 13.637922 14.856361 16.380879 18.134446 20.057075 22.104696 24.245661 44.794575 42.965646 41.212167 39.544176 37.972941 2.540000 0.000000 2.540000 5.080000 7.620000 10.160000 12.700000 8.032185 7.620000 8.032185 9.158100 10.776307 12.700000 14.810618 82.299828 81.717940 81.151758 80.601610 77.836257 77.220743 76.621336 76.038417 
96.235494 53.108979 111.033583 76.731675 20.297718 20.828171 21.645582 22.719000 24.014118 25.497176 27.137379 12.813181 13.637922 14.856361 16.380879 18.134446 20.057075 22.104696 46.557743 44.800851 43.122061 41.530848 40.037654 5.080000 2.540000 0.000000 2.540000 5.080000 7.620000 10.160000 9.158100 8.032185 7.620000 8.032185 9.158100 10.776307 12.700000 83.509393 82.897088 82.299828 81.717940 79.114095 78.467500 77.836257 77.220743 
97.427291 55.239211 109.430633 74.393257 20.076983 20.297718 20.828171 21.645582 22.719000 24.014118 25.497176 12.460557 12.813181 13.637922 14.856361 16.380879 18.134446 20.057075 48.390041 46.702129 45.094177 43.575039 42.154316 7.620000 5.080000 2.540000 0.000000 2.540000 5.080000 7.620000 10.776307 9.158100 8.032185 7.620000 8.032185 9.158100 10.776307 84.777821 84.136413 83.509393 82.897088 80.451851 79.775668 79.114095 78.467500 
98.670092 57.402791 107.863680 72.068486 20.176132 20.076983 20.297718 20.828171 21.645582 22.719000 24.014118 12.619689 12.460557 12.813181 13.637922 14.856361 16.380879 18.134446 50.283914 48.661738 47.120704 45.669025 44.315485 10.160000 7.620000 5.080000 2.540000 0.000000 2.540000 5.080000 12.700000 10.776307 9.158100 8.032185 7.620000 8.032185 9.158100 86.102511 85.433294 84.777821 84.136413 81.846587 81.142277 80.451851 79.775668 
99.961994 59.596087 106.334315 69.758726 20.590546 20.176132 20.076983 20.297718 20.828171 21.645582 22.719000 13.272182 12.619689 12.460557 12.813181 13.637922 14.856361 16.380879 52.232662 50.672910 49.194916 47.806265 46.514958 12.700000 10.160000 7.620000 5.080000 2.540000 0.000000 2.540000 14.810618 12.700000 10.776307 9.158100 8.032185 7.620000 8.032185 87.480907 86.785153 86.102511 85.433294 83.295440 82.564424 81.846587 81.142277 
101.301119 61.815936 104.844184 67.465519 21.301832 20.590546 20.176132 20.076983 20.297718 20.828171 21.645582 14.350899 13.272182 12.619689 12.460557 12.813181 13.637922 14.856361 54.230372 52.729745 51.311032 49.981208 48.747549 15.240000 12.700000 10.160000 7.620000 5.080000 2.540000 0.000000 17.038838 14.810618 12.700000 10.776307 9.158100 8.032185 7.620000 88.910511 88.189462 87.480907 86.785153 84.795638 84.039291 83.295440 82.564424 
100.992562 44.790522 120.146094 79.004919 28.852726 29.666505 30.669634 31.844224 33.172065 34.635537 36.218202 21.645582 22.719000 24.014118 25.497176 27.137379 28.907990 30.786516 49.166336 47.096834 45.075472 43.109021 41.205345 7.620000 8.032185 9.158100 10.776307 12.700000 14.810618 17.038838 0.000000 2.540000 5.080000 7.620000 10.160000 12.700000 15.240000 88.059921 87.553193 87.062042 86.586734 83.440709 82.905752 82.386900 81.884459 
102.002441 47.023305 118.557514 76.567471 28.244668 28.852726 29.666505 30.669634 31.844224 33.172065 34.635537 20.828171 21.645582 22.719000 24.014118 25.497176 27.137379 28.907990 50.650715 48.644404 46.690089 44.794575 42.965646 8.032185 7.620000 8.032185 9.158100 10.776307 12.700000 14.810618 2.540000 0.000000 2.540000 5.080000 7.620000 10.160000 12.700000 89.119042 88.581961 88.059921 87.553193 84.557707 83.991463 83.440709 82.905752 
103.065035 49.285848 117.002512 74.136908 27.855806 28.244668 28.852726 29.666505 30.669634 31.844224 33.172065 20.297718 20.828171 21.645582 22.719000 24.014118 25.497176 27.137379 52.216514 50.272731 48.384232 46.557743 44.800851 9.158100 8.032185 7.620000 8.032185 9.158100 10.776307 12.700000 5.080000 2.540000 0.000000 2.540000 5.080000 7.620000 10.160000 90.237247 89.670894 89.119042 88.581961 85.735423 85.139130 84.557707 83.991463 
104.178732 51.574234 115.482443 71.713931 27.695375 27.855806 28.244668 28.852726 29.666505 30.669634 31.844224 20.076983 20.297718 20.828171 21.645582 22.719000 24.014118 25.497176 53.856634 51.974226 50.149841 48.390041 46.702129 10.776307 9.158100 8.032185 7.620000 8.032185 9.158100 10.776307 7.620000 5.080000 2.540000 0.000000 2.540000 5.080000 7.620000 91.412368 90.817828 90.237247 89.670894 86.971392 86.346280 85.735423 85.139130 
105.341911 53.885171 113.998704 69.299336 27.767335 27.695375 27.855806 28.244668 28.852726 29.666505 30.669634 20.176132 20.076983 20.297718 20.828171 21.645582 22.719000 24.014118 55.564493 53.741939 51.979635 50.283914 48.661738 12.700000 10.776307 9.158100 8.032185 7.620000 8.032185 9.158100 10.160000 7.620000 5.080000 2.540000 0.000000 2.540000 5.080000 92.642239 92.020594 91.412368 90.817828 88.263166 87.610456 86.971392 86.346280 
106.552951 56.215877 112.552733 66.894029 28.069897 27.767335 27.695375 27.855806 28.244668 28.852726 29.666505 20.590546 20.176132 20.076983 20.297718 20.828171 21.645582 22.719000 57.334038 55.569552 53.867072 52.232662 50.672910 14.810618 12.700000 10.776307 9.158100 8.032185 7.620000 8.032185 12.700000 10.160000 7.620000 5.080000 2.540000 0.000000 2.540000 93.924710 93.277033 92.642239 92.020594 89.608332 88.929225 88.263166 87.610456 
107.810240 58.563992 111.146004 64.499050 28.595745 28.069897 27.767335 27.695375 27.855806 28.244668 28.852726 21.301832 20.590546 20.176132 20.076983 20.297718 20.828171 21.645582 59.159735 57.451348 55.806305 54.230372 52.729745 17.038838 14.810618 12.700000 10.776307 9.158100 8.032185 7.620000 15.240000 12.700000 10.160000 7.620000 5.080000 2.540000 0.000000 95.257656 94.585005 93.924710 93.277033 91.004522 90.300195 89.608332 88.929225 
13.064963 102.446084 112.295678 151.442484 68.602035 70.250005 71.949916 73.698173 75.491419 77.326523 79.200575 74.627723 76.145394 77.716460 79.337750 81.006248 82.719097 84.473599 40.774112 43.270238 45.771192 48.276223 50.784728 81.151758 82.299828 83.509393 84.777821 86.102511 87.480907 88.910511 88.059921 89.119042 90.237247 91.412368 92.642239 93.924710 95.257656 0.000000 1.270000 2.540000 3.810000 5.080000 5.236344 5.679613 6.350000 
13.452859 102.496274 111.033803 150.509177 67.798716 69.419293 71.093698 72.818216 74.589374 76.403926 78.258854 73.889943 75.379680 76.924455 78.521020 80.166280 81.857301 83.591304 40.551169 43.060221 45.572701 48.088074 50.605906 80.601610 81.717940 82.897088 84.136413 85.433294 86.785153 88.189462 87.553193 88.581961 89.670894 90.817828 92.020594 93.277033 94.585005 1.270000 0.000000 1.270000 2.540000 5.236344 5.080000 5.236344 5.679613 
13.946016 102.562167 109.772116 149.580828 67.009838 68.602035 70.250005 71.949916 73.698173 75.491419 77.326523 73.166770 74.627723 76.145394 77.716460 79.337750 81.006248 82.719097 40.366969 42.886799 45.408876 47.932846 50.458425 80.067828 81.151758 82.299828 83.509393 84.777821 86.102511 87.480907 87.062042 88.059921 89.119042 90.237247 91.412368 92.642239 93.924710 2.540000 1.270000 0.000000 1.270000 5.679613 5.236344 5.080000 5.236344 
14.533724 102.643733 108.510622 148.657532 66.235917 67.798716 69.419293 71.093698 72.818216 74.589374 76.403926 72.458640 73.889943 75.379680 76.924455 78.521020 80.166280 81.857301 40.222045 42.750417 45.280092 47.810861 50.342560 79.550741 80.601610 81.717940 82.897088 84.136413 85.433294 86.785153 86.586734 87.553193 88.581961 89.670894 90.817828 92.020594 93.277033 3.810000 2.540000 1.270000 0.000000 6.350000 5.679613 5.236344 5.080000 
18.017375 97.369053 112.978988 148.055255 64.771778 66.514715 68.307646 70.146738 72.028456 73.949545 75.907017 70.576355 72.179262 73.834769 75.539417 77.289955 79.083335 80.916710 35.800380 38.283758 40.774112 43.270238 45.771192 76.621336 77.836257 79.114095 80.451851 81.846587 83.295440 84.795638 83.440709 84.557707 85.735423 86.971392 88.263166 89.608332 91.004522 5.080000 5.236344 5.679613 6.350000 0.000000 1.270000 2.540000 3.810000 
18.300600 97.421860 111.724832 147.100458 63.920341 65.636745 67.405177 69.221649 71.082478 72.984272 74.923910 69.795764 71.371010 73.000662 74.681158 76.409145 78.181472 79.995194 35.546255 38.046224 40.551169 43.060221 45.572701 76.038417 77.220743 78.467500 79.775668 81.142277 82.564424 84.039291 82.905752 83.991463 85.139130 86.346280 87.610456 88.929225 90.300195 5.236344 5.080000 5.236344 5.679613 1.270000 0.000000 1.270000 2.540000 
18.666117 97.491183 110.471037 146.150459 63.082981 64.771778 66.514715 68.307646 70.146738 72.028456 73.949545 69.029712 70.576355 72.179262 73.834769 75.539417 77.289955 79.083335 35.335976 37.849836 40.366969 42.886799 45.408876 75.472368 76.621336 77.836257 79.114095 80.451851 81.846587 83.295440 82.386900 83.440709 84.557707 85.735423 86.971392 88.263166 89.608332 5.679613 5.236344 5.080000 5.236344 2.540000 1.270000 0.000000 1.270000 
19.109204 97.576987 109.217616 145.205353 62.260266 63.920341 65.636745 67.405177 69.221649 71.082478 72.984272 68.278689 69.795764 71.371010 73.000662 74.681158 76.409145 78.181472 35.170327 37.695235 40.222045 42.750417 45.280092 74.923573 76.038417 77.220743 78.467500 79.775668 81.142277 82.564424 81.884459 82.905752 83.991463 85.139130 86.346280 87.610456 88.929225 6.350000 5.679613 5.236344 5.080000 3.810000 2.540000 1.270000 0.000000 
