42
# Circuit board instance
Size: large
Nodes: 42
0.000000 115.000000 115.000000 162.634560 77.426503 78.387508 79.357201 80.335267 80.858710 81.779393 82.709328 83.648208 82.937176 84.207168 85.477160 86.747152 83.110864 84.378241 85.645697 86.913226 90.191664 92.204394 94.242600 96.304663 98.389084 100.494471 102.619534 95.080544 96.991875 98.931497 100.897778 102.889190 104.904301 106.941771 102.731803 103.590533 104.457644 105.332930 106.544901 107.373140 108.209944 109.055118 
115.000000 0.000000 162.634560 115.000000 86.635341 87.495259 88.365063 89.244462 82.949080 83.846813 84.754067 85.670541 141.544654 142.292519 143.047750 143.810230 137.460283 138.230248 139.007551 139.792070 92.552823 94.515286 96.504697 98.519425 100.557947 102.618846 104.700801 87.858970 89.923928 92.012663 94.123592 96.255256 98.406307 100.575501 79.361394 80.469907 81.583129 82.700868 76.992360 78.134490 79.280511 80.430256 
115.000000 162.634560 0.000000 115.000000 76.203349 75.263461 74.333387 73.413501 79.688255 78.789950 77.901990 77.024735 32.064753 30.794810 29.524872 28.254940 32.511366 31.259572 30.009309 28.760775 70.924806 69.377534 67.890054 66.466382 65.110703 63.827350 62.620769 77.046101 75.624174 74.261922 72.962686 71.729891 70.567019 69.477581 88.777591 88.127951 87.491923 86.869806 93.163583 92.544737 91.939269 91.347446 
162.634560 115.000000 115.000000 0.000000 85.543962 84.707777 83.882486 83.068412 81.808539 80.933770 80.069589 79.216341 119.098540 118.762933 118.439993 118.129825 114.214284 113.864282 113.527409 113.203781 73.904106 72.420516 70.996819 69.636692 68.343929 67.122422 65.976129 67.933722 66.316700 64.758953 63.264860 61.839034 60.486305 59.211681 60.215181 59.253212 58.303036 57.365240 57.056644 56.040483 55.034867 54.040386 
77.426503 86.635341 76.203349 85.543962 0.000000 1.270000 2.540000 3.810000 5.080000 5.236344 5.679613 6.350000 56.300842 56.867667 57.456976 58.068084 51.779959 52.395714 53.034738 53.696199 13.520083 15.926592 18.369083 20.834906 23.316659 25.809748 28.311178 17.674117 19.576468 21.610298 23.741842 25.947030 28.208595 30.514005 27.299360 27.826335 28.400363 29.018650 32.027901 32.478243 32.971381 33.505424 
78.387508 87.495259 75.263461 84.707777 1.270000 0.000000 1.270000 2.540000 5.236344 5.080000 5.236344 5.679613 55.757186 56.300842 56.867667 57.456976 51.188311 51.779959 52.395714 53.034738 12.336917 14.717731 17.144296 19.599627 22.074126 24.562002 27.059564 16.786341 18.606272 20.579325 22.665549 24.836441 27.071640 29.356461 26.822211 27.299360 27.826335 28.400363 31.622181 32.027901 32.478243 32.971381 
79.357201 88.365063 74.333387 83.882486 2.540000 1.270000 0.000000 1.270000 5.679613 5.236344 5.080000 5.236344 55.237385 55.757186 56.300842 56.867667 50.621616 51.188311 51.779959 52.395714 11.172832 13.520083 15.926592 18.369083 20.834906 23.316659 25.809748 15.950358 17.674117 19.576468 21.610298 23.741842 25.947030 28.208595 26.397589 26.822211 27.299360 27.826335 31.262823 31.622181 32.027901 32.478243 
80.335267 89.244462 73.413501 83.068412 3.810000 2.540000 1.270000 0.000000 6.350000 5.679613 5.236344 5.080000 54.742117 55.237385 55.757186 56.300842 50.080721 50.621616 51.188311 51.779959 10.034472 12.336917 14.717731 17.144296 19.599627 22.074126 24.562002 15.174728 16.786341 18.606272 20.579325 22.665549 24.836441 27.071640 26.028067 26.397589 26.822211 27.299360 30.951440 31.262823 31.622181 32.027901 
80.858710 82.949080 79.688255 81.808539 5.080000 5.236344 5.679613 6.350000 0.000000 1.270000 2.540000 3.810000 60.909919 61.434233 61.980138 62.547070 56.300842 56.867667 57.456976 58.068084 12.685457 15.224471 17.763766 20.303238 22.842827 25.382499 27.922230 14.597375 16.850729 19.175869 21.549571 23.957406 26.390032 28.841177 22.723039 23.353509 24.034601 24.762139 27.299360 27.826335 28.400363 29.018650 
81.779393 83.846813 78.789950 80.933770 5.236344 5.080000 5.236344 5.679613 1.270000 0.000000 1.270000 2.540000 60.407759 60.909919 61.434233 61.980138 55.757186 56.300842 56.867667 57.456976 11.416115 13.954919 16.494091 19.033485 21.573021 24.112655 26.652358 13.508894 15.713125 18.006043 20.357703 22.749896 25.171068 27.613597 22.147515 22.723039 23.353509 24.034601 26.822211 27.299360 27.826335 28.400363 
82.709328 84.754067 77.901990 80.069589 5.679613 5.236344 5.080000 5.236344 2.540000 1.270000 0.000000 1.270000 59.928309 60.407759 60.909919 61.434233 55.237385 55.757186 56.300842 56.867667 10.146937 12.685457 15.224471 17.763766 20.303238 22.842827 25.382499 12.454834 14.597375 16.850729 19.175869 21.549571 23.957406 26.390032 21.631324 22.147515 22.723039 23.353509 26.397589 26.822211 27.299360 27.826335 
83.648208 85.670541 77.024735 79.216341 6.350000 5.679613 5.236344 5.080000 3.810000 2.540000 1.270000 0.000000 59.472118 59.928309 60.407759 60.909919 54.742117 55.237385 55.757186 56.300842 8.877995 11.416115 13.954919 16.494091 19.033485 21.573021 24.112655 11.444708 13.508894 15.713125 18.006043 20.357703 22.749896 25.171068 21.178803 21.631324 22.147515 22.723039 26.028067 26.397589 26.822211 27.299360 
82.937176 141.544654 32.064753 119.098540 56.300842 55.757186 55.237385 54.742117 60.909919 60.407759 59.928309 59.472118 0.000000 1.270000 2.540000 3.810000 5.080000 5.236344 5.679613 6.350000 56.599092 56.118208 55.749013 55.493737 55.353955 55.330545 55.423652 64.067773 63.643347 63.318045 63.093400 62.970491 62.949913 63.031766 76.954627 76.736762 76.539353 76.362557 81.957142 81.752609 81.567340 81.401465 
84.207168 142.292519 30.794810 118.762933 56.867667 56.300842 55.757186 55.237385 61.434233 60.909919 60.407759 59.928309 1.270000 0.000000 1.270000 2.540000 5.236344 5.080000 5.236344 5.679613 56.880558 56.344852 55.919495 55.607020 55.409338 55.327677 55.362553 64.316563 63.843282 63.468199 63.193062 63.019180 62.947393 62.978049 77.192774 76.954627 76.736762 76.539353 82.180794 81.957142 81.752609 81.567340 
85.477160 143.047750 29.524872 118.439993 57.456976 56.867667 56.300842 55.757186 61.980138 61.434233 60.909919 60.407759 2.540000 1.270000 0.000000 1.270000 5.679613 5.236344 5.080000 5.236344 57.188849 56.599092 56.118208 55.749013 55.493737 55.353955 55.330545 64.589371 64.067773 63.643347 63.318045 63.093400 62.970491 62.949913 77.451017 77.192774 76.954627 76.736762 82.423410 82.180794 81.957142 81.752609 
86.747152 143.810230 28.254940 118.129825 58.068084 57.456976 56.867667 56.300842 62.547070 61.980138 61.434233 60.909919 3.810000 2.540000 1.270000 0.000000 6.350000 5.679613 5.236344 5.080000 57.523532 56.880558 56.344852 55.919495 55.607020 55.409338 55.327677 64.885893 64.316563 63.843282 63.468199 63.193062 63.019180 62.947393 77.729154 77.451017 77.192774 76.954627 82.684822 82.423410 82.180794 81.957142 
83.110864 137.460283 32.511366 114.214284 51.779959 51.188311 50.621616 50.080721 56.300842 55.757186 55.237385 54.742117 5.080000 5.236344 5.679613 6.350000 0.000000 1.270000 2.540000 3.810000 51.644538 51.117065 50.711473 50.430704 50.276848 50.251072 50.353572 59.084359 58.623864 58.270547 58.026365 57.892699 57.870316 57.959343 71.962970 71.729945 71.518717 71.329478 76.954627 76.736762 76.539353 76.362557 
84.378241 138.230248 31.259572 113.864282 52.395714 51.779959 51.188311 50.621616 56.867667 56.300842 55.757186 55.237385 5.236344 5.080000 5.236344 5.679613 1.270000 0.000000 1.270000 2.540000 51.952854 51.365781 50.898831 50.555334 50.337817 50.247915 50.286314 59.354041 58.840858 58.433673 58.134714 57.945655 57.867574 57.900920 72.217579 71.962970 71.729945 71.518717 77.192774 76.954627 76.736762 76.539353 
85.645697 139.007551 30.009309 113.527409 53.034738 52.395714 51.779959 51.188311 57.456976 56.867667 56.300842 55.757186 5.679613 5.236344 5.080000 5.236344 2.540000 1.270000 0.000000 1.270000 52.290205 51.644538 51.117065 50.711473 50.430704 50.276848 50.251072 59.649549 59.084359 58.623864 58.270547 58.026365 57.892699 57.870316 72.493547 72.217579 71.962970 71.729945 77.451017 77.192774 76.954627 76.736762 
86.913226 139.792070 28.760775 113.203781 53.696199 53.034738 52.395714 51.779959 58.068084 57.456976 56.867667 56.300842 6.350000 5.679613 5.236344 5.080000 3.810000 2.540000 1.270000 0.000000 52.656033 51.952854 51.365781 50.898831 50.555334 50.337817 50.247915 59.970501 59.354041 58.840858 58.433673 58.134714 57.945655 57.867574 72.790630 72.493547 72.217579 71.962970 77.729154 77.451017 77.192774 76.954627 
90.191664 92.552823 70.924806 73.904106 13.520083 12.336917 11.172832 10.034472 12.685457 11.416115 10.146937 8.877995 56.599092 56.880558 57.188849 57.523532 51.644538 51.952854 52.290205 52.656033 0.000000 2.540000 5.080000 7.620000 10.160000 12.700000 15.240000 7.620000 8.032185 9.158100 10.776307 12.700000 14.810618 17.038838 20.464928 20.387671 20.389378 20.470031 25.527758 25.465864 25.467231 25.531849 
92.204394 94.515286 69.377534 72.420516 15.926592 14.717731 13.520083 12.336917 15.224471 13.954919 12.685457 11.416115 56.118208 56.344852 56.599092 56.880558 51.117065 51.365781 51.644538 51.952854 2.540000 0.000000 2.540000 5.080000 7.620000 10.160000 12.700000 8.032185 7.620000 8.032185 9.158100 10.776307 12.700000 14.810618 20.851931 20.620263 20.464928 20.387671 25.839043 25.652454 25.527758 25.465864 
94.242600 96.504697 67.890054 70.996819 18.369083 17.144296 15.926592 14.717731 17.763766 16.494091 15.224471 13.954919 55.749013 55.919495 56.118208 56.344852 50.711473 50.898831 51.117065 51.365781 5.080000 2.540000 0.000000 2.540000 5.080000 7.620000 10.160000 9.158100 8.032185 7.620000 8.032185 9.158100 10.776307 12.700000 21.533601 21.157424 20.851931 20.620263 26.392217 26.086198 25.839043 25.652454 
96.304663 98.519425 66.466382 69.636692 20.834906 19.599627 18.369083 17.144296 20.303238 19.033485 17.763766 16.494091 55.493737 55.607020 55.749013 55.919495 50.430704 50.555334 50.711473 50.898831 7.620000 5.080000 2.540000 0.000000 2.540000 5.080000 7.620000 10.776307 9.158100 8.032185 7.620000 8.032185 9.158100 10.776307 22.483152 21.976832 21.533601 21.157424 27.172509 26.755080 26.392217 26.086198 
98.389084 100.557947 65.110703 68.343929 23.316659 22.074126 20.834906 19.599627 22.842827 21.573021 20.303238 19.033485 55.353955 55.409338 55.493737 55.607020 50.276848 50.337817 50.430704 50.555334 10.160000 7.620000 5.080000 2.540000 0.000000 2.540000 5.080000 12.700000 10.776307 9.158100 8.032185 7.620000 8.032185 9.158100 23.668364 23.048403 22.483152 21.976832 28.161048 27.642034 27.172509 26.755080 
100.494471 102.618846 63.827350 67.122422 25.809748 24.562002 23.316659 22.074126 25.382499 24.112655 22.842827 21.573021 55.330545 55.327677 55.353955 55.409338 50.251072 50.247915 50.276848 50.337817 12.700000 10.160000 7.620000 5.080000 2.540000 0.000000 2.540000 14.810618 12.700000 10.776307 9.158100 8.032185 7.620000 8.032185 25.055818 24.338855 23.668364 23.048403 29.336788 28.726869 28.161048 27.642034 
102.619534 104.700801 62.620769 65.976129 28.311178 27.059564 25.809748 24.562002 27.922230 26.652358 25.382499 24.112655 55.423652 55.362553 55.330545 55.327677 50.353572 50.286314 50.251072 50.247915 15.240000 12.700000 10.160000 7.620000 5.080000 2.540000 0.000000 17.038838 14.810618 12.700000 10.776307 9.158100 8.032185 7.620000 26.613902 25.815383 25.055818 24.338855 30.678215 29.988116 29.336788 28.726869 
95.080544 87.858970 77.046101 67.933722 17.674117 16.786341 15.950358 15.174728 14.597375 13.508894 12.454834 11.444708 64.067773 64.316563 64.589371 64.885893 59.084359 59.354041 59.649549 59.970501 7.620000 8.032185 9.158100 10.776307 12.700000 14.810618 17.038838 0.000000 2.540000 5.080000 7.620000 10.160000 12.700000 15.240000 12.896030 12.773074 12.775799 12.904126 17.937155 17.848959 17.850910 17.942976 
96.991875 89.923928 75.624174 66.316700 19.576468 18.606272 17.674117 16.786341 16.850729 15.713125 14.597375 13.508894 63.643347 63.843282 64.067773 64.316563 58.623864 58.840858 59.084359 59.354041 8.032185 7.620000 8.032185 9.158100 10.776307 12.700000 14.810618 2.540000 0.000000 2.540000 5.080000 7.620000 10.160000 12.700000 13.501753 13.141140 12.896030 12.773074 18.377466 18.114179 17.937155 17.848959 
98.931497 92.012663 74.261922 64.758953 21.610298 20.579325 19.576468 18.606272 19.175869 18.006043 16.850729 15.713125 63.318045 63.468199 63.643347 63.843282 58.270547 58.433673 58.623864 58.840858 9.158100 8.032185 7.620000 8.032185 9.158100 10.776307 12.700000 5.080000 2.540000 0.000000 2.540000 5.080000 7.620000 10.160000 14.532388 13.968927 13.501753 13.141140 19.147434 18.723377 18.377466 18.114179 
100.897778 94.123592 72.962686 63.264860 23.741842 22.665549 21.610298 20.579325 21.549571 20.357703 19.175869 18.006043 63.093400 63.193062 63.318045 63.468199 58.026365 58.134714 58.270547 58.433673 10.776307 9.158100 8.032185 7.620000 8.032185 9.158100 10.776307 7.620000 5.080000 2.540000 0.000000 2.540000 5.080000 7.620000 15.905547 15.181418 14.532388 13.968927 20.209413 19.644577 19.147434 18.723377 
102.889190 96.255256 71.729891 61.839034 25.947030 24.836441 23.741842 22.665549 23.957406 22.749896 21.549571 20.357703 62.970491 63.019180 63.093400 63.193062 57.892699 57.945655 58.026365 58.134714 12.700000 10.776307 9.158100 8.032185 7.620000 8.032185 9.158100 10.160000 7.620000 5.080000 2.540000 0.000000 2.540000 5.080000 17.540974 16.695006 15.905547 15.181418 21.520216 20.836438 20.209413 19.644577 
104.904301 98.406307 70.567019 60.486305 28.208595 27.071640 25.947030 24.836441 26.390032 25.171068 23.957406 22.749896 62.949913 62.947393 62.970491 63.019180 57.870316 57.867574 57.892699 57.945655 14.810618 12.700000 10.776307 9.158100 8.032185 7.620000 8.032185 12.700000 10.160000 7.620000 5.080000 2.540000 0.000000 2.540000 19.372360 18.435676 17.540974 16.695006 23.037410 22.255518 21.520216 20.836438 
106.941771 100.575501 69.477581 59.211681 30.514005 29.356461 28.208595 27.071640 28.841177 27.613597 26.390032 25.171068 63.031766 62.978049 62.949913 62.947393 57.959343 57.900920 57.870316 57.867574 17.038838 14.810618 12.700000 10.776307 9.158100 8.032185 7.620000 15.240000 12.700000 10.160000 7.620000 5.080000 2.540000 0.000000 21.349334 20.345228 19.372360 18.435676 24.723026 23.861313 23.037410 22.255518 
102.731803 79.361394 88.777591 60.215181 27.299360 26.822211 26.397589 26.028067 22.723039 22.147515 21.631324 21.178803 76.954627 77.192774 77.451017 77.729154 71.962970 72.217579 72.493547 72.790630 20.464928 20.851931 21.533601 22.483152 23.668364 25.055818 26.613902 12.896030 13.501753 14.532388 15.905547 17.540974 19.372360 21.349334 0.000000 1.270000 2.540000 3.810000 5.080000 5.236344 5.679613 6.350000 
103.590533 80.469907 88.127951 59.253212 27.826335 27.299360 26.822211 26.397589 23.353509 22.723039 22.147515 21.631324 76.736762 76.954627 77.192774 77.451017 71.729945 71.962970 72.217579 72.493547 20.387671 20.620263 21.157424 21.976832 23.048403 24.338855 25.815383 12.773074 13.141140 13.968927 15.181418 16.695006 18.435676 20.345228 1.270000 0.000000 1.270000 2.540000 5.236344 5.080000 5.236344 5.679613 
104.457644 81.583129 87.491923 58.303036 28.400363 27.826335 27.299360 26.822211 24.034601 23.353509 22.723039 22.147515 76.539353 76.736762 76.954627 77.192774 71.518717 71.729945 71.962970 72.217579 20.389378 20.464928 20.851931 21.533601 22.483152 23.668364 25.055818 12.775799 12.896030 13.501753 14.532388 15.905547 17.540974 19.372360 2.540000 1.270000 0.000000 1.270000 5.679613 5.236344 5.080000 5.236344 
105.332930 82.700868 86.869806 57.365240 29.018650 28.400363 27.826335 27.299360 24.762139 24.034601 23.353509 22.723039 76.362557 76.539353 76.736762 76.954627 71.329478 71.518717 71.729945 71.962970 20.470031 20.387671 20.620263 21.157424 21.976832 23.048403 24.338855 12.904126 12.773074 13.141140 13.968927 15.181418 16.695006 18.435676 3.810000 2.540000 1.270000 0.000000 6.350000 5.679613 5.236344 5.080000 
106.544901 76.992360 93.163583 57.056644 32.027901 31.622181 31.262823 30.951440 27.299360 26.822211 26.397589 26.028067 81.957142 82.180794 82.423410 82.684822 76.954627 77.192774 77.451017 77.729154 25.527758 25.839043 26.392217 27.172509 28.161048 29.336788 30.678215 17.937155 18.377466 19.147434 20.209413 21.520216 23.037410 24.723026 5.080000 5.236344 5.679613 6.350000 0.000000 1.270000 2.540000 3.810000 
107.373140 78.134490 92.544737 56.040483 32.478243 32.027901 31.622181 31.262823 27.826335 27.299360 26.822211 26.397589 81.752609 81.957142 82.180794 82.423410 76.736762 76.954627 77.192774 77.451017 25.465864 25.652454 26.086198 26.755080 27.642034 28.726869 29.988116 17.848959 18.114179 18.723377 19.644577 20.836438 22.255518 23.861313 5.236344 5.080000 5.236344 5.679613 1.270000 0.000000 1.270000 2.540000 
108.209944 79.280511 91.939269 55.034867 32.971381 32.478243 32.027901 31.622181 28.400363 27.826335 27.299360 26.822211 81.567340 81.752609 81.957142 82.180794 76.539353 76.736762 76.954627 77.192774 25.467231 25.527758 25.839043 26.392217 27.172509 28.161048 29.336788 17.850910 17.937155 18.377466 19.147434 20.209413 21.520216 23.037410 5.679613 5.236344 5.080000 5.236344 2.540000 1.270000 0.000000 1.270000 
109.055118 80.430256 91.347446 54.040386 33.505424 32.971381 32.478243 32.027901 29.018650 28.400363 27.826335 27.299360 81.401465 81.567340 81.752609 81.957142 76.362557 76.539353 76.736762 76.954627 25.531849 25.465864 25.652454 26.086198 26.755080 27.642034 28.726869 17.942976 17.848959 18.114179 18.723377 19.644577 20.836438 22.255518 6.350000 5.679613 5.236344 5.080000 3.810000 2.540000 1.270000 0.000000 
