53
# Circuit board instance
Size: large
Nodes: 53
0.000000 140.000000 140.000000 197.989899 117.772665 117.835132 117.911244 118.000977 122.847990 122.907877 122.980850 123.066887 141.034639 142.052712 143.074814 144.100859 144.139790 145.136083 146.136620 147.141316 155.965904 157.601391 159.260594 160.942780 162.647236 164.373269 166.120205 161.899730 163.475863 165.076032 166.699544 168.345724 170.013913 171.703471 133.375353 133.877079 134.424934 135.018357 135.656750 40.333640 42.121251 43.982953 45.909735 47.893742 49.928154 52.007055 46.162896 47.732695 49.383303 51.106890 52.896323 54.745146 56.647544 
140.000000 0.000000 197.989899 140.000000 22.928399 23.247128 23.629902 24.073665 18.014979 18.418929 18.899742 19.451718 125.690745 126.832042 127.975764 129.121847 123.536524 124.697540 125.860660 127.025828 101.677518 104.168867 106.662512 109.158293 111.656070 114.155709 116.657092 100.453357 102.974328 105.496212 108.018944 110.542468 113.066729 115.591680 174.223818 172.559631 170.916988 169.296517 167.698860 114.148560 114.792382 115.488491 116.235946 117.033764 117.880922 118.776366 106.773144 107.461163 108.204445 109.001860 109.852229 110.754333 111.706918 
140.000000 197.989899 0.000000 140.000000 178.957540 178.002580 177.051580 176.104602 182.337679 181.400514 180.467421 179.538461 88.871257 88.491265 88.127937 87.781481 93.720915 93.360663 93.016358 92.688176 126.548228 125.762034 125.022509 124.330484 123.686758 123.092088 122.547189 133.793174 133.049797 132.350999 131.697489 131.089944 130.529007 130.015279 26.692696 29.096176 31.521074 33.962802 36.417976 116.009254 113.553266 111.101056 108.652880 106.209016 103.769770 101.335474 118.162420 115.752126 113.347497 110.948902 108.556739 106.171444 103.793491 
197.989899 140.000000 140.000000 0.000000 136.678864 135.426103 134.173666 132.921562 135.940943 134.681318 133.421890 132.162664 61.688688 61.139985 60.612929 60.108088 57.171704 56.579213 56.009255 55.462526 45.026754 42.767321 40.541118 38.353929 36.212825 34.126481 32.105575 42.189665 39.769374 37.364977 34.979754 32.617909 30.284914 27.987984 115.227835 112.695791 110.164114 107.632829 105.101964 157.674470 155.876347 154.099111 152.343492 150.610247 148.900156 147.214027 152.419975 150.559112 148.718346 146.898435 145.100162 143.324342 141.571820 
117.772665 22.928399 178.957540 136.678864 0.000000 1.270000 2.540000 3.810000 5.080000 5.236344 5.679613 6.350000 112.627883 113.842606 115.058523 116.275596 111.243552 112.473227 113.703789 114.935209 94.550370 97.089642 99.628951 102.168294 104.707669 107.247074 109.786506 95.041041 97.567543 100.094729 102.622548 105.150953 107.679904 110.209364 156.190105 154.698822 153.235131 151.799830 150.393732 91.225103 91.886928 92.613707 93.403925 94.255986 95.168228 96.138940 83.863565 84.583010 85.371991 86.228599 87.150840 88.136654 89.183932 
117.835132 23.247128 178.002580 135.426103 1.270000 0.000000 1.270000 2.540000 5.236344 5.080000 5.236344 5.679613 111.414392 112.627883 113.842606 115.058523 110.014793 111.243552 112.473227 113.703789 93.280749 95.820001 98.359292 100.898618 103.437978 105.977368 108.516787 93.778063 96.304203 98.831054 101.358562 103.886680 106.415363 108.944573 155.168806 153.667612 152.194003 150.748790 149.332796 90.918998 91.547805 92.242291 93.000984 93.822327 94.704690 95.646384 83.530487 84.214480 84.968925 85.791964 86.681643 87.635931 88.652743 
117.911244 23.629902 177.051580 134.173666 2.540000 1.270000 0.000000 1.270000 5.679613 5.236344 5.080000 5.236344 110.202175 111.414392 112.627883 113.842606 108.786982 110.014793 111.243552 112.473227 92.011139 94.550370 97.089642 99.628951 102.168294 104.707669 107.247074 92.515277 95.041041 97.567543 100.094729 102.622548 105.150953 107.679904 154.151203 152.640001 151.156376 149.701145 148.275147 90.629656 91.225103 91.886928 92.613707 93.403925 94.255986 95.168228 83.215459 83.863565 84.583010 85.371991 86.228599 87.150840 88.136654 
118.000977 24.073665 176.104602 132.921562 3.810000 2.540000 1.270000 0.000000 6.350000 5.679613 5.236344 5.080000 108.991274 110.202175 111.414392 112.627883 107.560150 108.786982 110.014793 111.243552 90.741539 93.280749 95.820001 98.359292 100.898618 103.437978 105.977368 91.252692 93.778063 96.304203 98.831054 101.358562 103.886680 106.415363 153.137371 151.616064 150.122320 148.656967 147.220855 90.357240 90.918998 91.547805 92.242291 93.000984 93.822327 94.704690 82.918689 83.530487 84.214480 84.968925 85.791964 86.681643 87.635931 
122.847990 18.014979 182.337679 135.940943 5.080000 5.236344 5.679613 6.350000 0.000000 1.270000 2.540000 3.810000 114.221560 115.419512 116.618989 117.819944 112.627883 113.842606 115.058523 116.275596 94.563579 97.102506 99.641487 102.180519 104.719597 107.258720 109.797882 94.646068 97.182840 99.719776 102.256863 104.794092 107.331452 109.868934 159.252332 157.708197 156.190105 154.698822 153.235131 96.155170 96.783288 97.473566 98.224694 99.035287 99.903899 100.829028 88.766410 89.446429 90.192876 91.004117 91.878436 92.814050 93.809125 
122.907877 18.418929 181.400514 134.681318 5.236344 5.080000 5.236344 5.679613 1.270000 0.000000 1.270000 2.540000 113.025182 114.221560 115.419512 116.618989 111.414392 112.627883 113.842606 115.058523 93.294138 95.833035 98.371990 100.910997 103.450052 105.989153 108.528296 93.377749 95.914433 98.451288 100.988301 103.525461 106.062756 108.600179 158.250796 156.696792 155.168806 153.667612 152.194003 95.864808 96.461380 97.120737 97.841608 98.622646 99.462433 100.359494 88.451796 89.098017 89.811449 90.590503 91.433502 92.338694 93.304271 
122.980850 18.899742 180.467421 133.421890 5.679613 5.236344 5.080000 5.236344 2.540000 1.270000 0.000000 1.270000 111.830427 113.025182 114.221560 115.419512 110.202175 111.414392 112.627883 113.842606 92.024712 94.563579 97.102506 99.641487 102.180519 104.719597 107.258720 92.109475 94.646068 97.182840 99.719776 102.256863 104.794092 107.331452 157.253139 155.689177 154.151203 152.640001 151.156376 95.590438 96.155170 96.783288 97.473566 98.224694 99.035287 99.903899 88.154358 88.766410 89.446429 90.192876 91.004117 91.878436 92.814050 
123.066887 19.451718 179.538461 132.162664 6.350000 5.679613 5.236344 5.080000 3.810000 2.540000 1.270000 0.000000 110.637348 111.830427 113.025182 114.221560 108.991274 110.202175 111.414392 112.627883 90.755303 93.294138 95.833035 98.371990 100.910997 103.450052 105.989153 90.841250 93.377749 95.914433 98.451288 100.988301 103.525461 106.062756 156.259434 154.685426 153.137371 151.616064 150.122320 95.332199 95.864808 96.461380 97.120737 97.841608 98.622646 99.462433 87.874268 88.451796 89.098017 89.811449 90.590503 91.433502 92.338694 
141.034639 125.690745 88.871257 61.688688 112.627883 111.414392 110.202175 108.991274 114.221560 113.025182 111.830427 110.637348 0.000000 1.270000 2.540000 3.810000 5.080000 5.236344 5.679613 6.350000 37.704424 36.895495 36.246857 35.767234 35.463482 35.340138 35.399086 44.924694 44.247962 43.708572 43.311657 43.061156 42.959632 43.008138 62.200249 59.775471 57.360666 54.957149 52.566469 101.500243 99.380658 97.281213 95.203239 93.148173 91.117566 89.113090 97.554882 95.347632 93.157340 90.985232 88.832640 86.701019 84.591953 
142.052712 126.832042 88.491265 61.139985 113.842606 112.627883 111.414392 110.202175 115.419512 114.221560 113.025182 111.830427 1.270000 0.000000 1.270000 2.540000 5.236344 5.080000 5.236344 5.679613 38.165892 37.280526 36.550557 35.985441 35.593032 35.379077 35.346816 45.312690 44.569521 43.960753 43.492029 43.167911 42.991670 42.965126 61.841462 59.402040 56.971409 54.550744 52.141434 102.567198 100.438012 98.328337 96.239454 94.172748 92.129711 90.111952 98.664511 96.449210 94.250292 92.068932 89.906408 87.764112 85.643562 
143.074814 127.975764 88.127937 60.612929 115.058523 113.842606 112.627883 111.414392 116.618989 115.419512 114.221560 113.025182 2.540000 1.270000 0.000000 1.270000 5.679613 5.236344 5.080000 5.236344 38.663585 37.704424 36.895495 36.246857 35.767234 35.463482 35.340138 45.732673 44.924694 44.247962 43.708572 43.311657 43.061156 42.959632 61.506810 59.053565 56.607973 54.171071 51.744085 103.638731 101.500243 99.380658 97.281213 95.203239 93.148173 91.117566 99.777965 97.554882 95.347632 93.157340 90.985232 88.832640 86.701019 
144.100859 129.121847 87.781481 60.108088 116.275596 115.058523 113.842606 112.627883 117.819944 116.618989 115.419512 114.221560 3.810000 2.540000 1.270000 0.000000 6.350000 5.679613 5.236344 5.080000 39.196124 38.165892 37.280526 36.550557 35.985441 35.593032 35.379077 46.183771 45.312690 44.569521 43.960753 43.492029 43.167911 42.991670 61.196689 58.730491 56.270860 53.818695 51.375066 104.714702 102.567198 100.438012 98.328337 96.239454 94.172748 92.129711 100.895117 98.664511 96.449210 94.250292 92.068932 89.906408 87.764112 
144.139790 123.536524 93.720915 57.171704 111.243552 110.014793 108.786982 107.560150 112.627883 111.414392 110.202175 108.991274 5.080000 5.236344 5.679613 6.350000 0.000000 1.270000 2.540000 3.810000 32.990956 32.063330 31.314761 30.758326 30.404575 30.260617 30.329439 40.094745 39.335004 38.727247 38.278715 37.995047 37.879946 37.934948 67.075397 64.633879 62.200249 59.775471 57.360666 104.356974 102.296598 100.258232 98.243247 96.253109 94.289394 92.353785 100.137978 97.988931 95.859009 93.749517 91.661865 89.597580 87.558313 
145.136083 124.697540 93.360663 56.579213 112.473227 111.243552 110.014793 108.786982 113.842606 112.627883 111.414392 110.202175 5.236344 5.080000 5.236344 5.679613 1.270000 0.000000 1.270000 2.540000 33.517382 32.505649 31.665798 31.011797 30.555581 30.306083 30.268416 40.529005 39.696381 39.011642 38.482684 38.115993 37.916277 37.886177 66.742822 64.288675 61.841462 59.402040 56.971409 105.395013 103.324117 101.274581 99.247728 97.244976 95.267846 93.317966 101.219294 99.061141 96.921500 94.801624 92.702869 90.626701 88.574710 
146.136620 125.860660 93.016358 56.009255 113.703789 112.473227 111.243552 110.014793 115.058523 113.842606 112.627883 111.414392 5.679613 5.236344 5.080000 5.236344 2.540000 1.270000 0.000000 1.270000 34.083022 32.990956 32.063330 31.314761 30.758326 30.404575 30.260617 40.998022 40.094745 39.335004 38.727247 38.278715 37.995047 37.879946 66.432865 63.966828 61.506810 59.053565 56.607973 106.438082 104.356974 102.296598 100.258232 98.243247 96.253109 94.289394 102.304946 100.137978 97.988931 95.859009 93.749517 91.661865 89.597580 
147.141316 127.025828 92.688176 55.462526 114.935209 113.703789 112.473227 111.243552 116.275596 115.058523 113.842606 112.627883 6.350000 5.679613 5.236344 5.080000 3.810000 2.540000 1.270000 0.000000 34.685959 33.517382 32.505649 31.665798 31.011797 30.555581 30.306083 41.500616 40.529005 39.696381 39.011642 38.482684 38.115993 37.916277 66.145843 63.668690 61.196689 58.730491 56.270860 107.486035 105.395013 103.324117 101.274581 99.247728 97.244976 95.267846 103.394798 101.219294 99.061141 96.921500 94.801624 92.702869 90.626701 
155.965904 101.677518 126.548228 45.026754 94.550370 93.280749 92.011139 90.741539 94.563579 93.294138 92.024712 90.755303 37.704424 38.165892 38.663585 39.196124 32.990956 33.517382 34.083022 34.685959 0.000000 2.540000 5.080000 7.620000 10.160000 12.700000 15.240000 7.620000 8.032185 9.158100 10.776307 12.700000 14.810618 17.038838 99.862405 97.453693 95.051818 92.657309 90.270754 115.747870 114.186614 112.660994 111.172477 109.722572 108.312830 106.944840 109.880321 108.234460 106.623708 105.049679 103.514049 102.018551 100.564975 
157.601391 104.168867 125.762034 42.767321 97.089642 95.820001 94.550370 93.280749 97.102506 95.833035 94.563579 93.294138 36.895495 37.280526 37.704424 38.165892 32.063330 32.505649 32.990956 33.517382 2.540000 0.000000 2.540000 5.080000 7.620000 10.160000 12.700000 8.032185 7.620000 8.032185 9.158100 10.776307 12.700000 14.810618 99.095504 96.667685 94.245780 91.830256 89.421630 117.343338 115.747870 114.186614 112.660994 111.172477 109.722572 108.312830 111.559735 109.880321 108.234460 106.623708 105.049679 103.514049 102.018551 
159.260594 106.662512 125.022509 40.541118 99.628951 98.359292 97.089642 95.820001 99.641487 98.371990 97.102506 95.833035 36.246857 36.550557 36.895495 37.280526 31.314761 31.665798 32.063330 32.505649 5.080000 2.540000 0.000000 2.540000 5.080000 7.620000 10.160000 9.158100 8.032185 7.620000 8.032185 9.158100 10.776307 12.700000 98.388216 95.942501 93.501814 91.066559 88.637183 118.971643 117.343338 115.747870 114.186614 112.660994 111.172477 109.722572 113.271211 111.559735 109.880321 108.234460 106.623708 105.049679 103.514049 
160.942780 109.158293 124.330484 38.353929 102.168294 100.898618 99.628951 98.359292 102.180519 100.910997 99.641487 98.371990 35.767234 35.985441 36.246857 36.550557 30.758326 31.011797 31.314761 31.665798 7.620000 5.080000 2.540000 0.000000 2.540000 5.080000 7.620000 10.776307 9.158100 8.032185 7.620000 8.032185 9.158100 10.776307 97.741836 95.279531 92.821413 90.367824 87.919142 120.631454 118.971643 117.343338 115.747870 114.186614 112.660994 111.172477 115.013318 113.271211 111.559735 109.880321 108.234460 106.623708 105.049679 
162.647236 111.656070 123.686758 36.212825 104.707669 103.437978 102.168294 100.898618 104.719597 103.450052 102.180519 100.910997 35.463482 35.593032 35.767234 35.985441 30.404575 30.555581 30.758326 31.011797 10.160000 7.620000 5.080000 2.540000 0.000000 2.540000 5.080000 12.700000 10.776307 9.158100 8.032185 7.620000 8.032185 9.158100 97.157579 94.680080 92.205983 89.735568 87.269148 122.321490 120.631454 118.971643 117.343338 115.747870 114.186614 112.660994 116.784685 115.013318 113.271211 111.559735 109.880321 108.234460 106.623708 
164.373269 114.155709 123.092088 34.126481 107.247074 105.977368 104.707669 103.437978 107.258720 105.989153 104.719597 103.450052 35.340138 35.379077 35.463482 35.593032 30.260617 30.306083 30.404575 30.555581 12.700000 10.160000 7.620000 5.080000 2.540000 0.000000 2.540000 14.810618 12.700000 10.776307 9.158100 8.032185 7.620000 8.032185 96.636572 94.145363 91.656833 89.171206 86.688731 124.040515 122.321490 120.631454 118.971643 117.343338 115.747870 114.186614 118.584000 116.784685 115.013318 113.271211 111.559735 109.880321 108.234460 
166.120205 116.657092 122.547189 32.105575 109.786506 108.516787 107.247074 105.977368 109.797882 108.528296 107.258720 105.989153 35.399086 35.346816 35.340138 35.379077 30.329439 30.268416 30.260617 30.306083 15.240000 12.700000 10.160000 7.620000 5.080000 2.540000 0.000000 17.038838 14.810618 12.700000 10.776307 9.158100 8.032185 7.620000 96.179842 93.676488 91.175162 88.676034 86.179296 125.787341 124.040515 122.321490 120.631454 118.971643 117.343338 115.747870 120.410010 118.584000 116.784685 115.013318 113.271211 111.559735 109.880321 
161.899730 100.453357 133.793174 42.189665 95.041041 93.778063 92.515277 91.252692 94.646068 93.377749 92.109475 90.841250 44.924694 45.312690 45.732673 46.183771 40.094745 40.529005 40.998022 41.500616 7.620000 8.032185 9.158100 10.776307 12.700000 14.810618 17.038838 0.000000 2.540000 5.080000 7.620000 10.160000 12.700000 15.240000 107.124935 104.698446 102.277469 99.862405 97.453693 121.809616 120.327038 118.880246 117.470562 116.099337 114.767950 113.477804 115.747870 114.186614 112.660994 111.172477 109.722572 108.312830 106.944840 
163.475863 102.974328 133.049797 39.769374 97.567543 96.304203 95.041041 93.778063 97.182840 95.914433 94.646068 93.377749 44.247962 44.569521 44.924694 45.312690 39.335004 39.696381 40.094745 40.529005 8.032185 7.620000 8.032185 9.158100 10.776307 12.700000 14.810618 2.540000 0.000000 2.540000 5.080000 7.620000 10.160000 12.700000 106.410388 103.967224 101.528812 99.095504 96.667685 123.326689 121.809616 120.327038 118.880246 117.470562 116.099337 114.767950 117.343338 115.747870 114.186614 112.660994 111.172477 109.722572 108.312830 
165.076032 105.496212 132.350999 37.364977 100.094729 98.831054 97.567543 96.304203 99.719776 98.451288 97.182840 95.914433 43.708572 43.960753 44.247962 44.569521 38.727247 39.011642 39.335004 39.696381 9.158100 8.032185 7.620000 8.032185 9.158100 10.776307 12.700000 5.080000 2.540000 0.000000 2.540000 5.080000 7.620000 10.160000 105.752035 103.293300 100.838593 98.388216 95.942501 124.877000 123.326689 121.809616 120.327038 118.880246 117.470562 116.099337 118.971643 117.343338 115.747870 114.186614 112.660994 111.172477 109.722572 
166.699544 108.018944 131.697489 34.979754 102.622548 101.358562 100.094729 98.831054 102.256863 100.988301 99.719776 98.451288 43.311657 43.492029 43.708572 43.960753 38.278715 38.482684 38.727247 39.011642 10.776307 9.158100 8.032185 7.620000 8.032185 9.158100 10.776307 7.620000 5.080000 2.540000 0.000000 2.540000 5.080000 7.620000 105.150931 102.677803 100.208020 97.741836 95.279531 126.459326 124.877000 123.326689 121.809616 120.327038 118.880246 117.470562 120.631454 118.971643 117.343338 115.747870 114.186614 112.660994 111.172477 
168.345724 110.542468 131.089944 32.617909 105.150953 103.886680 102.622548 101.358562 104.794092 103.525461 102.256863 100.988301 43.061156 43.167911 43.311657 43.492029 37.995047 38.115993 38.278715 38.482684 12.700000 10.776307 9.158100 8.032185 7.620000 8.032185 9.158100 10.160000 7.620000 5.080000 2.540000 0.000000 2.540000 5.080000 104.608063 102.121789 99.638225 97.157579 94.680080 128.072481 126.459326 124.877000 123.326689 121.809616 120.327038 118.880246 122.321490 120.631454 118.971643 117.343338 115.747870 114.186614 112.660994 
170.013913 113.066729 130.529007 30.284914 107.679904 106.415363 105.150953 103.886680 107.331452 106.062756 104.794092 103.525461 42.959632 42.991670 43.061156 43.167911 37.879946 37.916277 37.995047 38.115993 14.810618 12.700000 10.776307 9.158100 8.032185 7.620000 8.032185 12.700000 10.160000 7.620000 5.080000 2.540000 0.000000 2.540000 104.124343 101.626235 99.130256 96.636572 94.145363 129.715314 128.072481 126.459326 124.877000 123.326689 121.809616 120.327038 124.040515 122.321490 120.631454 118.971643 117.343338 115.747870 114.186614 
171.703471 115.591680 130.015279 27.987984 110.209364 108.944573 107.679904 106.415363 109.868934 108.600179 107.331452 106.062756 43.008138 42.965126 42.959632 42.991670 37.934948 37.886177 37.879946 37.916277 17.038838 14.810618 12.700000 10.776307 9.158100 8.032185 7.620000 15.240000 12.700000 10.160000 7.620000 5.080000 2.540000 0.000000 103.700597 101.192029 98.685068 96.179842 93.676488 131.386713 129.715314 128.072481 126.459326 124.877000 123.326689 121.809616 125.787341 124.040515 122.321490 120.631454 118.971643 117.343338 115.747870 
133.375353 174.223818 26.692696 115.227835 156.190105 155.168806 154.151203 153.137371 159.252332 158.250796 157.253139 156.259434 62.200249 61.841462 61.506810 61.196689 67.075397 66.742822 66.432865 66.145843 99.862405 99.095504 98.388216 97.741836 97.157579 96.636572 96.179842 107.124935 106.410388 105.752035 105.150931 104.608063 104.124343 103.700597 0.000000 2.540000 5.080000 7.620000 10.160000 103.325603 100.787703 98.249913 95.712239 93.174692 90.637283 88.100023 103.910938 101.387692 98.865304 96.343841 93.823378 91.303998 88.785793 
133.877079 172.559631 29.096176 112.695791 154.698822 153.667612 152.640001 151.616064 157.708197 156.696792 155.689177 154.685426 59.775471 59.402040 59.053565 58.730491 64.633879 64.288675 63.966828 63.668690 97.453693 96.667685 95.942501 95.279531 94.680080 94.145363 93.676488 104.698446 103.967224 103.293300 102.677803 102.121789 101.626235 101.192029 2.540000 0.000000 2.540000 5.080000 7.620000 103.254793 100.715109 98.175442 95.635793 93.096162 90.556552 88.016965 103.653971 101.124313 98.595186 96.066634 93.538702 91.011442 88.484911 
134.424934 170.916988 31.521074 110.164114 153.235131 152.194003 151.156376 150.122320 156.190105 155.168806 154.151203 153.137371 57.360666 56.971409 56.607973 56.270860 62.200249 61.841462 61.506810 61.196689 95.051818 94.245780 93.501814 92.821413 92.205983 91.656833 91.175162 102.277469 101.528812 100.838593 100.208020 99.638225 99.130256 98.685068 5.080000 2.540000 0.000000 2.540000 5.080000 103.246441 100.706547 98.166658 95.626775 93.086899 90.547029 88.007167 103.458742 100.924191 98.389921 95.855954 93.322315 90.789031 88.256134 
135.018357 169.296517 33.962802 107.632829 151.799830 150.748790 149.701145 148.656967 154.698822 153.667612 152.640001 151.616064 54.957149 54.550744 54.171071 53.818695 59.775471 59.402040 59.053565 58.730491 92.657309 91.830256 91.066559 90.367824 89.735568 89.171206 88.676034 99.862405 99.095504 98.388216 97.741836 97.157579 96.636572 96.179842 7.620000 5.080000 2.540000 0.000000 2.540000 103.300562 100.762032 98.223578 95.685206 93.146923 90.608736 88.070653 103.325603 100.787703 98.249913 95.712239 93.174692 90.637283 88.100023 
135.656750 167.698860 36.417976 105.101964 150.393732 149.332796 148.275147 147.220855 153.235131 152.194003 151.156376 150.122320 52.566469 52.141434 51.744085 51.375066 57.360666 56.971409 56.607973 56.270860 90.270754 89.421630 88.637183 87.919142 87.269148 86.688731 86.179296 97.453693 96.667685 95.942501 95.279531 94.680080 94.145363 93.676488 10.160000 7.620000 5.080000 2.540000 0.000000 103.417057 100.881459 98.346087 95.810961 93.276100 90.741527 88.207265 103.254793 100.715109 98.175442 95.635793 93.096162 90.556552 88.016965 
40.333640 114.148560 116.009254 157.674470 91.225103 90.918998 90.629656 90.357240 96.155170 95.864808 95.590438 95.332199 101.500243 102.567198 103.638731 104.714702 104.356974 105.395013 106.438082 107.486035 115.747870 117.343338 118.971643 120.631454 122.321490 124.040515 125.787341 121.809616 123.326689 124.877000 126.459326 128.072481 129.715314 131.386713 103.325603 103.254793 103.246441 103.300562 103.417057 0.000000 2.540000 5.080000 7.620000 10.160000 12.700000 15.240000 7.620000 8.032185 9.158100 10.776307 12.700000 14.810618 17.038838 
42.121251 114.792382 113.553266 155.876347 91.886928 91.547805 91.225103 90.918998 96.783288 96.461380 96.155170 95.864808 99.380658 100.438012 101.500243 102.567198 102.296598 103.324117 104.356974 105.395013 114.186614 115.747870 117.343338 118.971643 120.631454 122.321490 124.040515 120.327038 121.809616 123.326689 124.877000 126.459326 128.072481 129.715314 100.787703 100.715109 100.706547 100.762032 100.881459 2.540000 0.000000 2.540000 5.080000 7.620000 10.160000 12.700000 8.032185 7.620000 8.032185 9.158100 10.776307 12.700000 14.810618 
43.982953 115.488491 111.101056 154.099111 92.613707 92.242291 91.886928 91.547805 97.473566 97.120737 96.783288 96.461380 97.281213 98.328337 99.380658 100.438012 100.258232 101.274581 102.296598 103.324117 112.660994 114.186614 115.747870 117.343338 118.971643 120.631454 122.321490 118.880246 120.327038 121.809616 123.326689 124.877000 126.459326 128.072481 98.249913 98.175442 98.166658 98.223578 98.346087 5.080000 2.540000 0.000000 2.540000 5.080000 7.620000 10.160000 9.158100 8.032185 7.620000 8.032185 9.158100 10.776307 12.700000 
45.909735 116.235946 108.652880 152.343492 93.403925 93.000984 92.613707 92.242291 98.224694 97.841608 97.473566 97.120737 95.203239 96.239454 97.281213 98.328337 98.243247 99.247728 100.258232 101.274581 111.172477 112.660994 114.186614 115.747870 117.343338 118.971643 120.631454 117.470562 118.880246 120.327038 121.809616 123.326689 124.877000 126.459326 95.712239 95.635793 95.626775 95.685206 95.810961 7.620000 5.080000 2.540000 0.000000 2.540000 5.080000 7.620000 10.776307 9.158100 8.032185 7.620000 8.032185 9.158100 10.776307 
47.893742 117.033764 106.209016 150.610247 94.255986 93.822327 93.403925 93.000984 99.035287 98.622646 98.224694 97.841608 93.148173 94.172748 95.203239 96.239454 96.253109 97.244976 98.243247 99.247728 109.722572 111.172477 112.660994 114.186614 115.747870 117.343338 118.971643 116.099337 117.470562 118.880246 120.327038 121.809616 123.326689 124.877000 93.174692 93.096162 93.086899 93.146923 93.276100 10.160000 7.620000 5.080000 2.540000 0.000000 2.540000 5.080000 12.700000 10.776307 9.158100 8.032185 7.620000 8.032185 9.158100 
49.928154 117.880922 103.769770 148.900156 95.168228 94.704690 94.255986 93.822327 99.903899 99.462433 99.035287 98.622646 91.117566 92.129711 93.148173 94.172748 94.289394 95.267846 96.253109 97.244976 108.312830 109.722572 111.172477 112.660994 114.186614 115.747870 117.343338 114.767950 116.099337 117.470562 118.880246 120.327038 121.809616 123.326689 90.637283 90.556552 90.547029 90.608736 90.741527 12.700000 10.160000 7.620000 5.080000 2.540000 0.000000 2.540000 14.810618 12.700000 10.776307 9.158100 8.032185 7.620000 8.032185 
52.007055 118.776366 101.335474 147.214027 96.138940 95.646384 95.168228 94.704690 100.829028 100.359494 99.903899 99.462433 89.113090 90.111952 91.117566 92.129711 92.353785 93.317966 94.289394 95.267846 106.944840 108.312830 109.722572 111.172477 112.660994 114.186614 115.747870 113.477804 114.767950 116.099337 117.470562 118.880246 120.327038 121.809616 88.100023 88.016965 88.007167 88.070653 88.207265 15.240000 12.700000 10.160000 7.620000 5.080000 2.540000 0.000000 17.038838 14.810618 12.700000 10.776307 9.158100 8.032185 7.620000 
46.162896 106.773144 118.162420 152.419975 83.863565 83.530487 83.215459 82.918689 88.766410 88.451796 88.154358 87.874268 97.554882 98.664511 99.777965 100.895117 100.137978 101.219294 102.304946 103.394798 109.880321 111.559735 113.271211 115.013318 116.784685 118.584000 120.410010 115.747870 117.343338 118.971643 120.631454 122.321490 124.040515 125.787341 103.910938 103.653971 103.458742 103.325603 103.254793 7.620000 8.032185 9.158100 10.776307 12.700000 14.810618 17.038838 0.000000 2.540000 5.080000 7.620000 10.160000 12.700000 15.240000 
47.732695 107.461163 115.752126 150.559112 84.583010 84.214480 83.863565 83.530487 89.446429 89.098017 88.766410 88.451796 95.347632 96.449210 97.554882 98.664511 97.988931 99.061141 100.137978 101.219294 108.234460 109.880321 111.559735 113.271211 115.013318 116.784685 118.584000 114.186614 115.747870 117.343338 118.971643 120.631454 122.321490 124.040515 101.387692 101.124313 100.924191 100.787703 100.715109 8.032185 7.620000 8.032185 9.158100 10.776307 12.700000 14.810618 2.540000 0.000000 2.540000 5.080000 7.620000 10.160000 12.700000 
49.383303 108.204445 113.347497 148.718346 85.371991 84.968925 84.583010 84.214480 90.192876 89.811449 89.446429 89.098017 93.157340 94.250292 95.347632 96.449210 95.859009 96.921500 97.988931 99.061141 106.623708 108.234460 109.880321 111.559735 113.271211 115.013318 116.784685 112.660994 114.186614 115.747870 117.343338 118.971643 120.631454 122.321490 98.865304 98.595186 98.389921 98.249913 98.175442 9.158100 8.032185 7.620000 8.032185 9.158100 10.776307 12.700000 5.080000 2.540000 0.000000 2.540000 5.080000 7.620000 10.160000 
51.106890 109.001860 110.948902 146.898435 86.228599 85.791964 85.371991 84.968925 91.004117 90.590503 90.192876 89.811449 90.985232 92.068932 93.157340 94.250292 93.749517 94.801624 95.859009 96.921500 105.049679 106.623708 108.234460 109.880321 111.559735 113.271211 115.013318 111.172477 112.660994 114.186614 115.747870 117.343338 118.971643 120.631454 96.343841 96.066634 95.855954 95.712239 95.635793 10.776307 9.158100 8.032185 7.620000 8.032185 9.158100 10.776307 7.620000 5.080000 2.540000 0.000000 2.540000 5.080000 7.620000 
52.896323 109.852229 108.556739 145.100162 87.150840 86.681643 86.228599 85.791964 91.878436 91.433502 91.004117 90.590503 88.832640 89.906408 90.985232 92.068932 91.661865 92.702869 93.749517 94.801624 103.514049 105.049679 106.623708 108.234460 109.880321 111.559735 113.271211 109.722572 111.172477 112.660994 114.186614 115.747870 117.343338 118.971643 93.823378 93.538702 93.322315 93.174692 93.096162 12.700000 10.776307 9.158100 8.032185 7.620000 8.032185 9.158100 10.160000 7.620000 5.080000 2.540000 0.000000 2.540000 5.080000 
54.745146 110.754333 106.171444 143.324342 88.136654 87.635931 87.150840 86.681643 92.814050 92.338694 91.878436 91.433502 86.701019 87.764112 88.832640 89.906408 89.597580 90.626701 91.661865 92.702869 102.018551 103.514049 105.049679 106.623708 108.234460 109.880321 111.559735 108.312830 109.722572 111.172477 112.660994 114.186614 115.747870 117.343338 91.303998 91.011442 90.789031 90.637283 90.556552 14.810618 12.700000 10.776307 9.158100 8.032185 7.620000 8.032185 12.700000 10.160000 7.620000 5.080000 2.540000 0.000000 2.540000 
56.647544 111.706918 103.793491 141.571820 89.183932 88.652743 88.136654 87.635931 93.809125 93.304271 92.814050 92.338694 84.591953 85.643562 86.701019 87.764112 87.558313 88.574710 89.597580 90.626701 100.564975 102.018551 103.514049 105.049679 106.623708 108.234460 109.880321 106.944840 108.312830 109.722572 111.172477 112.660994 114.186614 115.747870 88.785793 88.484911 88.256134 88.100023 88.016965 17.038838 14.810618 12.700000 10.776307 9.158100 8.032185 7.620000 15.240000 12.700000 10.160000 7.620000 5.080000 2.540000 0.000000 
