41
# Circuit board instance
Size: large
Nodes: 41
0.000000 140.000000 140.000000 197.989899 54.002298 56.537571 59.073249 61.609284 64.145632 149.911299 151.240519 152.600442 153.990255 155.409155 121.342641 123.408881 125.492511 127.592681 129.708585 131.839467 133.984613 125.963156 127.954804 129.965574 131.994591 134.041028 136.104097 138.183054 122.259953 124.657068 127.059736 129.467647 131.880513 94.776160 95.460151 96.156051 96.863604 99.108908 99.763198 100.429285 101.106938 
140.000000 0.000000 197.989899 140.000000 86.168857 83.630859 81.092986 78.555251 76.017667 142.707299 141.613807 140.557713 139.539866 138.561109 119.986311 122.075510 124.181515 126.303485 128.440630 130.592203 132.757504 115.783397 117.947066 120.125471 122.317826 124.523393 126.741483 128.971450 47.742148 46.475814 45.316588 44.272883 43.353044 78.374699 79.200463 80.037860 80.886529 74.567074 75.434531 76.313264 77.202887 
140.000000 197.989899 0.000000 140.000000 146.876526 147.827475 148.815706 149.840480 150.901053 78.405468 80.917950 83.432098 85.947767 88.464826 82.495844 81.240874 80.046849 78.916537 77.852712 76.858134 75.935526 89.152927 87.992952 86.891761 85.851615 84.874759 83.963402 83.119698 152.043938 153.978075 155.929598 157.897861 159.882247 120.068268 119.125602 118.189064 117.258801 123.516980 122.600833 121.691043 120.787754 
197.989899 140.000000 140.000000 0.000000 161.497794 160.158004 158.847531 157.567106 156.317470 63.556220 61.061365 58.570391 56.083815 53.602249 80.487531 79.200744 77.975486 76.814700 75.721351 74.698401 73.748779 74.076465 72.676254 71.339025 70.068382 68.868012 67.741650 66.693047 102.221210 101.635940 101.111108 100.647659 100.246444 107.593968 106.540987 105.492785 104.449506 104.852836 103.772044 102.695584 101.623592 
54.002298 86.168857 146.876526 161.497794 0.000000 2.540000 5.080000 7.620000 10.160000 127.152597 127.649062 128.193940 128.786618 129.426437 96.469279 98.969281 101.471271 103.975103 106.480649 108.987790 111.496418 98.120389 100.579359 103.042262 105.508819 107.978782 110.451922 112.928030 71.875246 74.054997 76.257048 78.479522 80.720732 54.026780 55.140309 56.260468 57.386868 56.668810 57.731402 58.802222 59.880829 
56.537571 83.630859 147.827475 160.158004 2.540000 0.000000 2.540000 5.080000 7.620000 126.705114 127.152597 127.649062 128.193940 128.786618 96.047030 98.557743 101.069921 103.583455 106.098250 108.614218 111.131280 97.506980 99.981039 102.458324 104.938608 107.421683 109.907359 112.395465 69.719887 71.875246 74.054997 76.257048 78.479522 52.839542 53.977569 55.121362 56.270568 55.305261 56.393551 57.489296 58.592077 
59.073249 81.092986 148.815706 158.847531 5.080000 2.540000 0.000000 2.540000 5.080000 126.307134 126.705114 127.152597 127.649062 128.193940 95.690361 98.210193 100.731039 103.252823 105.775479 108.298946 110.823168 96.956252 99.444013 101.934351 104.427081 106.922036 109.419063 111.918025 67.591253 69.719887 71.875246 74.054997 76.257048 51.749828 52.911298 54.077648 55.248568 54.026780 55.140309 56.260468 57.386868 
61.609284 78.555251 149.840480 157.567106 7.620000 5.080000 2.540000 0.000000 2.540000 125.959127 126.307134 126.705114 127.152597 127.649062 95.400009 97.927313 100.455257 102.983795 105.512883 108.042483 110.572560 96.469279 98.969281 101.471271 103.975103 106.480649 108.987790 111.496418 65.491950 67.591253 69.719887 71.875246 74.054997 50.763918 51.947436 53.134947 54.326191 52.839542 53.977569 55.121362 56.270568 
64.145632 76.017667 150.901053 156.317470 10.160000 7.620000 5.080000 2.540000 0.000000 125.661507 125.959127 126.307134 126.705114 127.152597 95.176580 97.709663 100.243097 102.776854 105.310912 107.845250 110.379848 96.047030 98.557743 101.069921 103.583455 106.098250 108.614218 111.131280 63.424890 65.491950 67.591253 69.719887 71.875246 49.887967 51.091780 52.298724 53.508587 51.749828 52.911298 54.077648 55.248568 
149.911299 142.707299 78.405468 63.556220 127.152597 126.705114 126.307134 125.959127 125.661507 0.000000 2.540000 5.080000 7.620000 10.160000 30.692909 28.212942 25.744682 23.291854 20.859900 18.457075 16.096429 30.053252 27.515693 24.978630 22.442231 19.906751 17.372591 14.840429 95.268370 96.302157 97.391230 98.533756 99.727899 77.757693 76.488423 75.219177 73.949957 78.093680 76.829961 75.566452 74.303164 
151.240519 141.613807 80.917950 61.061365 127.649062 127.152597 126.705114 126.307134 125.959127 2.540000 0.000000 2.540000 5.080000 7.620000 31.317939 28.891672 26.486738 24.109523 21.769108 19.478764 17.258437 30.054068 27.516584 24.979612 22.443324 19.907983 17.374003 14.842080 94.291688 95.268370 96.302157 97.391230 98.533756 77.713780 76.443781 75.173781 73.903782 77.884461 76.617291 75.350216 74.083241 
152.600442 140.557713 83.432098 58.570391 128.193940 127.649062 127.152597 126.705114 126.307134 5.080000 2.540000 0.000000 2.540000 5.080000 32.132151 29.772312 27.444656 25.158118 22.925006 20.762565 18.695333 30.268783 27.750939 25.237536 22.730047 20.230670 17.742835 15.272183 93.373903 94.291688 95.268370 96.302157 97.391230 77.752863 76.483512 75.214184 73.944878 77.757693 76.488423 75.219177 73.949957 
153.990255 139.539866 85.947767 56.083815 128.786618 128.193940 127.649062 127.152597 126.705114 7.620000 5.080000 2.540000 0.000000 2.540000 33.121597 30.837568 28.596751 26.410149 24.292405 22.263179 20.348969 30.692909 28.212942 25.744682 23.291854 20.859900 18.457075 16.096429 92.516768 93.373903 94.291688 95.268370 96.302157 77.874815 76.607485 75.340246 74.073100 77.713780 76.443781 75.173781 73.903782 
155.409155 138.561109 88.464826 53.602249 129.426437 128.786618 128.193940 127.649062 127.152597 10.160000 7.620000 5.080000 2.540000 0.000000 34.271102 32.069048 29.920602 27.838179 25.837747 23.939870 22.170899 31.317939 28.891672 26.486738 24.109523 21.769108 19.478764 17.258437 91.721983 92.516768 93.373903 94.291688 95.268370 78.079250 76.815293 75.551539 74.287998 77.752863 76.483512 75.214184 73.944878 
121.342641 119.986311 82.495844 80.487531 96.469279 96.047030 95.690361 95.400009 95.176580 30.692909 31.317939 32.132151 33.121597 34.271102 0.000000 2.540000 5.080000 7.620000 10.160000 12.700000 15.240000 7.620000 8.032185 9.158100 10.776307 12.700000 14.810618 17.038838 72.415627 73.989006 75.614988 77.290251 79.011661 48.523899 47.276388 46.030107 44.785159 49.714655 48.497783 47.283706 46.072644 
123.408881 122.075510 81.240874 79.200744 98.969281 98.557743 98.210193 97.927313 97.709663 28.212942 28.891672 29.772312 30.837568 32.069048 2.540000 0.000000 2.540000 5.080000 7.620000 10.160000 12.700000 8.032185 7.620000 8.032185 9.158100 10.776307 12.700000 14.810618 74.447048 75.978372 77.562661 79.196735 80.877577 51.022250 49.772548 48.523899 47.276388 52.155998 50.934120 49.714655 48.497783 
125.492511 124.181515 80.046849 77.975486 101.471271 101.069921 100.731039 100.455257 100.243097 25.744682 26.486738 27.444656 28.596751 29.920602 5.080000 2.540000 0.000000 2.540000 5.080000 7.620000 10.160000 9.158100 8.032185 7.620000 8.032185 9.158100 10.776307 12.700000 76.508863 77.999719 79.543758 81.137944 82.779380 53.524522 52.272931 51.022250 49.772548 54.606341 53.380122 52.155998 50.934120 
127.592681 126.303485 78.916537 76.814700 103.975103 103.583455 103.252823 102.983795 102.776854 23.291854 24.109523 25.158118 26.410149 27.838179 7.620000 5.080000 2.540000 0.000000 2.540000 5.080000 7.620000 10.776307 9.158100 8.032185 7.620000 8.032185 9.158100 10.776307 78.598680 80.050625 81.555845 83.111445 84.714651 56.030189 54.776960 53.524522 52.272931 57.064526 55.834518 54.606341 53.380122 
129.708585 128.440630 77.852712 75.721351 106.480649 106.098250 105.775479 105.512883 105.310912 20.859900 21.769108 22.925006 24.292405 25.837747 10.160000 7.620000 5.080000 2.540000 0.000000 2.540000 5.080000 12.700000 10.776307 9.158100 8.032185 7.620000 8.032185 9.158100 80.714324 82.128875 83.596683 85.114992 86.681149 58.538815 57.284156 56.030189 54.776960 59.529580 58.296249 57.064526 55.834518 
131.839467 130.592203 76.858134 74.698401 108.987790 108.614218 108.298946 108.042483 107.845250 18.457075 19.478764 20.762565 22.263179 23.939870 12.700000 10.160000 7.620000 5.080000 2.540000 0.000000 2.540000 14.810618 12.700000 10.776307 9.158100 8.032185 7.620000 8.032185 82.853816 84.232446 85.664218 87.146513 88.676797 61.050036 59.794122 58.538815 57.284156 62.000685 60.764423 59.529580 58.296249 
133.984613 132.757504 75.935526 73.748779 111.496418 111.131280 110.823168 110.572560 110.379848 16.096429 17.258437 18.695333 20.348969 22.170899 15.240000 12.700000 10.160000 7.620000 5.080000 2.540000 0.000000 17.038838 14.810618 12.700000 10.776307 9.158100 8.032185 7.620000 85.015356 86.359486 87.756562 89.204096 90.699671 63.563544 62.306521 61.050036 59.794122 64.477145 63.238285 62.000685 60.764423 
125.963156 115.783397 89.152927 74.076465 98.120389 97.506980 96.956252 96.469279 96.047030 30.053252 30.054068 30.268783 30.692909 31.317939 7.620000 8.032185 9.158100 10.776307 12.700000 14.810618 17.038838 0.000000 2.540000 5.080000 7.620000 10.160000 12.700000 15.240000 68.046983 69.440855 70.898350 72.415627 73.989006 47.706139 46.436664 45.167219 43.897806 48.118963 46.860673 45.603032 44.346096 
127.954804 117.947066 87.992952 72.676254 100.579359 99.981039 99.444013 98.969281 98.557743 27.515693 27.516584 27.750939 28.212942 28.891672 8.032185 7.620000 8.032185 9.158100 10.776307 12.700000 14.810618 2.540000 0.000000 2.540000 5.080000 7.620000 10.160000 12.700000 70.204928 71.556777 72.972022 74.447048 75.978372 50.245168 48.975641 47.706139 46.436664 50.637296 49.377852 48.118963 46.860673 
129.965574 120.125471 86.891761 71.339025 103.042262 102.458324 101.934351 101.471271 101.069921 24.978630 24.979612 25.237536 25.744682 26.486738 9.158100 8.032185 7.620000 8.032185 9.158100 10.776307 12.700000 5.080000 2.540000 0.000000 2.540000 5.080000 7.620000 10.160000 72.387672 73.699495 75.074358 76.508863 77.999719 52.784290 51.514718 50.245168 48.975641 53.157692 51.897255 50.637296 49.377852 
131.994591 122.317826 85.851615 70.068382 105.508819 104.938608 104.427081 103.975103 103.583455 22.442231 22.443324 22.730047 23.291854 24.109523 10.776307 9.158100 8.032185 7.620000 8.032185 9.158100 10.776307 7.620000 5.080000 2.540000 0.000000 2.540000 5.080000 7.620000 74.593039 75.866738 77.203016 78.598680 80.050625 55.323493 54.053883 52.784290 51.514718 55.679869 54.418573 53.157692 51.897255 
134.041028 124.523393 84.874759 68.868012 107.978782 107.421683 106.922036 106.480649 106.098250 19.906751 19.907983 20.230670 20.859900 21.769108 12.700000 10.776307 9.158100 8.032185 7.620000 8.032185 9.158100 10.160000 7.620000 5.080000 2.540000 0.000000 2.540000 5.080000 76.819080 78.056463 79.355877 80.714324 82.128875 57.862766 56.593122 55.323493 54.053883 58.203596 56.941552 55.679869 54.418573 
136.104097 126.741483 83.963402 67.741650 110.451922 109.907359 109.419063 108.987790 108.614218 17.372591 17.374003 17.742835 18.457075 19.478764 14.810618 12.700000 10.776307 9.158100 8.032185 7.620000 8.032185 12.700000 10.160000 7.620000 5.080000 2.540000 0.000000 2.540000 79.064049 80.266832 81.531024 82.853816 84.232446 60.402101 59.132426 57.862766 56.593122 60.728681 59.465980 58.203596 56.941552 
138.183054 128.971450 83.119698 66.693047 112.928030 112.395465 111.918025 111.496418 111.131280 14.840429 14.842080 15.272183 16.096429 17.258437 17.038838 14.810618 12.700000 10.776307 9.158100 8.032185 7.620000 15.240000 12.700000 10.160000 7.620000 5.080000 2.540000 0.000000 81.326378 82.496183 83.726722 85.015356 86.359486 62.941488 61.671788 60.402101 59.132426 63.254959 61.991680 60.728681 59.465980 
122.259953 47.742148 152.043938 102.221210 71.875246 69.719887 67.591253 65.491950 63.424890 95.268370 94.291688 93.373903 92.516768 91.721983 72.415627 74.447048 76.508863 78.598680 80.714324 82.853816 85.015356 68.046983 70.204928 72.387672 74.593039 76.819080 79.064049 81.326378 0.000000 2.540000 5.080000 7.620000 10.160000 36.435624 36.796562 37.197379 37.636803 31.571123 31.986998 32.447282 32.950114 
124.657068 46.475814 153.978075 101.635940 74.054997 71.875246 69.719887 67.591253 65.491950 96.302157 95.268370 94.291688 93.373903 92.516768 73.989006 75.978372 77.999719 80.050625 82.128875 84.232446 86.359486 69.440855 71.556777 73.699495 75.866738 78.056463 80.266832 82.496183 2.540000 0.000000 2.540000 5.080000 7.620000 38.888545 39.226919 39.603147 40.016161 33.995494 34.382058 34.810688 35.279851 
127.059736 45.316588 155.929598 101.111108 76.257048 74.054997 71.875246 69.719887 67.591253 97.391230 96.302157 95.268370 94.291688 93.373903 75.614988 77.562661 79.543758 81.555845 83.596683 85.664218 87.756562 70.898350 72.972022 75.074358 77.203016 79.355877 81.531024 83.726722 5.080000 2.540000 0.000000 2.540000 5.080000 41.351982 41.670357 42.024716 42.414156 36.435624 36.796562 37.197379 37.636803 
129.467647 44.272883 157.897861 100.647659 78.479522 76.257048 74.054997 71.875246 69.719887 98.533756 97.391230 96.302157 95.268370 94.291688 77.290251 79.196735 81.137944 83.111445 85.114992 87.146513 89.204096 72.415627 74.447048 76.508863 78.598680 80.714324 82.853816 85.015356 7.620000 5.080000 2.540000 0.000000 2.540000 43.824160 44.124702 44.459503 44.827796 38.888545 39.226919 39.603147 40.016161 
131.880513 43.353044 159.882247 100.246444 80.720732 78.479522 76.257048 74.054997 71.875246 99.727899 98.533756 97.391230 96.302157 95.268370 79.011661 80.877577 82.779380 84.714651 86.681149 88.676797 90.699671 73.989006 75.978372 77.999719 80.050625 82.128875 84.232446 86.359486 10.160000 7.620000 5.080000 2.540000 0.000000 46.303681 46.588230 46.905450 47.254683 41.351982 41.670357 42.024716 42.414156 
94.776160 78.374699 120.068268 107.593968 54.026780 52.839542 51.749828 50.763918 49.887967 77.757693 77.713780 77.752863 77.874815 78.079250 48.523899 51.022250 53.524522 56.030189 58.538815 61.050036 63.563544 47.706139 50.245168 52.784290 55.323493 57.862766 60.402101 62.941488 36.435624 38.888545 41.351982 43.824160 46.303681 0.000000 1.270000 2.540000 3.810000 5.080000 5.236344 5.679613 6.350000 
95.460151 79.200463 119.125602 106.540987 55.140309 53.977569 52.911298 51.947436 51.091780 76.488423 76.443781 76.483512 76.607485 76.815293 47.276388 49.772548 52.272931 54.776960 57.284156 59.794122 62.306521 46.436664 48.975641 51.514718 54.053883 56.593122 59.132426 61.671788 36.796562 39.226919 41.670357 44.124702 46.588230 1.270000 0.000000 1.270000 2.540000 5.236344 5.080000 5.236344 5.679613 
96.156051 80.037860 118.189064 105.492785 56.260468 55.121362 54.077648 53.134947 52.298724 75.219177 75.173781 75.214184 75.340246 75.551539 46.030107 48.523899 51.022250 53.524522 56.030189 58.538815 61.050036 45.167219 47.706139 50.245168 52.784290 55.323493 57.862766 60.402101 37.197379 39.603147 42.024716 44.459503 46.905450 2.540000 1.270000 0.000000 1.270000 5.679613 5.236344 5.080000 5.236344 
96.863604 80.886529 117.258801 104.449506 57.386868 56.270568 55.248568 54.326191 53.508587 73.949957 73.903782 73.944878 74.073100 74.287998 44.785159 47.276388 49.772548 52.272931 54.776960 57.284156 59.794122 43.897806 46.436664 48.975641 51.514718 54.053883 56.593122 59.132426 37.636803 40.016161 42.414156 44.827796 47.254683 3.810000 2.540000 1.270000 0.000000 6.350000 5.679613 5.236344 5.080000 
99.108908 74.567074 123.516980 104.852836 56.668810 55.305261 54.026780 52.839542 51.749828 78.093680 77.884461 77.757693 77.713780 77.752863 49.714655 52.155998 54.606341 57.064526 59.529580 62.000685 64.477145 48.118963 50.637296 53.157692 55.679869 58.203596 60.728681 63.254959 31.571123 33.995494 36.435624 38.888545 41.351982 5.080000 5.236344 5.679613 6.350000 0.000000 1.270000 2.540000 3.810000 
99.763198 75.434531 122.600833 103.772044 57.731402 56.393551 55.140309 53.977569 52.911298 76.829961 76.617291 76.488423 76.443781 76.483512 48.497783 50.934120 53.380122 55.834518 58.296249 60.764423 63.238285 46.860673 49.377852 51.897255 54.418573 56.941552 59.465980 61.991680 31.986998 34.382058 36.796562 39.226919 41.670357 5.236344 5.080000 5.236344 5.679613 1.270000 0.000000 1.270000 2.540000 
100.429285 76.313264 121.691043 102.695584 58.802222 57.489296 56.260468 55.121362 54.077648 75.566452 75.350216 75.219177 75.173781 75.214184 47.283706 49.714655 52.155998 54.606341 57.064526 59.529580 62.000685 45.603032 48.118963 50.637296 53.157692 55.679869 58.203596 60.728681 32.447282 34.810688 37.197379 39.603147 42.024716 5.679613 5.236344 5.080000 5.236344 2.540000 1.270000 0.000000 1.270000 
101.106938 77.202887 120.787754 101.623592 59.880829 58.592077 57.386868 56.270568 55.248568 74.303164 74.083241 73.949957 73.903782 73.944878 46.072644 48.497783 50.934120 53.380122 55.834518 58.296249 60.764423 44.346096 46.860673 49.377852 51.897255 54.418573 56.941552 59.465980 32.950114 35.279851 37.636803 40.016161 42.414156 6.350000 5.679613 5.236344 5.080000 3.810000 2.540000 1.270000 0.000000 
