68
# Circuit board instance
Size: large
Nodes: 68
0.000000 140.000000 140.000000 197.989899 101.475931 103.915529 106.359828 108.808511 111.261288 113.717895 116.178089 103.880123 106.264541 108.656010 111.054074 113.458317 115.868352 118.283827 130.652036 130.753895 130.904969 131.105087 131.354026 131.651507 131.997204 138.268709 138.364961 138.507733 138.696882 138.932219 139.213508 139.540472 87.087944 88.331994 89.576773 90.822250 88.257202 89.484998 90.713957 91.944031 50.232288 51.806416 53.454934 55.171174 56.949012 58.782862 60.667642 56.492263 57.896441 59.376115 60.925786 62.540252 64.214624 65.944339 83.711002 84.637409 85.629162 86.684017 87.799702 88.973926 90.204405 90.884035 91.738034 92.653814 93.629562 94.663422 95.753514 96.897939 
140.000000 0.000000 197.989899 140.000000 147.963774 149.647422 151.354969 153.085616 154.838587 156.613133 158.408529 142.314418 144.064105 145.837040 147.632385 149.449334 151.287107 153.144955 10.212211 11.441845 13.055481 14.929118 16.976888 19.142991 21.391509 4.355522 6.752566 9.226425 11.728592 14.244158 16.767093 19.294507 149.148415 149.878220 150.615198 151.359244 145.009908 145.760436 146.518127 147.282872 104.476826 105.242716 106.063917 106.939155 107.867115 108.846448 109.875781 97.210597 98.033271 98.914344 99.852270 100.845463 101.892307 102.991166 68.299347 69.431693 70.637259 71.912363 73.253373 74.656739 76.119010 61.510786 62.765722 64.096788 65.499342 66.968892 68.501128 70.091937 
140.000000 197.989899 0.000000 140.000000 51.330203 49.240860 47.195743 45.200853 43.263141 41.390636 39.592592 55.933041 54.022012 52.164677 50.366979 48.635530 46.977656 45.401418 188.568153 186.744143 184.937029 183.147312 181.375505 179.622140 177.887762 193.923257 192.150088 190.394291 188.656352 186.936768 185.236051 183.554725 57.490197 56.282803 55.078226 53.876654 59.246489 58.075620 56.909004 55.746906 116.729179 114.346505 111.970748 109.602357 107.241822 104.889671 102.546483 119.556657 117.231464 114.915366 112.608924 110.312744 108.027479 105.753838 135.524751 133.460546 131.413012 129.382940 127.371166 125.378571 123.406082 140.069033 138.072783 136.094657 134.135458 132.196028 130.277250 128.380049 
197.989899 140.000000 140.000000 0.000000 119.292512 118.408513 117.572751 116.786261 116.050045 115.365066 114.732240 112.208818 111.268555 110.378744 109.540614 108.755360 108.024135 107.348043 136.353523 133.819691 131.286098 128.752757 126.219684 123.686895 121.154408 136.040304 133.500528 130.960760 128.421002 125.881253 123.341515 120.801787 134.037541 133.524131 133.020866 132.527859 129.416715 128.884900 128.363447 127.852482 148.384047 146.517055 144.670566 142.845375 141.042308 139.262226 137.506020 143.360799 141.427510 139.513676 137.620108 135.747655 133.897202 132.069673 126.586837 124.374380 122.174665 119.988392 117.816311 115.659219 113.517973 123.056910 120.779809 118.513394 116.258291 114.015170 111.784753 109.567815 
101.475931 147.963774 51.330203 119.292512 0.000000 2.540000 5.080000 7.620000 10.160000 12.700000 15.240000 7.620000 8.032185 9.158100 10.776307 12.700000 14.810618 17.038838 138.303129 136.600736 134.924682 133.275961 131.655600 130.064659 128.504230 144.015228 142.381149 140.773933 139.194512 137.643843 136.122907 134.632713 16.304538 15.386966 14.522577 13.721428 13.432338 12.302376 11.202455 10.142353 67.987585 65.485210 62.985847 60.489870 57.997715 55.509898 53.027029 69.676063 67.236559 64.804776 62.381619 59.968133 57.565535 55.175247 84.222309 82.187198 80.180900 78.205635 76.263812 74.358053 72.491201 88.938868 87.014139 85.121688 83.263715 81.442581 79.660812 77.921108 
103.915529 149.647422 49.240860 118.408513 2.540000 0.000000 2.540000 5.080000 7.620000 10.160000 12.700000 8.032185 7.620000 8.032185 9.158100 10.776307 12.700000 14.810618 140.030901 138.303129 136.600736 134.924682 133.275961 131.655600 130.064659 145.675268 144.015228 142.381149 140.773933 139.194512 137.643843 136.122907 18.266743 17.266819 16.304538 15.386966 15.756384 14.585362 13.432338 12.302376 70.492651 67.987585 65.485210 62.985847 60.489870 57.997715 55.509898 72.122507 69.676063 67.236559 64.804776 62.381619 59.968133 57.565535 86.284195 84.222309 82.187198 80.180900 78.205635 76.263812 74.358053 90.893824 88.938868 87.014139 85.121688 83.263715 81.442581 79.660812 
106.359828 151.354969 47.195743 117.572751 5.080000 2.540000 0.000000 2.540000 5.080000 7.620000 10.160000 9.158100 8.032185 7.620000 8.032185 9.158100 10.776307 12.700000 141.783123 140.030901 138.303129 136.600736 134.924682 133.275961 131.655600 147.360390 145.675268 144.015228 142.381149 140.773933 139.194512 137.643843 20.357137 19.298460 18.266743 17.266819 18.138433 16.941673 15.756384 14.585362 73.000132 70.492651 67.987585 65.485210 62.985847 60.489870 57.997715 74.575206 72.122507 69.676063 67.236559 64.804776 62.381619 59.968133 88.370983 86.284195 84.222309 82.187198 80.180900 78.205635 76.263812 92.877099 90.893824 88.938868 87.014139 85.121688 83.263715 81.442581 
108.808511 153.085616 45.200853 116.786261 7.620000 5.080000 2.540000 0.000000 2.540000 5.080000 7.620000 10.776307 9.158100 8.032185 7.620000 8.032185 9.158100 10.776307 143.558901 141.783123 140.030901 138.303129 136.600736 134.924682 133.275961 149.069744 147.360390 145.675268 144.015228 142.381149 140.773933 139.194512 22.540083 21.438780 20.357137 19.298460 20.558333 19.344534 18.138433 16.941673 75.509787 73.000132 70.492651 67.987585 65.485210 62.985847 60.489870 77.033564 74.575206 72.122507 69.676063 67.236559 64.804776 62.381619 90.480949 88.370983 86.284195 84.222309 82.187198 80.180900 78.205635 94.886917 92.877099 90.893824 88.938868 87.014139 85.121688 83.263715 
111.261288 154.838587 43.263141 116.050045 10.160000 7.620000 5.080000 2.540000 0.000000 2.540000 5.080000 12.700000 10.776307 9.158100 8.032185 7.620000 8.032185 9.158100 145.357371 143.558901 141.783123 140.030901 138.303129 136.600736 134.924682 150.802506 149.069744 147.360390 145.675268 144.015228 142.381149 140.773933 24.791145 23.658301 22.540083 21.438780 23.004143 21.778543 20.558333 19.344534 78.021405 75.509787 73.000132 70.492651 67.987585 65.485210 62.985847 79.497055 77.033564 74.575206 72.122507 69.676063 67.236559 64.804776 92.612508 90.480949 88.370983 86.284195 84.222309 82.187198 80.180900 96.921626 94.886917 92.877099 90.893824 88.938868 87.014139 85.121688 
113.717895 156.613133 41.390636 115.365066 12.700000 10.160000 7.620000 5.080000 2.540000 0.000000 2.540000 14.810618 12.700000 10.776307 9.158100 8.032185 7.620000 8.032185 147.177701 145.357371 143.558901 141.783123 140.030901 138.303129 136.600736 152.557878 150.802506 149.069744 147.360390 145.675268 144.015228 142.381149 27.093349 25.936698 24.791145 23.658301 25.468398 24.234316 23.004143 21.778543 80.534804 78.021405 75.509787 73.000132 70.492651 67.987585 65.485210 81.965217 79.497055 77.033564 74.575206 72.122507 69.676063 67.236559 94.764205 92.612508 90.480949 88.370983 86.284195 84.222309 82.187198 98.979692 96.921626 94.886917 92.877099 90.893824 88.938868 87.014139 
116.178089 158.408529 39.592592 114.732240 15.240000 12.700000 10.160000 7.620000 5.080000 2.540000 0.000000 17.038838 14.810618 12.700000 10.776307 9.158100 8.032185 7.620000 149.019091 147.177701 145.357371 143.558901 141.783123 140.030901 138.303129 154.335089 152.557878 150.802506 149.069744 147.360390 145.675268 144.015228 29.434699 28.259735 27.093349 25.936698 27.946220 26.705849 25.468398 24.234316 83.049822 80.534804 78.021405 75.509787 73.000132 70.492651 67.987585 84.437639 81.965217 79.497055 77.033564 74.575206 72.122507 69.676063 96.934698 94.764205 92.612508 90.480949 88.370983 86.284195 84.222309 101.059688 98.979692 96.921626 94.886917 92.877099 90.893824 88.938868 
103.880123 142.314418 55.933041 112.208818 7.620000 8.032185 9.158100 10.776307 12.700000 14.810618 17.038838 0.000000 2.540000 5.080000 7.620000 10.160000 12.700000 15.240000 132.782733 131.008624 129.260080 127.538153 125.843933 124.178557 122.543198 138.303129 136.600736 134.924682 133.275961 131.655600 130.064659 128.504230 22.152367 21.485998 20.875695 20.326509 18.107951 17.286372 16.521658 15.822058 67.126734 64.591017 62.055650 59.520678 56.986153 54.452139 51.918710 67.987585 65.485210 62.985847 60.489870 57.997715 55.509898 53.027029 79.954995 77.808350 75.686067 73.590252 71.523234 69.487581 67.486132 84.222309 82.187198 80.180900 78.205635 76.263812 74.358053 72.491201 
106.264541 144.064105 54.022012 111.268555 8.032185 7.620000 8.032185 9.158100 10.776307 12.700000 14.810618 2.540000 0.000000 2.540000 5.080000 7.620000 10.160000 12.700000 134.581394 132.782733 131.008624 129.260080 127.538153 125.843933 124.178557 140.030901 138.303129 136.600736 134.924682 133.275961 131.655600 130.064659 23.633943 22.869902 22.152367 21.485998 19.893060 18.979014 18.107951 17.286372 69.662764 67.126734 64.591017 62.055650 59.520678 56.986153 54.452139 70.492651 67.987585 65.485210 62.985847 60.489870 57.997715 55.509898 82.124091 79.954995 77.808350 75.686067 73.590252 71.523234 69.487581 86.284195 84.222309 82.187198 80.180900 78.205635 76.263812 74.358053 
108.656010 145.837040 52.164677 110.378744 9.158100 8.032185 7.620000 8.032185 9.158100 10.776307 12.700000 5.080000 2.540000 0.000000 2.540000 5.080000 7.620000 10.160000 136.403638 134.581394 132.782733 131.008624 129.260080 127.538153 125.843933 141.783123 140.030901 138.303129 136.600736 134.924682 133.275961 131.655600 25.284430 24.440130 23.633943 22.869902 21.828260 20.844435 19.893060 18.979014 72.199072 69.662764 67.126734 64.591017 62.055650 59.520678 56.986153 73.000132 70.492651 67.987585 65.485210 62.985847 60.489870 57.997715 84.313905 82.124091 79.954995 77.808350 75.686067 73.590252 71.523234 88.370983 86.284195 84.222309 82.187198 80.180900 78.205635 76.263812 
111.054074 147.632385 50.366979 109.540614 10.776307 9.158100 8.032185 7.620000 8.032185 9.158100 10.776307 7.620000 5.080000 2.540000 0.000000 2.540000 5.080000 7.620000 138.248532 136.403638 134.581394 132.782733 131.008624 129.260080 127.538153 143.558901 141.783123 140.030901 138.303129 136.600736 134.924682 133.275961 27.072952 26.163155 25.284430 24.440130 23.877087 22.840342 21.828260 20.844435 74.735632 72.199072 69.662764 67.126734 64.591017 62.055650 59.520678 75.509787 73.000132 70.492651 67.987585 65.485210 62.985847 60.489870 86.522864 84.313905 82.124091 79.954995 77.808350 75.686067 73.590252 90.480949 88.370983 86.284195 84.222309 82.187198 80.180900 78.205635 
113.458317 149.449334 48.635530 108.755360 12.700000 10.776307 9.158100 8.032185 7.620000 8.032185 9.158100 10.160000 7.620000 5.080000 2.540000 0.000000 2.540000 5.080000 140.115181 138.248532 136.403638 134.581394 132.782733 131.008624 129.260080 145.357371 143.558901 141.783123 140.030901 138.303129 136.600736 134.924682 28.973958 28.010794 27.072952 26.163155 26.012704 24.935419 23.877087 22.840342 77.272417 74.735632 72.199072 69.662764 67.126734 64.591017 62.055650 78.021405 75.509787 73.000132 70.492651 67.987585 65.485210 62.985847 88.749539 86.522864 84.313905 82.124091 79.954995 77.808350 75.686067 92.612508 90.480949 88.370983 86.284195 84.222309 82.187198 80.180900 
115.868352 151.287107 46.977656 108.024135 14.810618 12.700000 10.776307 9.158100 8.032185 7.620000 8.032185 12.700000 10.160000 7.620000 5.080000 2.540000 0.000000 2.540000 142.002726 140.115181 138.248532 136.403638 134.581394 132.782733 131.008624 147.177701 145.357371 143.558901 141.783123 140.030901 138.303129 136.600736 30.966740 29.960002 28.973958 28.010794 28.215412 27.106683 26.012704 24.935419 79.809407 77.272417 74.735632 72.199072 69.662764 67.126734 64.591017 80.534804 78.021405 75.509787 73.000132 70.492651 67.987585 65.485210 90.992629 88.749539 86.522864 84.313905 82.124091 79.954995 77.808350 94.764205 92.612508 90.480949 88.370983 86.284195 84.222309 82.187198 
118.283827 153.144955 45.401418 107.348043 17.038838 14.810618 12.700000 10.776307 9.158100 8.032185 7.620000 15.240000 12.700000 10.160000 7.620000 5.080000 2.540000 0.000000 143.910347 142.002726 140.115181 138.248532 136.403638 134.581394 132.782733 149.019091 147.177701 145.357371 143.558901 141.783123 140.030901 138.303129 33.034692 31.992218 30.966740 29.960002 30.470665 29.337221 28.215412 27.106683 82.346582 79.809407 77.272417 74.735632 72.199072 69.662764 67.126734 83.049822 80.534804 78.021405 75.509787 73.000132 70.492651 67.987585 93.250949 90.992629 88.749539 86.522864 84.313905 82.124091 79.954995 96.934698 94.764205 92.612508 90.480949 88.370983 86.284195 84.222309 
130.652036 10.212211 188.568153 136.353523 138.303129 140.030901 141.783123 143.558901 145.357371 147.177701 149.019091 132.782733 134.581394 136.403638 138.248532 140.115181 142.002726 143.910347 0.000000 2.540000 5.080000 7.620000 10.160000 12.700000 15.240000 7.620000 8.032185 9.158100 10.776307 12.700000 14.810618 17.038838 139.175170 139.920948 140.674238 141.434920 135.084938 135.853172 136.628891 137.411969 94.326576 95.068133 95.871269 96.734449 97.656081 98.634528 99.668115 87.036653 87.839775 88.708378 89.640558 90.634355 91.687765 92.798757 58.099875 59.256895 60.498488 61.819557 63.215120 64.680355 66.210638 51.359073 52.664396 54.057617 55.532122 57.081611 58.700147 60.382179 
130.753895 11.441845 186.744143 133.819691 136.600736 138.303129 140.030901 141.783123 143.558901 145.357371 147.177701 131.008624 132.782733 134.581394 136.403638 138.248532 140.115181 142.002726 2.540000 0.000000 2.540000 5.080000 7.620000 10.160000 12.700000 8.032185 7.620000 8.032185 9.158100 10.776307 12.700000 14.810618 137.706637 138.437026 139.175170 139.920948 133.571443 134.324319 135.084938 135.853172 93.648059 94.326576 95.068133 95.871269 96.734449 97.656081 98.634528 86.300841 87.036653 87.839775 88.708378 89.640558 90.634355 91.687765 57.032574 58.099875 59.256895 60.498488 61.819557 63.215120 64.680355 50.148514 51.359073 52.664396 54.057617 55.532122 57.081611 58.700147 
130.904969 13.055481 184.937029 131.286098 134.924682 136.600736 138.303129 140.030901 141.783123 143.558901 145.357371 129.260080 131.008624 132.782733 134.581394 136.403638 138.248532 140.115181 5.080000 2.540000 0.000000 2.540000 5.080000 7.620000 10.160000 9.158100 8.032185 7.620000 8.032185 9.158100 10.776307 12.700000 136.269626 136.984129 137.706637 138.437026 132.089453 132.826443 133.571443 134.324319 93.033964 93.648059 94.326576 95.068133 95.871269 96.734449 97.656081 85.634073 86.300841 87.036653 87.839775 88.708378 89.640558 90.634355 56.060117 57.032574 58.099875 59.256895 60.498488 61.819557 63.215120 49.039735 50.148514 51.359073 52.664396 54.057617 55.532122 57.081611 
131.105087 14.929118 183.147312 128.752757 133.275961 134.924682 136.600736 138.303129 140.030901 141.783123 143.558901 127.538153 129.260080 131.008624 132.782733 134.581394 136.403638 138.248532 7.620000 5.080000 2.540000 0.000000 2.540000 5.080000 7.620000 10.776307 9.158100 8.032185 7.620000 8.032185 9.158100 10.776307 134.865145 135.563256 136.269626 136.984129 130.640039 131.360606 132.089453 132.826443 92.485571 93.033964 93.648059 94.326576 95.068133 95.871269 96.734449 85.037974 85.634073 86.300841 87.036653 87.839775 88.708378 89.640558 55.187518 56.060117 57.032574 58.099875 59.256895 60.498488 61.819557 48.039786 49.039735 50.148514 51.359073 52.664396 54.057617 55.532122 
131.354026 16.976888 181.375505 126.219684 131.655600 133.275961 134.924682 136.600736 138.303129 140.030901 141.783123 125.843933 127.538153 129.260080 131.008624 132.782733 134.581394 136.403638 10.160000 7.620000 5.080000 2.540000 0.000000 2.540000 5.080000 12.700000 10.776307 9.158100 8.032185 7.620000 8.032185 9.158100 133.494220 134.175423 134.865145 135.563256 129.224298 129.927890 130.640039 131.360606 92.004058 92.485571 93.033964 93.648059 94.326576 95.068133 95.871269 84.514039 85.037974 85.634073 86.300841 87.036653 87.839775 88.708378 54.419580 55.187518 56.060117 57.032574 58.099875 59.256895 60.498488 47.155590 48.039786 49.039735 50.148514 51.359073 52.664396 54.057617 
131.651507 19.142991 179.622140 123.686895 130.064659 131.655600 133.275961 134.924682 136.600736 138.303129 140.030901 124.178557 125.843933 127.538153 129.260080 131.008624 132.782733 134.581394 12.700000 10.160000 7.620000 5.080000 2.540000 0.000000 2.540000 14.810618 12.700000 10.776307 9.158100 8.032185 7.620000 8.032185 132.157896 132.821667 133.494220 134.175423 127.843349 128.529404 129.224298 129.927890 91.590478 92.004058 92.485571 93.033964 93.648059 94.326576 95.068133 84.063617 84.514039 85.037974 85.634073 86.300841 87.036653 87.839775 53.760790 54.419580 55.187518 56.060117 57.032574 58.099875 59.256895 46.393766 47.155590 48.039786 49.039735 50.148514 51.359073 52.664396 
131.997204 21.391509 177.887762 121.154408 128.504230 130.064659 131.655600 133.275961 134.924682 136.600736 138.303129 122.543198 124.178557 125.843933 127.538153 129.260080 131.008624 132.782733 15.240000 12.700000 10.160000 7.620000 5.080000 2.540000 0.000000 17.038838 14.810618 12.700000 10.776307 9.158100 8.032185 7.620000 130.857233 131.503040 132.157896 132.821667 126.498331 127.166277 127.843349 128.529404 91.245755 91.590478 92.004058 92.485571 93.033964 93.648059 94.326576 83.687896 84.063617 84.514039 85.037974 85.634073 86.300841 87.036653 53.215200 53.760790 54.419580 55.187518 56.060117 57.032574 58.099875 45.760425 46.393766 47.155590 48.039786 49.039735 50.148514 51.359073 
138.268709 4.355522 193.923257 136.040304 144.015228 145.675268 147.360390 149.069744 150.802506 152.557878 154.335089 138.303129 140.030901 141.783123 143.558901 145.357371 147.177701 149.019091 7.620000 8.032185 9.158100 10.776307 12.700000 14.810618 17.038838 0.000000 2.540000 5.080000 7.620000 10.160000 12.700000 15.240000 145.427588 146.141463 146.862850 147.591640 141.244386 141.979296 142.721722 143.471549 101.664918 102.353322 103.099723 103.902869 104.761457 105.674135 106.639513 94.326576 95.068133 95.871269 96.734449 97.656081 98.634528 99.668115 65.035108 66.070791 67.186582 68.378560 69.642811 70.975476 72.372774 58.099875 59.256895 60.498488 61.819557 63.215120 64.680355 66.210638 
138.364961 6.752566 192.150088 133.500528 142.381149 144.015228 145.675268 147.360390 149.069744 150.802506 152.557878 136.600736 138.303129 140.030901 141.783123 143.558901 145.357371 147.177701 8.032185 7.620000 8.032185 9.158100 10.776307 12.700000 14.810618 2.540000 0.000000 2.540000 5.080000 7.620000 10.160000 12.700000 144.022822 144.721337 145.427588 146.141463 139.797591 140.517112 141.244386 141.979296 101.035695 101.664918 102.353322 103.099723 103.902869 104.761457 105.674135 93.648059 94.326576 95.068133 95.871269 96.734449 97.656081 98.634528 64.083417 65.035108 66.070791 67.186582 68.378560 69.642811 70.975476 57.032574 58.099875 59.256895 60.498488 61.819557 63.215120 64.680355 
138.507733 9.226425 190.394291 130.960760 140.773933 142.381149 144.015228 145.675268 147.360390 149.069744 150.802506 134.924682 136.600736 138.303129 140.030901 141.783123 143.558901 145.357371 9.158100 8.032185 7.620000 8.032185 9.158100 10.776307 12.700000 5.080000 2.540000 0.000000 2.540000 5.080000 7.620000 10.160000 142.649453 143.332156 144.022822 144.721337 138.382295 139.085945 139.797591 140.517112 100.466766 101.035695 101.664918 102.353322 103.099723 103.902869 104.761457 93.033964 93.648059 94.326576 95.068133 95.871269 96.734449 97.656081 63.219510 64.083417 65.035108 66.070791 67.186582 68.378560 69.642811 56.060117 57.032574 58.099875 59.256895 60.498488 61.819557 63.215120 
138.696882 11.728592 188.656352 128.421002 139.194512 140.773933 142.381149 144.015228 145.675268 147.360390 149.069744 133.275961 134.924682 136.600736 138.303129 140.030901 141.783123 143.558901 10.776307 9.158100 8.032185 7.620000 8.032185 9.158100 10.776307 7.620000 5.080000 2.540000 0.000000 2.540000 5.080000 7.620000 141.308396 141.974827 142.649453 143.332156 136.999474 137.686764 138.382295 139.085945 99.959160 100.466766 101.035695 101.664918 102.353322 103.099723 103.902869 92.485571 93.033964 93.648059 94.326576 95.068133 95.871269 96.734449 62.447033 63.219510 64.083417 65.035108 66.070791 67.186582 68.378560 55.187518 56.060117 57.032574 58.099875 59.256895 60.498488 61.819557 
138.932219 14.244158 186.936768 125.881253 137.643843 139.194512 140.773933 142.381149 144.015228 145.675268 147.360390 131.655600 133.275961 134.924682 136.600736 138.303129 140.030901 141.783123 12.700000 10.776307 9.158100 8.032185 7.620000 8.032185 9.158100 10.160000 7.620000 5.080000 2.540000 0.000000 2.540000 5.080000 140.000579 140.650274 141.308396 141.974827 135.650121 136.320551 136.999474 137.686764 99.513815 99.959160 100.466766 101.035695 101.664918 102.353322 103.099723 92.004058 92.485571 93.033964 93.648059 94.326576 95.068133 95.871269 61.769414 62.447033 63.219510 64.083417 65.035108 66.070791 67.186582 54.419580 55.187518 56.060117 57.032574 58.099875 59.256895 60.498488 
139.213508 16.767093 185.236051 123.341515 136.122907 137.643843 139.194512 140.773933 142.381149 144.015228 145.675268 130.064659 131.655600 133.275961 134.924682 136.600736 138.303129 140.030901 14.810618 12.700000 10.776307 9.158100 8.032185 7.620000 8.032185 12.700000 10.160000 7.620000 5.080000 2.540000 0.000000 2.540000 138.726943 139.359429 140.000579 140.650274 134.335245 134.988310 135.650121 136.320551 99.131571 99.513815 99.959160 100.466766 101.035695 101.664918 102.353322 91.590478 92.004058 92.485571 93.033964 93.648059 94.326576 95.068133 61.189806 61.769414 62.447033 63.219510 64.083417 65.035108 66.070791 53.760790 54.419580 55.187518 56.060117 57.032574 58.099875 59.256895 
139.540472 19.294507 183.554725 120.801787 134.632713 136.122907 137.643843 139.194512 140.773933 142.381149 144.015228 128.504230 130.064659 131.655600 133.275961 134.924682 136.600736 138.303129 17.038838 14.810618 12.700000 10.776307 9.158100 8.032185 7.620000 15.240000 12.700000 10.160000 7.620000 5.080000 2.540000 0.000000 137.488438 138.103240 138.726943 139.359429 133.055868 133.691055 134.335245 134.988310 98.813159 99.131571 99.513815 99.959160 100.466766 101.035695 101.664918 91.245755 91.590478 92.004058 92.485571 93.033964 93.648059 94.326576 60.711015 61.189806 61.769414 62.447033 63.219510 64.083417 65.035108 53.215200 53.760790 54.419580 55.187518 56.060117 57.032574 58.099875 
87.087944 149.148415 57.490197 134.037541 16.304538 18.266743 20.357137 22.540083 24.791145 27.093349 29.434699 22.152367 23.633943 25.284430 27.072952 28.973958 30.966740 33.034692 139.175170 137.706637 136.269626 134.865145 133.494220 132.157896 130.857233 145.427588 144.022822 142.649453 141.308396 140.000579 138.726943 137.488438 0.000000 1.270000 2.540000 3.810000 5.080000 5.236344 5.679613 6.350000 59.321400 56.977310 54.650731 52.343998 50.059855 47.801539 45.572892 62.596291 60.379474 58.189084 56.028218 53.900428 51.809789 49.760984 82.506265 80.808454 79.155745 77.551021 75.997322 74.497840 73.055915 88.265700 86.680772 85.142128 83.652321 82.214006 80.829933 79.502934 
88.331994 149.878220 56.282803 133.524131 15.386966 17.266819 19.298460 21.438780 23.658301 25.936698 28.259735 21.485998 22.869902 24.440130 26.163155 28.010794 29.960002 31.992218 139.920948 138.437026 136.984129 135.563256 134.175423 132.821667 131.503040 146.141463 144.721337 143.332156 141.974827 140.650274 139.359429 138.103240 1.270000 0.000000 1.270000 2.540000 5.236344 5.080000 5.236344 5.679613 60.499377 58.147298 55.811694 53.494723 51.198913 48.927244 46.683240 63.713748 61.484757 59.280792 57.104749 54.959947 52.850187 50.779838 83.371226 81.651896 79.976286 78.347198 76.767597 75.240598 73.769469 89.074751 87.467606 85.905507 84.390956 82.926557 81.515014 80.159119 
89.576773 150.615198 55.078226 133.020866 14.522577 16.304538 18.266743 20.357137 22.540083 24.791145 27.093349 20.875695 22.152367 23.633943 25.284430 27.072952 28.973958 30.966740 140.674238 139.175170 137.706637 136.269626 134.865145 133.494220 132.157896 146.862850 145.427588 144.022822 142.649453 141.308396 140.000579 138.726943 2.540000 1.270000 0.000000 1.270000 5.679613 5.236344 5.080000 5.236344 61.681005 59.321400 56.977310 54.650731 52.343998 50.059855 47.801539 64.836822 62.596291 60.379474 58.189084 56.028218 53.900428 51.809789 84.246451 82.506265 80.808454 79.155745 77.551021 75.997322 74.497840 89.894463 88.265700 86.680772 85.142128 83.652321 82.214006 80.829933 
90.822250 151.359244 53.876654 132.527859 13.721428 15.386966 17.266819 19.298460 21.438780 23.658301 25.936698 20.326509 21.485998 22.869902 24.440130 26.163155 28.010794 29.960002 141.434920 139.920948 138.437026 136.984129 135.563256 134.175423 132.821667 147.591640 146.141463 144.721337 143.332156 141.974827 140.650274 139.359429 3.810000 2.540000 1.270000 0.000000 6.350000 5.679613 5.236344 5.080000 62.866080 60.499377 58.147298 55.811694 53.494723 51.198913 48.927244 65.965226 63.713748 61.484757 59.280792 57.104749 54.959947 52.850187 85.131625 83.371226 81.651896 79.976286 78.347198 76.767597 75.240598 90.724548 89.074751 87.467606 85.905507 84.390956 82.926557 81.515014 
88.257202 145.009908 59.246489 129.416715 13.432338 15.756384 18.138433 20.558333 23.004143 25.468398 27.946220 18.107951 19.893060 21.828260 23.877087 26.012704 28.215412 30.470665 135.084938 133.571443 132.089453 130.640039 129.224298 127.843349 126.498331 141.244386 139.797591 138.382295 136.999474 135.650121 134.335245 133.055868 5.080000 5.236344 5.679613 6.350000 0.000000 1.270000 2.540000 3.810000 57.596584 55.179270 52.773481 50.380870 48.003406 45.643456 43.303885 60.325901 58.022407 55.739467 53.479715 51.246218 49.042563 46.872959 78.842247 77.063755 75.328932 73.640864 72.002840 70.418352 68.891093 84.393309 82.734232 81.120766 79.555689 78.041910 76.582472 75.180539 
89.484998 145.760436 58.075620 128.884900 12.302376 14.585362 16.941673 19.344534 21.778543 24.234316 26.705849 17.286372 18.979014 20.844435 22.840342 24.935419 27.106683 29.337221 135.853172 134.324319 132.826443 131.360606 129.927890 128.529404 127.166277 141.979296 140.517112 139.085945 137.686764 136.320551 134.988310 133.691055 5.236344 5.080000 5.236344 5.679613 1.270000 0.000000 1.270000 2.540000 58.809119 56.386579 53.974838 51.575414 49.190107 46.821076 44.470922 61.484635 59.171734 56.878212 54.606512 52.359474 50.140413 47.953214 79.746958 77.947728 76.190697 74.478853 72.815383 71.203678 69.647330 85.239123 83.558237 81.921627 80.332000 78.792200 77.305203 75.874115 
90.713957 146.518127 56.909004 128.363447 11.202455 13.432338 15.756384 18.138433 20.558333 23.004143 25.468398 16.521658 18.107951 19.893060 21.828260 23.877087 26.012704 28.215412 136.628891 135.084938 133.571443 132.089453 130.640039 129.224298 127.843349 142.721722 141.244386 139.797591 138.382295 136.999474 135.650121 134.335245 5.679613 5.236344 5.080000 5.236344 2.540000 1.270000 0.000000 1.270000 60.024031 57.596584 55.179270 52.773481 50.380870 48.003406 45.643456 62.647683 60.325901 58.022407 55.739467 53.479715 51.246218 49.042563 80.661519 78.842247 77.063755 75.328932 73.640864 72.002840 70.418352 86.095362 84.393309 82.734232 81.120766 79.555689 78.041910 76.582472 
91.944031 147.282872 55.746906 127.852482 10.142353 12.302376 14.585362 16.941673 19.344534 21.778543 24.234316 15.822058 17.286372 18.979014 20.844435 22.840342 24.935419 27.106683 137.411969 135.853172 134.324319 132.826443 131.360606 129.927890 128.529404 143.471549 141.979296 140.517112 139.085945 137.686764 136.320551 134.988310 6.350000 5.679613 5.236344 5.080000 3.810000 2.540000 1.270000 0.000000 61.241179 58.809119 56.386579 53.974838 51.575414 49.190107 46.821076 63.814809 61.484635 59.171734 56.878212 54.606512 52.359474 50.140413 81.585597 79.746958 77.947728 76.190697 74.478853 72.815383 71.203678 86.961718 85.239123 83.558237 81.921627 80.332000 78.792200 77.305203 
50.232288 104.476826 116.729179 148.384047 67.987585 70.492651 73.000132 75.509787 78.021405 80.534804 83.049822 67.126734 69.662764 72.199072 74.735632 77.272417 79.809407 82.346582 94.326576 93.648059 93.033964 92.485571 92.004058 91.590478 91.245755 101.664918 101.035695 100.466766 99.959160 99.513815 99.131571 98.813159 59.321400 60.499377 61.681005 62.866080 57.596584 58.809119 60.024031 61.241179 0.000000 2.540000 5.080000 7.620000 10.160000 12.700000 15.240000 7.620000 8.032185 9.158100 10.776307 12.700000 14.810618 17.038838 38.349755 38.373070 38.564030 38.920169 39.437012 40.108346 40.926571 45.967934 45.987387 46.146849 46.444879 46.878835 47.444986 48.138669 
51.806416 105.242716 114.346505 146.517055 65.485210 67.987585 70.492651 73.000132 75.509787 78.021405 80.534804 64.591017 67.126734 69.662764 72.199072 74.735632 77.272417 79.809407 95.068133 94.326576 93.648059 93.033964 92.485571 92.004058 91.590478 102.353322 101.664918 101.035695 100.466766 99.959160 99.513815 99.131571 56.977310 58.147298 59.321400 60.499377 55.179270 56.386579 57.596584 58.809119 2.540000 0.000000 2.540000 5.080000 7.620000 10.160000 12.700000 8.032185 7.620000 8.032185 9.158100 10.776307 12.700000 14.810618 38.494392 38.349755 38.373070 38.564030 38.920169 39.437012 40.108346 46.088669 45.967934 45.987387 46.146849 46.444879 46.878835 47.444986 
53.454934 106.063917 111.970748 144.670566 62.985847 65.485210 67.987585 70.492651 73.000132 75.509787 78.021405 62.055650 64.591017 67.126734 69.662764 72.199072 74.735632 77.272417 95.871269 95.068133 94.326576 93.648059 93.033964 92.485571 92.004058 103.099723 102.353322 101.664918 101.035695 100.466766 99.959160 99.513815 54.650731 55.811694 56.977310 58.147298 52.773481 53.974838 55.179270 56.386579 5.080000 2.540000 0.000000 2.540000 5.080000 7.620000 10.160000 9.158100 8.032185 7.620000 8.032185 9.158100 10.776307 12.700000 38.805101 38.494392 38.349755 38.373070 38.564030 38.920169 39.437012 46.348496 46.088669 45.967934 45.987387 46.146849 46.444879 46.878835 
55.171174 106.939155 109.602357 142.845375 60.489870 62.985847 65.485210 67.987585 70.492651 73.000132 75.509787 59.520678 62.055650 64.591017 67.126734 69.662764 72.199072 74.735632 96.734449 95.871269 95.068133 94.326576 93.648059 93.033964 92.485571 103.902869 103.099723 102.353322 101.664918 101.035695 100.466766 99.959160 52.343998 53.494723 54.650731 55.811694 50.380870 51.575414 52.773481 53.974838 7.620000 5.080000 2.540000 0.000000 2.540000 5.080000 7.620000 10.776307 9.158100 8.032185 7.620000 8.032185 9.158100 10.776307 39.277942 38.805101 38.494392 38.349755 38.373070 38.564030 38.920169 46.745096 46.348496 46.088669 45.967934 45.987387 46.146849 46.444879 
56.949012 107.867115 107.241822 141.042308 57.997715 60.489870 62.985847 65.485210 67.987585 70.492651 73.000132 56.986153 59.520678 62.055650 64.591017 67.126734 69.662764 72.199072 97.656081 96.734449 95.871269 95.068133 94.326576 93.648059 93.033964 104.761457 103.902869 103.099723 102.353322 101.664918 101.035695 100.466766 50.059855 51.198913 52.343998 53.494723 48.003406 49.190107 50.380870 51.575414 10.160000 7.620000 5.080000 2.540000 0.000000 2.540000 5.080000 12.700000 10.776307 9.158100 8.032185 7.620000 8.032185 9.158100 39.907152 39.277942 38.805101 38.494392 38.349755 38.373070 38.564030 47.275025 46.745096 46.348496 46.088669 45.967934 45.987387 46.146849 
58.782862 108.846448 104.889671 139.262226 55.509898 57.997715 60.489870 62.985847 65.485210 67.987585 70.492651 54.452139 56.986153 59.520678 62.055650 64.591017 67.126734 69.662764 98.634528 97.656081 96.734449 95.871269 95.068133 94.326576 93.648059 105.674135 104.761457 103.902869 103.099723 102.353322 101.664918 101.035695 47.801539 48.927244 50.059855 51.198913 45.643456 46.821076 48.003406 49.190107 12.700000 10.160000 7.620000 5.080000 2.540000 0.000000 2.540000 14.810618 12.700000 10.776307 9.158100 8.032185 7.620000 8.032185 40.685477 39.907152 39.277942 38.805101 38.494392 38.349755 38.373070 47.933864 47.275025 46.745096 46.348496 46.088669 45.967934 45.987387 
60.667642 109.875781 102.546483 137.506020 53.027029 55.509898 57.997715 60.489870 62.985847 65.485210 67.987585 51.918710 54.452139 56.986153 59.520678 62.055650 64.591017 67.126734 99.668115 98.634528 97.656081 96.734449 95.871269 95.068133 94.326576 106.639513 105.674135 104.761457 103.902869 103.099723 102.353322 101.664918 45.572892 46.683240 47.801539 48.927244 43.303885 44.470922 45.643456 46.821076 15.240000 12.700000 10.160000 7.620000 5.080000 2.540000 0.000000 17.038838 14.810618 12.700000 10.776307 9.158100 8.032185 7.620000 41.604549 40.685477 39.907152 39.277942 38.805101 38.494392 38.349755 48.716381 47.933864 47.275025 46.745096 46.348496 46.088669 45.967934 
56.492263 97.210597 119.556657 143.360799 69.676063 72.122507 74.575206 77.033564 79.497055 81.965217 84.437639 67.987585 70.492651 73.000132 75.509787 78.021405 80.534804 83.049822 87.036653 86.300841 85.634073 85.037974 84.514039 84.063617 83.687896 94.326576 93.648059 93.033964 92.485571 92.004058 91.590478 91.245755 62.596291 63.713748 64.836822 65.965226 60.325901 61.484635 62.647683 63.814809 7.620000 8.032185 9.158100 10.776307 12.700000 14.810618 17.038838 0.000000 2.540000 5.080000 7.620000 10.160000 12.700000 15.240000 30.732479 30.761568 30.999451 31.441392 32.078957 32.900775 33.893447 38.349755 38.373070 38.564030 38.920169 39.437012 40.108346 40.926571 
57.896441 98.033271 117.231464 141.427510 67.236559 69.676063 72.122507 74.575206 77.033564 79.497055 81.965217 65.485210 67.987585 70.492651 73.000132 75.509787 78.021405 80.534804 87.839775 87.036653 86.300841 85.634073 85.037974 84.514039 84.063617 95.068133 94.326576 93.648059 93.033964 92.485571 92.004058 91.590478 60.379474 61.484757 62.596291 63.713748 58.022407 59.171734 60.325901 61.484635 8.032185 7.620000 8.032185 9.158100 10.776307 12.700000 14.810618 2.540000 0.000000 2.540000 5.080000 7.620000 10.160000 12.700000 30.912777 30.732479 30.761568 30.999451 31.441392 32.078957 32.900775 38.494392 38.349755 38.373070 38.564030 38.920169 39.437012 40.108346 
59.376115 98.914344 114.915366 139.513676 64.804776 67.236559 69.676063 72.122507 74.575206 77.033564 79.497055 62.985847 65.485210 67.987585 70.492651 73.000132 75.509787 78.021405 88.708378 87.839775 87.036653 86.300841 85.634073 85.037974 84.514039 95.871269 95.068133 94.326576 93.648059 93.033964 92.485571 92.004058 58.189084 59.280792 60.379474 61.484757 55.739467 56.878212 58.022407 59.171734 9.158100 8.032185 7.620000 8.032185 9.158100 10.776307 12.700000 5.080000 2.540000 0.000000 2.540000 5.080000 7.620000 10.160000 31.298840 30.912777 30.732479 30.761568 30.999451 31.441392 32.078957 38.805101 38.494392 38.349755 38.373070 38.564030 38.920169 39.437012 
60.925786 99.852270 112.608924 137.620108 62.381619 64.804776 67.236559 69.676063 72.122507 74.575206 77.033564 60.489870 62.985847 65.485210 67.987585 70.492651 73.000132 75.509787 89.640558 88.708378 87.839775 87.036653 86.300841 85.634073 85.037974 96.734449 95.871269 95.068133 94.326576 93.648059 93.033964 92.485571 56.028218 57.104749 58.189084 59.280792 53.479715 54.606512 55.739467 56.878212 10.776307 9.158100 8.032185 7.620000 8.032185 9.158100 10.776307 7.620000 5.080000 2.540000 0.000000 2.540000 5.080000 7.620000 31.883197 31.298840 30.912777 30.732479 30.761568 30.999451 31.441392 39.277942 38.805101 38.494392 38.349755 38.373070 38.564030 38.920169 
62.540252 100.845463 110.312744 135.747655 59.968133 62.381619 64.804776 67.236559 69.676063 72.122507 74.575206 57.997715 60.489870 62.985847 65.485210 67.987585 70.492651 73.000132 90.634355 89.640558 88.708378 87.839775 87.036653 86.300841 85.634073 97.656081 96.734449 95.871269 95.068133 94.326576 93.648059 93.033964 53.900428 54.959947 56.028218 57.104749 51.246218 52.359474 53.479715 54.606512 12.700000 10.776307 9.158100 8.032185 7.620000 8.032185 9.158100 10.160000 7.620000 5.080000 2.540000 0.000000 2.540000 5.080000 32.655204 31.883197 31.298840 30.912777 30.732479 30.761568 30.999451 39.907152 39.277942 38.805101 38.494392 38.349755 38.373070 38.564030 
64.214624 101.892307 108.027479 133.897202 57.565535 59.968133 62.381619 64.804776 67.236559 69.676063 72.122507 55.509898 57.997715 60.489870 62.985847 65.485210 67.987585 70.492651 91.687765 90.634355 89.640558 88.708378 87.839775 87.036653 86.300841 98.634528 97.656081 96.734449 95.871269 95.068133 94.326576 93.648059 51.809789 52.850187 53.900428 54.959947 49.042563 50.140413 51.246218 52.359474 14.810618 12.700000 10.776307 9.158100 8.032185 7.620000 8.032185 12.700000 10.160000 7.620000 5.080000 2.540000 0.000000 2.540000 33.601928 32.655204 31.883197 31.298840 30.912777 30.732479 30.761568 40.685477 39.907152 39.277942 38.805101 38.494392 38.349755 38.373070 
65.944339 102.991166 105.753838 132.069673 55.175247 57.565535 59.968133 62.381619 64.804776 67.236559 69.676063 53.027029 55.509898 57.997715 60.489870 62.985847 65.485210 67.987585 92.798757 91.687765 90.634355 89.640558 88.708378 87.839775 87.036653 99.668115 98.634528 97.656081 96.734449 95.871269 95.068133 94.326576 49.760984 50.779838 51.809789 52.850187 46.872959 47.953214 49.042563 50.140413 17.038838 14.810618 12.700000 10.776307 9.158100 8.032185 7.620000 15.240000 12.700000 10.160000 7.620000 5.080000 2.540000 0.000000 34.709077 33.601928 32.655204 31.883197 31.298840 30.912777 30.732479 41.604549 40.685477 39.907152 39.277942 38.805101 38.494392 38.349755 
83.711002 68.299347 135.524751 126.586837 84.222309 86.284195 88.370983 90.480949 92.612508 94.764205 96.934698 79.954995 82.124091 84.313905 86.522864 88.749539 90.992629 93.250949 58.099875 57.032574 56.060117 55.187518 54.419580 53.760790 53.215200 65.035108 64.083417 63.219510 62.447033 61.769414 61.189806 60.711015 82.506265 83.371226 84.246451 85.131625 78.842247 79.746958 80.661519 81.585597 38.349755 38.494392 38.805101 39.277942 39.907152 40.685477 41.604549 30.732479 30.912777 31.298840 31.883197 32.655204 33.601928 34.709077 0.000000 2.540000 5.080000 7.620000 10.160000 12.700000 15.240000 7.620000 8.032185 9.158100 10.776307 12.700000 14.810618 17.038838 
84.637409 69.431693 133.460546 124.374380 82.187198 84.222309 86.284195 88.370983 90.480949 92.612508 94.764205 77.808350 79.954995 82.124091 84.313905 86.522864 88.749539 90.992629 59.256895 58.099875 57.032574 56.060117 55.187518 54.419580 53.760790 66.070791 65.035108 64.083417 63.219510 62.447033 61.769414 61.189806 80.808454 81.651896 82.506265 83.371226 77.063755 77.947728 78.842247 79.746958 38.373070 38.349755 38.494392 38.805101 39.277942 39.907152 40.685477 30.761568 30.732479 30.912777 31.298840 31.883197 32.655204 33.601928 2.540000 0.000000 2.540000 5.080000 7.620000 10.160000 12.700000 8.032185 7.620000 8.032185 9.158100 10.776307 12.700000 14.810618 
85.629162 70.637259 131.413012 122.174665 80.180900 82.187198 84.222309 86.284195 88.370983 90.480949 92.612508 75.686067 77.808350 79.954995 82.124091 84.313905 86.522864 88.749539 60.498488 59.256895 58.099875 57.032574 56.060117 55.187518 54.419580 67.186582 66.070791 65.035108 64.083417 63.219510 62.447033 61.769414 79.155745 79.976286 80.808454 81.651896 75.328932 76.190697 77.063755 77.947728 38.564030 38.373070 38.349755 38.494392 38.805101 39.277942 39.907152 30.999451 30.761568 30.732479 30.912777 31.298840 31.883197 32.655204 5.080000 2.540000 0.000000 2.540000 5.080000 7.620000 10.160000 9.158100 8.032185 7.620000 8.032185 9.158100 10.776307 12.700000 
