40
# Circuit board instance
Size: large
Nodes: 40
0.000000 65.000000 65.000000 91.923882 44.715655 46.879021 49.078494 51.309431 53.567902 55.850565 58.154573 49.225396 51.198559 53.219812 55.283881 57.386147 59.522563 61.689579 55.149872 55.661699 56.197570 56.756804 59.853694 60.325624 60.820417 61.337517 47.172521 49.626097 52.087960 54.556987 57.032247 59.512963 61.998481 49.739485 52.072250 54.423572 56.791147 59.173024 61.567544 63.973285 
65.000000 0.000000 91.923882 65.000000 55.731311 57.481578 59.289019 61.148565 63.055605 65.005960 66.995848 50.388777 52.318081 54.297676 56.322258 58.387149 60.488219 62.621829 25.981232 27.050707 28.136860 29.237832 23.570759 24.744635 25.927574 27.118389 69.451394 71.140698 72.879386 74.664009 76.491350 78.358421 80.262451 63.887916 65.720382 67.598629 69.518946 71.477942 73.472524 75.499872 
65.000000 91.923882 0.000000 65.000000 36.314618 34.448574 32.673540 31.005151 29.461530 28.063273 26.833115 41.742081 40.129217 38.616189 37.215174 35.939276 34.802257 33.818129 66.680242 65.862516 65.059305 64.271152 70.620188 69.848602 69.091746 68.350108 23.184450 21.090793 19.105695 17.266638 15.625275 14.250082 13.224358 28.040834 26.336119 24.774931 23.386030 22.201775 21.256398 20.582839 
91.923882 65.000000 65.000000 0.000000 49.246733 47.887300 46.626703 45.473163 44.435019 43.520530 42.737633 43.107894 41.548084 40.088642 38.740914 37.516940 36.429196 35.490211 45.604503 44.400304 43.199874 42.003536 44.275579 43.034210 41.794561 40.556791 55.997930 55.164037 54.435990 53.818084 53.314150 52.927443 52.660545 48.927883 47.971248 47.132225 46.417193 45.831957 45.381536 45.069975 
44.715655 55.731311 36.314618 49.246733 0.000000 2.540000 5.080000 7.620000 10.160000 12.700000 15.240000 7.620000 8.032185 9.158100 10.776307 12.700000 14.810618 17.038838 31.161717 30.527338 29.933424 29.382430 35.612992 35.059249 34.543342 34.066990 13.844822 15.410410 17.210044 19.177947 21.267461 23.446095 25.691186 8.652358 10.984760 13.392901 15.842281 18.316362 20.806335 23.307107 
46.879021 57.481578 34.448574 47.887300 2.540000 0.000000 2.540000 5.080000 7.620000 10.160000 12.700000 8.032185 7.620000 8.032185 9.158100 10.776307 12.700000 14.810618 32.542257 31.834143 31.161717 30.527338 36.827044 36.202835 35.612992 35.059249 12.600819 13.844822 15.410410 17.210044 19.177947 21.267461 23.446095 6.478027 8.652358 10.984760 13.392901 15.842281 18.316362 20.806335 
49.078494 59.289019 32.673540 46.626703 5.080000 2.540000 0.000000 2.540000 5.080000 7.620000 10.160000 9.158100 8.032185 7.620000 8.032185 9.158100 10.776307 12.700000 34.056536 33.283783 32.542257 31.834143 38.171721 37.483901 36.827044 36.202835 11.780720 12.600819 13.844822 15.410410 17.210044 19.177947 21.267461 4.687172 6.478027 8.652358 10.984760 13.392901 15.842281 18.316362 
51.309431 61.148565 31.005151 45.473163 7.620000 5.080000 2.540000 0.000000 2.540000 5.080000 7.620000 10.776307 9.158100 8.032185 7.620000 8.032185 9.158100 10.776307 35.687532 34.858441 34.056536 33.283783 39.633730 38.888861 38.171721 37.483901 11.475771 11.780720 12.600819 13.844822 15.410410 17.210044 19.177947 3.857139 4.687172 6.478027 8.652358 10.984760 13.392901 15.842281 
53.567902 63.055605 29.461530 44.435019 10.160000 7.620000 5.080000 2.540000 0.000000 2.540000 5.080000 12.700000 10.776307 9.158100 8.032185 7.620000 8.032185 9.158100 37.419988 36.541960 35.687532 34.858441 41.200584 40.404795 39.633730 38.888861 11.726230 11.475771 11.780720 12.600819 13.844822 15.410410 17.210044 4.548480 3.857139 4.687172 6.478027 8.652358 10.984760 13.392901 
55.850565 65.005960 28.063273 43.520530 12.700000 10.160000 7.620000 5.080000 2.540000 0.000000 2.540000 14.810618 12.700000 10.776307 9.158100 8.032185 7.620000 8.032185 39.240466 38.319994 37.419988 36.541960 42.860784 42.019693 41.200584 40.404795 12.498752 11.726230 11.475771 11.780720 12.600819 13.844822 15.410410 6.277182 4.548480 3.857139 4.687172 6.478027 8.652358 10.984760 
58.154573 66.995848 26.833115 42.737633 15.240000 12.700000 10.160000 7.620000 5.080000 2.540000 0.000000 17.038838 14.810618 12.700000 10.776307 9.158100 8.032185 7.620000 41.137284 40.179998 39.240466 38.319994 44.603910 43.722590 42.860784 42.019693 13.705340 12.498752 11.726230 11.475771 11.780720 12.600819 13.844822 8.427369 6.277182 4.548480 3.857139 4.687172 6.478027 8.652358 
49.225396 50.388777 41.742081 43.107894 7.620000 8.032185 9.158100 10.776307 12.700000 14.810618 17.038838 0.000000 2.540000 5.080000 7.620000 10.160000 12.700000 15.240000 24.939480 24.142150 23.386641 22.677132 29.013636 28.331199 27.690222 27.093647 20.606399 21.689291 23.002830 24.509962 26.177271 27.976132 29.882798 13.844822 15.410410 17.210044 19.177947 21.267461 23.446095 25.691186 
51.198559 52.318081 40.129217 41.548084 8.032185 7.620000 8.032185 9.158100 10.776307 12.700000 14.810618 2.540000 0.000000 2.540000 5.080000 7.620000 10.160000 12.700000 26.644392 25.774750 24.939480 24.142150 30.491589 29.734679 29.013636 28.331199 19.792049 20.606399 21.689291 23.002830 24.509962 26.177271 27.976132 12.600819 13.844822 15.410410 17.210044 19.177947 21.267461 23.446095 
53.219812 54.297676 38.616189 40.088642 9.158100 8.032185 7.620000 8.032185 9.158100 10.776307 12.700000 5.080000 2.540000 0.000000 2.540000 5.080000 7.620000 10.160000 28.474071 27.545150 26.644392 25.774750 32.102743 31.281763 30.491589 29.734679 19.280300 19.792049 20.606399 21.689291 23.002830 24.509962 26.177271 11.780720 12.600819 13.844822 15.410410 17.210044 19.177947 21.267461 
55.283881 56.322258 37.215174 38.740914 10.776307 9.158100 8.032185 7.620000 8.032185 9.158100 10.776307 7.620000 5.080000 2.540000 0.000000 2.540000 5.080000 7.620000 30.406003 29.428489 28.474071 27.545150 33.828072 32.952229 32.102743 31.281763 19.095494 19.280300 19.792049 20.606399 21.689291 23.002830 24.509962 11.475771 11.780720 12.600819 13.844822 15.410410 17.210044 19.177947 
57.386147 58.387149 35.939276 37.516940 12.700000 10.776307 9.158100 8.032185 7.620000 8.032185 9.158100 10.160000 7.620000 5.080000 2.540000 0.000000 2.540000 5.080000 32.421915 31.404457 30.406003 29.428489 35.651003 34.728278 33.828072 32.952229 19.247053 19.095494 19.280300 19.792049 20.606399 21.689291 23.002830 11.726230 11.475771 11.780720 12.600819 13.844822 15.410410 17.210044 
59.522563 60.488219 34.802257 36.429196 14.810618 12.700000 10.776307 9.158100 8.032185 7.620000 8.032185 12.700000 10.160000 7.620000 5.080000 2.540000 0.000000 2.540000 34.507090 33.456644 32.421915 31.404457 37.557326 36.594541 35.651003 34.728278 19.727225 19.247053 19.095494 19.280300 19.792049 20.606399 21.689291 12.498752 11.726230 11.475771 11.780720 12.600819 13.844822 15.410410 
61.689579 62.621829 33.818129 35.490211 17.038838 14.810618 12.700000 10.776307 9.158100 8.032185 7.620000 15.240000 12.700000 10.160000 7.620000 5.080000 2.540000 0.000000 36.649710 35.571862 34.507090 33.456644 39.534980 38.537913 37.557326 36.594541 20.512946 19.727225 19.247053 19.095494 19.280300 19.792049 20.606399 13.705340 12.498752 11.726230 11.475771 11.780720 12.600819 13.844822 
55.149872 25.981232 66.680242 45.604503 31.161717 32.542257 34.056536 35.687532 37.419988 39.240466 41.137284 24.939480 26.644392 28.474071 30.406003 32.421915 34.507090 36.649710 0.000000 1.270000 2.540000 3.810000 5.080000 5.236344 5.679613 6.350000 44.993079 46.386131 47.873504 49.446686 51.097752 52.819401 54.604955 38.735282 40.344988 42.046608 43.829438 45.683971 47.601827 49.575659 
55.661699 27.050707 65.862516 44.400304 30.527338 31.834143 33.283783 34.858441 36.541960 38.319994 40.179998 24.142150 25.774750 27.545150 29.428489 31.404457 33.456644 35.571862 1.270000 0.000000 1.270000 2.540000 5.236344 5.080000 5.236344 5.679613 44.334726 45.677262 47.118572 48.649878 50.262955 51.950186 53.704582 37.968576 39.527929 41.185006 42.928493 44.748290 46.635466 48.582168 
56.197570 28.136860 65.059305 43.199874 29.933424 31.161717 32.542257 34.056536 35.687532 37.419988 39.240466 23.386641 24.939480 26.644392 28.474071 30.406003 32.421915 34.507090 2.540000 1.270000 0.000000 1.270000 5.679613 5.236344 5.080000 5.236344 43.703368 44.993079 46.386131 47.873504 49.446686 51.097752 52.819401 37.229414 38.735282 40.344988 42.046608 43.829438 45.683971 47.601827 
56.756804 29.237832 64.271152 42.003536 29.382430 30.527338 31.834143 33.283783 34.858441 36.541960 38.319994 22.677132 24.142150 25.774750 27.545150 29.428489 31.404457 33.456644 3.810000 2.540000 1.270000 0.000000 6.350000 5.679613 5.236344 5.080000 43.100194 44.334726 45.677262 47.118572 48.649878 50.262955 51.950186 36.519469 37.968576 39.527929 41.185006 42.928493 44.748290 46.635466 
59.853694 23.570759 70.620188 44.275579 35.612992 36.827044 38.171721 39.633730 41.200584 42.860784 44.603910 29.013636 30.491589 32.102743 33.828072 35.651003 37.557326 39.534980 5.080000 5.236344 5.679613 6.350000 0.000000 1.270000 2.540000 3.810000 49.378098 50.650692 52.016264 53.467692 54.998179 56.601312 58.271095 42.858165 44.318374 45.872840 47.512312 49.228299 51.013078 52.859684 
60.325624 24.744635 69.848602 43.034210 35.059249 36.202835 37.483901 38.888861 40.404795 42.019693 43.722590 28.331199 29.734679 31.281763 32.952229 34.728278 36.594541 38.537913 5.236344 5.080000 5.236344 5.679613 1.270000 0.000000 1.270000 2.540000 48.778964 50.002317 51.322308 52.731680 54.223464 55.791049 57.428230 42.166491 43.575881 45.084420 46.682499 48.361242 50.112542 51.929060 
60.820417 25.927574 69.091746 41.794561 34.543342 35.612992 36.827044 38.171721 39.633730 41.200584 42.860784 27.690222 29.013636 30.491589 32.102743 33.828072 35.651003 37.557326 5.679613 5.236344 5.080000 5.236344 2.540000 1.270000 0.000000 1.270000 48.205848 49.378098 50.650692 52.016264 53.467692 54.998179 56.601312 41.502163 42.858165 44.318374 45.872840 47.512312 49.228299 51.013078 
61.337517 27.118389 68.350108 40.556791 34.066990 35.059249 36.202835 37.483901 38.888861 40.404795 42.019693 27.093647 28.331199 29.734679 31.281763 32.952229 34.728278 36.594541 6.350000 5.679613 5.236344 5.080000 3.810000 2.540000 1.270000 0.000000 47.659691 48.778964 50.002317 51.322308 52.731680 54.223464 55.791049 40.866512 42.166491 43.575881 45.084420 46.682499 48.361242 50.112542 
47.172521 69.451394 23.184450 55.997930 13.844822 12.600819 11.780720 11.475771 11.726230 12.498752 13.705340 20.606399 19.792049 19.280300 19.095494 19.247053 19.727225 20.512946 44.993079 44.334726 43.703368 43.100194 49.378098 48.778964 48.205848 47.659691 0.000000 2.540000 5.080000 7.620000 10.160000 12.700000 15.240000 7.620000 8.032185 9.158100 10.776307 12.700000 14.810618 17.038838 
49.626097 71.140698 21.090793 55.164037 15.410410 13.844822 12.600819 11.780720 11.475771 11.726230 12.498752 21.689291 20.606399 19.792049 19.280300 19.095494 19.247053 19.727225 46.386131 45.677262 44.993079 44.334726 50.650692 50.002317 49.378098 48.778964 2.540000 0.000000 2.540000 5.080000 7.620000 10.160000 12.700000 8.032185 7.620000 8.032185 9.158100 10.776307 12.700000 14.810618 
52.087960 72.879386 19.105695 54.435990 17.210044 15.410410 13.844822 12.600819 11.780720 11.475771 11.726230 23.002830 21.689291 20.606399 19.792049 19.280300 19.095494 19.247053 47.873504 47.118572 46.386131 45.677262 52.016264 51.322308 50.650692 50.002317 5.080000 2.540000 0.000000 2.540000 5.080000 7.620000 10.160000 9.158100 8.032185 7.620000 8.032185 9.158100 10.776307 12.700000 
54.556987 74.664009 17.266638 53.818084 19.177947 17.210044 15.410410 13.844822 12.600819 11.780720 11.475771 24.509962 23.002830 21.689291 20.606399 19.792049 19.280300 19.095494 49.446686 48.649878 47.873504 47.118572 53.467692 52.731680 52.016264 51.322308 7.620000 5.080000 2.540000 0.000000 2.540000 5.080000 7.620000 10.776307 9.158100 8.032185 7.620000 8.032185 9.158100 10.776307 
57.032247 76.491350 15.625275 53.314150 21.267461 19.177947 17.210044 15.410410 13.844822 12.600819 11.780720 26.177271 24.509962 23.002830 21.689291 20.606399 19.792049 19.280300 51.097752 50.262955 49.446686 48.649878 54.998179 54.223464 53.467692 52.731680 10.160000 7.620000 5.080000 2.540000 0.000000 2.540000 5.080000 12.700000 10.776307 9.158100 8.032185 7.620000 8.032185 9.158100 
59.512963 78.358421 14.250082 52.927443 23.446095 21.267461 19.177947 17.210044 15.410410 13.844822 12.600819 27.976132 26.177271 24.509962 23.002830 21.689291 20.606399 19.792049 52.819401 51.950186 51.097752 50.262955 56.601312 55.791049 54.998179 54.223464 12.700000 10.160000 7.620000 5.080000 2.540000 0.000000 2.540000 14.810618 12.700000 10.776307 9.158100 8.032185 7.620000 8.032185 
61.998481 80.262451 13.224358 52.660545 25.691186 23.446095 21.267461 19.177947 17.210044 15.410410 13.844822 29.882798 27.976132 26.177271 24.509962 23.002830 21.689291 20.606399 54.604955 53.704582 52.819401 51.950186 58.271095 57.428230 56.601312 55.791049 15.240000 12.700000 10.160000 7.620000 5.080000 2.540000 0.000000 17.038838 14.810618 12.700000 10.776307 9.158100 8.032185 7.620000 
49.739485 63.887916 28.040834 48.927883 8.652358 6.478027 4.687172 3.857139 4.548480 6.277182 8.427369 13.844822 12.600819 11.780720 11.475771 11.726230 12.498752 13.705340 38.735282 37.968576 37.229414 36.519469 42.858165 42.166491 41.502163 40.866512 7.620000 8.032185 9.158100 10.776307 12.700000 14.810618 17.038838 0.000000 2.540000 5.080000 7.620000 10.160000 12.700000 15.240000 
52.072250 65.720382 26.336119 47.971248 10.984760 8.652358 6.478027 4.687172 3.857139 4.548480 6.277182 15.410410 13.844822 12.600819 11.780720 11.475771 11.726230 12.498752 40.344988 39.527929 38.735282 37.968576 44.318374 43.575881 42.858165 42.166491 8.032185 7.620000 8.032185 9.158100 10.776307 12.700000 14.810618 2.540000 0.000000 2.540000 5.080000 7.620000 10.160000 12.700000 
54.423572 67.598629 24.774931 47.132225 13.392901 10.984760 8.652358 6.478027 4.687172 3.857139 4.548480 17.210044 15.410410 13.844822 12.600819 11.780720 11.475771 11.726230 42.046608 41.185006 40.344988 39.527929 45.872840 45.084420 44.318374 43.575881 9.158100 8.032185 7.620000 8.032185 9.158100 10.776307 12.700000 5.080000 2.540000 0.000000 2.540000 5.080000 7.620000 10.160000 
56.791147 69.518946 23.386030 46.417193 15.842281 13.392901 10.984760 8.652358 6.478027 4.687172 3.857139 19.177947 17.210044 15.410410 13.844822 12.600819 11.780720 11.475771 43.829438 42.928493 42.046608 41.185006 47.512312 46.682499 45.872840 45.084420 10.776307 9.158100 8.032185 7.620000 8.032185 9.158100 10.776307 7.620000 5.080000 2.540000 0.000000 2.540000 5.080000 7.620000 
59.173024 71.477942 22.201775 45.831957 18.316362 15.842281 13.392901 10.984760 8.652358 6.478027 4.687172 21.267461 19.177947 17.210044 15.410410 13.844822 12.600819 11.780720 45.683971 44.748290 43.829438 42.928493 49.228299 48.361242 47.512312 46.682499 12.700000 10.776307 9.158100 8.032185 7.620000 8.032185 9.158100 10.160000 7.620000 5.080000 2.540000 0.000000 2.540000 5.080000 
61.567544 73.472524 21.256398 45.381536 20.806335 18.316362 15.842281 13.392901 10.984760 8.652358 6.478027 23.446095 21.267461 19.177947 17.210044 15.410410 13.844822 12.600819 47.601827 46.635466 45.683971 44.748290 51.013078 50.112542 49.228299 48.361242 14.810618 12.700000 10.776307 9.158100 8.032185 7.620000 8.032185 12.700000 10.160000 7.620000 5.080000 2.540000 0.000000 2.540000 
63.973285 75.499872 20.582839 45.069975 23.307107 20.806335 18.316362 15.842281 13.392901 10.984760 8.652358 25.691186 23.446095 21.267461 19.177947 17.210044 15.410410 13.844822 49.575659 48.582168 47.601827 46.635466 52.859684 51.929060 51.013078 50.112542 17.038838 14.810618 12.700000 10.776307 9.158100 8.032185 7.620000 15.240000 12.700000 10.160000 7.620000 5.080000 2.540000 0.000000 
