54
# Circuit board instance
Size: large
Nodes: 54
0.000000 115.000000 115.000000 162.634560 37.913215 39.867344 41.884384 43.955675 46.073900 48.232876 50.427370 43.288625 45.009980 46.805927 48.668209 50.589499 52.563329 54.583998 20.578370 22.535519 24.599454 26.745464 28.955306 31.215427 33.515656 26.278782 27.838008 29.533679 31.343658 33.249283 35.235039 37.288125 56.822138 57.524845 58.246767 58.987200 61.142393 61.795991 62.468573 63.159533 81.276383 82.852872 84.476325 86.144087 87.853636 89.602578 91.388653 87.432339 88.899729 90.414672 91.974818 93.577907 95.221769 96.904330 
115.000000 0.000000 162.634560 115.000000 94.610867 95.410740 96.271002 97.190049 98.166229 99.197856 100.283218 87.379112 88.244561 89.173982 90.165397 91.216784 92.326095 93.491267 102.438546 102.849580 103.321438 103.853292 104.444225 105.093241 105.799271 94.911332 95.354817 95.863573 96.436567 97.072660 97.770622 98.529137 74.168068 74.707795 75.265083 75.839545 69.585480 70.160469 70.753583 71.364371 70.945713 72.746424 74.590169 76.473836 78.394547 80.349647 82.336685 65.721059 67.660960 69.639476 71.653408 73.699853 75.776178 77.879991 
115.000000 162.634560 0.000000 115.000000 89.849461 87.411206 84.978911 82.553104 80.134374 77.723382 75.320869 92.246511 89.873311 87.509477 85.155788 82.813110 80.482403 78.164740 100.599209 98.083542 95.569162 93.056173 90.544692 88.034848 85.526784 101.918134 99.435840 96.956536 94.480456 92.007861 89.539039 87.074312 96.559861 95.457106 94.358556 93.264361 99.163720 98.090243 97.021513 95.957688 91.695074 89.902917 88.147522 86.431128 84.756105 83.124954 81.540309 97.193363 95.504439 93.853870 92.243716 90.676131 89.153359 87.677736 
162.634560 115.000000 115.000000 0.000000 124.846825 123.103709 121.388713 119.703046 118.047966 116.424775 114.834827 119.459713 117.636798 115.840894 114.073277 112.335281 110.628303 108.953801 142.092883 140.323083 138.577239 136.856267 135.161118 133.492775 131.852255 136.765831 134.926175 133.109565 131.316956 129.549345 127.807770 126.093308 107.684509 106.696794 105.715108 104.739620 104.581023 103.563713 102.552039 101.546170 82.676661 80.684436 78.723753 76.797029 74.906883 73.056155 71.247917 78.239336 76.131081 74.049933 71.998243 69.978600 67.993861 66.047173 
37.913215 94.610867 89.849461 124.846825 0.000000 2.540000 5.080000 7.620000 10.160000 12.700000 15.240000 7.620000 8.032185 9.158100 10.776307 12.700000 14.810618 17.038838 17.340221 15.476495 13.829812 12.486341 11.552356 11.131412 11.281088 13.760798 11.322463 8.940916 6.677200 4.704595 3.547482 3.992398 22.910639 23.075504 23.308500 23.607610 27.968702 28.103911 28.295531 28.542427 44.747451 45.995006 47.346066 48.792034 50.324729 51.936474 53.620141 51.599117 52.684676 53.868214 55.143423 56.504096 57.944214 59.458003 
39.867344 95.410740 87.411206 123.103709 2.540000 0.000000 2.540000 5.080000 7.620000 10.160000 12.700000 8.032185 7.620000 8.032185 9.158100 10.776307 12.700000 14.810618 19.358405 17.340221 15.476495 13.829812 12.486341 11.552356 11.131412 16.230346 13.760798 11.322463 8.940916 6.677200 4.704595 3.547482 22.790608 22.815383 22.910639 23.075504 27.870464 27.890726 27.968702 28.103911 43.612284 44.747451 45.995006 47.346066 48.792034 50.324729 51.936474 50.617842 51.599117 52.684676 53.868214 55.143423 56.504096 57.944214 
41.884384 96.271002 84.978911 121.388713 5.080000 2.540000 0.000000 2.540000 5.080000 7.620000 10.160000 9.158100 8.032185 7.620000 8.032185 9.158100 10.776307 12.700000 21.487569 19.358405 17.340221 15.476495 13.829812 12.486341 11.552356 18.718759 16.230346 13.760798 11.322463 8.940916 6.677200 4.704595 22.952766 22.836544 22.790608 22.815383 28.003221 27.908039 27.870464 27.890726 42.598492 43.612284 44.747451 45.995006 47.346066 48.792034 50.324729 49.747021 50.617842 51.599117 52.684676 53.868214 55.143423 56.504096 
43.955675 97.190049 82.553104 119.703046 7.620000 5.080000 2.540000 0.000000 2.540000 5.080000 7.620000 10.776307 9.158100 8.032185 7.620000 8.032185 9.158100 10.776307 23.697819 21.487569 19.358405 17.340221 15.476495 13.829812 12.486341 21.219400 18.718759 16.230346 13.760798 11.322463 8.940916 6.677200 23.391244 23.138214 22.952766 22.836544 28.363730 28.155424 28.003221 27.908039 41.714925 42.598492 43.612284 44.747451 45.995006 47.346066 48.792034 48.992545 49.747021 50.617842 51.599117 52.684676 53.868214 55.143423 
46.073900 98.166229 80.134374 118.047966 10.160000 7.620000 5.080000 2.540000 0.000000 2.540000 5.080000 12.700000 10.776307 9.158100 8.032185 7.620000 8.032185 9.158100 25.968458 23.697819 21.487569 19.358405 17.340221 15.476495 13.829812 23.728403 21.219400 18.718759 16.230346 13.760798 11.322463 8.940916 24.090959 23.709690 23.391244 23.138214 28.943483 28.626916 28.363730 28.155424 40.970008 41.714925 42.598492 43.612284 44.747451 45.995006 47.346066 48.359860 48.992545 49.747021 50.617842 51.599117 52.684676 53.868214 
48.232876 99.197856 77.723382 116.424775 12.700000 10.160000 7.620000 5.080000 2.540000 0.000000 2.540000 14.810618 12.700000 10.776307 9.158100 8.032185 7.620000 8.032185 28.284946 25.968458 23.697819 21.487569 19.358405 17.340221 15.476495 26.243370 23.728403 21.219400 18.718759 16.230346 13.760798 11.322463 25.030013 24.532122 24.090959 23.709690 29.729656 29.311703 28.943483 28.626916 40.371417 40.970008 41.714925 42.598492 43.612284 44.747451 45.995006 47.853797 48.359860 48.992545 49.747021 50.617842 51.599117 52.684676 
50.427370 100.283218 75.320869 114.834827 15.240000 12.700000 10.160000 7.620000 5.080000 2.540000 0.000000 17.038838 14.810618 12.700000 10.776307 9.158100 8.032185 7.620000 30.636886 28.284946 25.968458 23.697819 21.487569 19.358405 17.340221 28.762738 26.243370 23.728403 21.219400 18.718759 16.230346 13.760798 26.182665 25.581318 25.030013 24.532122 30.706398 30.195277 29.729656 29.311703 39.925735 40.371417 40.970008 41.714925 42.598492 43.612284 44.747451 47.478404 47.853797 48.359860 48.992545 49.747021 50.617842 51.599117 
43.288625 87.379112 92.246511 119.459713 7.620000 8.032185 9.158100 10.776307 12.700000 14.810618 17.038838 0.000000 2.540000 5.080000 7.620000 10.160000 12.700000 15.240000 22.981205 21.609590 20.462556 19.579612 18.997617 18.744622 18.833891 17.340221 15.476495 13.829812 12.486341 11.552356 11.131412 11.281088 15.350733 15.595721 15.938437 16.372748 20.385699 20.570810 20.831839 21.165977 38.188069 39.642588 41.202478 42.856234 44.593414 46.404651 48.281609 44.747451 45.995006 47.346066 48.792034 50.324729 51.936474 53.620141 
45.009980 88.244561 89.873311 117.636798 8.032185 7.620000 8.032185 9.158100 10.776307 12.700000 14.810618 2.540000 0.000000 2.540000 5.080000 7.620000 10.160000 12.700000 24.539771 22.981205 21.609590 20.462556 19.579612 18.997617 18.744622 19.358405 17.340221 15.476495 13.829812 12.486341 11.552356 11.131412 15.171007 15.208199 15.350733 15.595721 20.250708 20.278586 20.385699 20.570810 36.851399 38.188069 39.642588 41.202478 42.856234 44.593414 46.404651 43.612284 44.747451 45.995006 47.346066 48.792034 50.324729 51.936474 
46.805927 89.173982 87.509477 115.840894 9.158100 8.032185 7.620000 8.032185 9.158100 10.776307 12.700000 5.080000 2.540000 0.000000 2.540000 5.080000 7.620000 10.160000 26.252012 24.539771 22.981205 21.609590 20.462556 19.579612 18.997617 21.487569 19.358405 17.340221 15.476495 13.829812 12.486341 11.552356 15.413535 15.239926 15.171007 15.208199 20.433032 20.302391 20.250708 20.278586 35.645838 36.851399 38.188069 39.642588 41.202478 42.856234 44.593414 42.598492 43.612284 44.747451 45.995006 47.346066 48.792034 50.324729 
48.668209 90.165397 85.155788 114.073277 10.776307 9.158100 8.032185 7.620000 8.032185 9.158100 10.776307 7.620000 5.080000 2.540000 0.000000 2.540000 5.080000 7.620000 28.089840 26.252012 24.539771 22.981205 21.609590 20.462556 19.579612 23.697819 21.487569 19.358405 17.340221 15.476495 13.829812 12.486341 16.059200 15.688358 15.413535 15.239926 20.924379 20.641131 20.433032 20.302391 34.585101 35.645838 36.851399 38.188069 39.642588 41.202478 42.856234 41.714925 42.598492 43.612284 44.747451 45.995006 47.346066 48.792034 
50.589499 91.216784 82.813110 112.335281 12.700000 10.776307 9.158100 8.032185 7.620000 8.032185 9.158100 10.160000 7.620000 5.080000 2.540000 0.000000 2.540000 5.080000 30.030207 28.089840 26.252012 24.539771 22.981205 21.609590 20.462556 25.968458 23.697819 21.487569 19.358405 17.340221 15.476495 13.829812 17.062296 16.519595 16.059200 15.688358 21.703770 21.279773 20.924379 20.641131 33.682871 34.585101 35.645838 36.851399 38.188069 39.642588 41.202478 40.970008 41.714925 42.598492 43.612284 44.747451 45.995006 47.346066 
52.563329 92.326095 80.482403 110.628303 14.810618 12.700000 10.776307 9.158100 8.032185 7.620000 8.032185 12.700000 10.160000 7.620000 5.080000 2.540000 0.000000 2.540000 32.054496 30.030207 28.089840 26.252012 24.539771 22.981205 21.609590 28.284946 25.968458 23.697819 21.487569 19.358405 17.340221 15.476495 18.364345 17.679724 17.062296 16.519595 22.741611 22.192439 21.703770 21.279773 32.952171 33.682871 34.585101 35.645838 36.851399 38.188069 39.642588 40.371417 40.970008 41.714925 42.598492 43.612284 44.747451 45.995006 
54.583998 93.491267 78.164740 108.953801 17.038838 14.810618 12.700000 10.776307 9.158100 8.032185 7.620000 15.240000 12.700000 10.160000 7.620000 5.080000 2.540000 0.000000 34.147786 32.054496 30.030207 28.089840 26.252012 24.539771 22.981205 30.636886 28.284946 25.968458 23.697819 21.487569 19.358405 17.340221 19.906772 19.108937 18.364345 17.679724 24.004402 23.347017 22.741611 22.192439 32.404607 32.952171 33.682871 34.585101 35.645838 36.851399 38.188069 39.925735 40.371417 40.970008 41.714925 42.598492 43.612284 44.747451 
20.578370 102.438546 100.599209 142.092883 17.340221 19.358405 21.487569 23.697819 25.968458 28.284946 30.636886 22.981205 24.539771 26.252012 28.089840 30.030207 32.054496 34.147786 0.000000 2.540000 5.080000 7.620000 10.160000 12.700000 15.240000 7.620000 8.032185 9.158100 10.776307 12.700000 14.810618 17.038838 37.346162 37.896224 38.480353 39.097022 42.012047 42.501766 43.023411 43.575836 61.160500 62.621290 64.149422 65.740200 67.389188 69.092219 70.845394 67.602732 68.927125 70.318355 71.772534 73.285915 74.854909 76.476091 
22.535519 102.849580 98.083542 140.323083 15.476495 17.340221 19.358405 21.487569 23.697819 25.968458 28.284946 21.609590 22.981205 24.539771 26.252012 28.089840 30.030207 32.054496 2.540000 0.000000 2.540000 5.080000 7.620000 10.160000 12.700000 8.032185 7.620000 8.032185 9.158100 10.776307 12.700000 14.810618 36.354329 36.831693 37.346162 37.896224 41.132877 41.555384 42.012047 42.501766 59.771990 61.160500 62.621290 64.149422 65.740200 67.389188 69.092219 66.349178 67.602732 68.927125 70.318355 71.772534 73.285915 74.854909 
24.599454 103.321438 95.569162 138.577239 13.829812 15.476495 17.340221 19.358405 21.487569 23.697819 25.968458 20.462556 21.609590 22.981205 24.539771 26.252012 28.089840 30.030207 5.080000 2.540000 0.000000 2.540000 5.080000 7.620000 10.160000 9.158100 8.032185 7.620000 8.032185 9.158100 10.776307 12.700000 35.516783 35.915549 36.354329 36.831693 40.394532 40.745589 41.132877 41.555384 58.460910 59.771990 61.160500 62.621290 64.149422 65.740200 67.389188 65.170550 66.349178 67.602732 68.927125 70.318355 71.772534 73.285915 
26.745464 103.853292 93.056173 136.856267 12.486341 13.829812 15.476495 17.340221 19.358405 21.487569 23.697819 19.579612 20.462556 21.609590 22.981205 24.539771 26.252012 28.089840 7.620000 5.080000 2.540000 0.000000 2.540000 5.080000 7.620000 10.776307 9.158100 8.032185 7.620000 8.032185 9.158100 10.776307 34.844651 35.159393 35.516783 35.915549 39.804850 40.080659 40.394532 40.745589 57.232582 58.460910 59.771990 61.160500 62.621290 64.149422 65.740200 64.070984 65.170550 66.349178 67.602732 68.927125 70.318355 71.772534 
28.955306 104.444225 90.544692 135.161118 11.552356 12.486341 13.829812 15.476495 17.340221 19.358405 21.487569 18.997617 19.579612 20.462556 21.609590 22.981205 24.539771 26.252012 10.160000 7.620000 5.080000 2.540000 0.000000 2.540000 5.080000 12.700000 10.776307 9.158100 8.032185 7.620000 8.032185 9.158100 34.347646 34.573723 34.844651 35.159393 39.370510 39.567899 39.804850 40.080659 56.092442 57.232582 58.460910 59.771990 61.160500 62.621290 64.149422 63.054616 64.070984 65.170550 66.349178 67.602732 68.927125 70.318355 
31.215427 105.093241 88.034848 133.492775 11.131412 11.552356 12.486341 13.829812 15.476495 17.340221 19.358405 18.744622 18.997617 19.579612 20.462556 21.609590 22.981205 24.539771 12.700000 10.160000 7.620000 5.080000 2.540000 0.000000 2.540000 14.810618 12.700000 10.776307 9.158100 8.032185 7.620000 8.032185 34.033440 34.167309 34.347646 34.573723 39.096692 39.213280 39.370510 39.567899 55.045970 56.092442 57.232582 58.460910 59.771990 61.160500 62.621290 62.125530 63.054616 64.070984 65.170550 66.349178 67.602732 68.927125 
33.515656 105.799271 85.526784 131.852255 11.281088 11.131412 11.552356 12.486341 13.829812 15.476495 17.340221 18.833891 18.744622 18.997617 19.579612 20.462556 21.609590 22.981205 15.240000 12.700000 10.160000 7.620000 5.080000 2.540000 0.000000 17.038838 14.810618 12.700000 10.776307 9.158100 8.032185 7.620000 33.907115 33.946588 34.033440 34.167309 38.986777 39.021112 39.096692 39.213280 54.098603 55.045970 56.092442 57.232582 58.460910 59.771990 61.160500 61.287694 62.125530 63.054616 64.070984 65.170550 66.349178 67.602732 
26.278782 94.911332 101.918134 136.765831 13.760798 16.230346 18.718759 21.219400 23.728403 26.243370 28.762738 17.340221 19.358405 21.487569 23.697819 25.968458 28.284946 30.636886 7.620000 8.032185 9.158100 10.776307 12.700000 14.810618 17.038838 0.000000 2.540000 5.080000 7.620000 10.160000 12.700000 15.240000 30.595675 31.264729 31.970253 32.709886 35.056418 35.641835 36.262297 36.916037 55.020114 56.639492 58.324561 60.069793 61.870097 63.720804 65.617650 61.160500 62.621290 64.149422 65.740200 67.389188 69.092219 70.845394 
27.838008 95.354817 99.435840 134.926175 11.322463 13.760798 16.230346 18.718759 21.219400 23.728403 26.243370 15.476495 17.340221 19.358405 21.487569 23.697819 25.968458 28.284946 8.032185 7.620000 8.032185 9.158100 10.776307 12.700000 14.810618 2.540000 0.000000 2.540000 5.080000 7.620000 10.160000 12.700000 29.376806 29.965532 30.595675 31.264729 33.997851 34.507829 35.056418 35.641835 53.472394 55.020114 56.639492 58.324561 60.069793 61.870097 63.720804 59.771990 61.160500 62.621290 64.149422 65.740200 67.389188 69.092219 
29.533679 95.863573 96.956536 133.109565 8.940916 11.322463 13.760798 16.230346 18.718759 21.219400 23.728403 13.829812 15.476495 17.340221 19.358405 21.487569 23.697819 25.968458 9.158100 8.032185 7.620000 8.032185 9.158100 10.776307 12.700000 5.080000 2.540000 0.000000 2.540000 5.080000 7.620000 10.160000 28.333750 28.832034 29.376806 29.965532 33.100733 33.528246 33.997851 34.507829 52.002732 53.472394 55.020114 56.639492 58.324561 60.069793 61.870097 58.460910 59.771990 61.160500 62.621290 64.149422 65.740200 67.389188 
31.343658 96.436567 94.480456 131.316956 6.677200 8.940916 11.322463 13.760798 16.230346 18.718759 21.219400 12.486341 13.829812 15.476495 17.340221 19.358405 21.487569 23.697819 10.776307 9.158100 8.032185 7.620000 8.032185 9.158100 10.776307 7.620000 5.080000 2.540000 0.000000 2.540000 5.080000 7.620000 27.486528 27.884448 28.333750 28.832034 32.378486 32.716961 33.100733 33.528246 50.617927 52.002732 53.472394 55.020114 56.639492 58.324561 60.069793 57.232582 58.460910 59.771990 61.160500 62.621290 64.149422 65.740200 
33.249283 97.072660 92.007861 129.549345 4.704595 6.677200 8.940916 11.322463 13.760798 16.230346 18.718759 11.552356 12.486341 13.829812 15.476495 17.340221 19.358405 21.487569 12.700000 10.776307 9.158100 8.032185 7.620000 8.032185 9.158100 10.160000 7.620000 5.080000 2.540000 0.000000 2.540000 5.080000 26.853683 27.142252 27.486528 27.884448 31.843012 32.086742 32.378486 32.716961 49.325127 50.617927 52.002732 53.472394 55.020114 56.639492 58.324561 56.092442 57.232582 58.460910 59.771990 61.160500 62.621290 64.149422 
35.235039 97.770622 89.539039 127.807770 3.547482 4.704595 6.677200 8.940916 11.322463 13.760798 16.230346 11.131412 11.552356 12.486341 13.829812 15.476495 17.340221 19.358405 14.810618 12.700000 10.776307 9.158100 8.032185 7.620000 8.032185 12.700000 10.160000 7.620000 5.080000 2.540000 0.000000 2.540000 26.450605 26.622631 26.853683 27.142252 31.503835 31.648406 31.843012 32.086742 48.131746 49.325127 50.617927 52.002732 53.472394 55.020114 56.639492 55.045970 56.092442 57.232582 58.460910 59.771990 61.160500 62.621290 
37.288125 98.529137 87.074312 126.093308 3.992398 3.547482 4.704595 6.677200 8.940916 11.322463 13.760798 11.281088 11.131412 11.552356 12.486341 13.829812 15.476495 17.340221 17.038838 14.810618 12.700000 10.776307 9.158100 8.032185 7.620000 15.240000 12.700000 10.160000 7.620000 5.080000 2.540000 0.000000 26.287867 26.338761 26.450605 26.622631 31.367325 31.409990 31.503835 31.648406 47.045350 48.131746 49.325127 50.617927 52.002732 53.472394 55.020114 54.098603 55.045970 56.092442 57.232582 58.460910 59.771990 61.160500 
56.822138 74.168068 96.559861 107.684509 22.910639 22.790608 22.952766 23.391244 24.090959 25.030013 26.182665 15.350733 15.171007 15.413535 16.059200 17.062296 18.364345 19.906772 37.346162 36.354329 35.516783 34.844651 34.347646 34.033440 33.907115 30.595675 29.376806 28.333750 27.486528 26.853683 26.450605 26.287867 0.000000 1.270000 2.540000 3.810000 5.080000 5.236344 5.679613 6.350000 25.056029 27.001363 29.038696 31.149981 33.321163 35.541268 37.801677 30.669567 32.278342 34.000936 35.820930 37.724232 39.698860 41.734692 
57.524845 74.707795 95.457106 106.696794 23.075504 22.815383 22.836544 23.138214 23.709690 24.532122 25.581318 15.595721 15.208199 15.239926 15.688358 16.519595 17.679724 19.108937 37.896224 36.831693 35.915549 35.159393 34.573723 34.167309 33.946588 31.264729 29.965532 28.832034 27.884448 27.142252 26.622631 26.338761 1.270000 0.000000 1.270000 2.540000 5.236344 5.080000 5.236344 5.679613 24.124858 26.015884 28.009763 30.086054 32.228833 34.425687 36.666897 29.913651 31.458607 33.126494 34.899691 36.762963 38.703304 40.709693 
58.246767 75.265083 94.358556 105.715108 23.308500 22.910639 22.790608 22.952766 23.391244 24.090959 25.030013 15.938437 15.350733 15.171007 15.413535 16.059200 17.062296 18.364345 38.480353 37.346162 36.354329 35.516783 34.844651 34.347646 34.033440 31.970253 30.595675 29.376806 28.333750 27.486528 26.853683 26.450605 2.540000 1.270000 0.000000 1.270000 5.679613 5.236344 5.080000 5.236344 23.225821 25.056029 27.001363 29.038696 31.149981 33.321163 35.541268 29.193433 30.669567 32.278342 34.000936 35.820930 37.724232 39.698860 
58.987200 75.839545 93.264361 104.739620 23.607610 23.075504 22.815383 22.836544 23.138214 23.709690 24.532122 16.372748 15.595721 15.208199 15.239926 15.688358 16.519595 17.679724 39.097022 37.896224 36.831693 35.915549 35.159393 34.573723 34.167309 32.709886 31.264729 29.965532 28.832034 27.884448 27.142252 26.622631 3.810000 2.540000 1.270000 0.000000 6.350000 5.679613 5.236344 5.080000 22.362794 24.124858 26.015884 28.009763 30.086054 32.228833 34.425687 28.511617 29.913651 31.458607 33.126494 34.899691 36.762963 38.703304 
61.142393 69.585480 99.163720 104.581023 27.968702 27.870464 28.003221 28.363730 28.943483 29.729656 30.706398 20.385699 20.250708 20.433032 20.924379 21.703770 22.741611 24.004402 42.012047 41.132877 40.394532 39.804850 39.370510 39.096692 38.986777 35.056418 33.997851 33.100733 32.378486 31.843012 31.503835 31.367325 5.080000 5.236344 5.679613 6.350000 0.000000 1.270000 2.540000 3.810000 21.994895 24.187692 26.442705 28.745297 31.084896 33.453738 35.846026 26.817419 28.643376 30.571478 32.583595 34.665102 36.804227 38.991488 
61.795991 70.160469 98.090243 103.563713 28.103911 27.890726 27.908039 28.155424 28.626916 29.311703 30.195277 20.570810 20.278586 20.302391 20.641131 21.279773 22.192439 23.347017 42.501766 41.555384 40.745589 40.080659 39.567899 39.213280 39.021112 35.641835 34.507829 33.528246 32.716961 32.086742 31.648406 31.409990 5.236344 5.080000 5.236344 5.679613 1.270000 0.000000 1.270000 2.540000 20.927962 23.082396 25.308450 27.588793 29.911010 32.266062 34.647254 25.949531 27.716342 29.595882 31.568023 33.616471 35.728103 37.892357 
62.468573 70.753583 97.021513 102.552039 28.295531 27.968702 27.870464 28.003221 28.363730 28.943483 29.729656 20.831839 20.385699 20.250708 20.433032 20.924379 21.703770 22.741611 43.023411 42.012047 41.132877 40.394532 39.804850 39.370510 39.096692 36.262297 35.056418 33.997851 33.100733 32.378486 31.843012 31.503835 5.679613 5.236344 5.080000 5.236344 2.540000 1.270000 0.000000 1.270000 19.884908 21.994895 24.187692 26.442705 28.745297 31.084896 33.453738 25.115894 26.817419 28.643376 30.571478 32.583595 34.665102 36.804227 
63.159533 71.364371 95.957688 101.546170 28.542427 28.103911 27.890726 27.908039 28.155424 28.626916 29.311703 21.165977 20.570810 20.278586 20.302391 20.641131 21.279773 22.192439 43.575836 42.501766 41.555384 40.745589 40.080659 39.567899 39.213280 36.916037 35.641835 34.507829 33.528246 32.716961 32.086742 31.648406 6.350000 5.679613 5.236344 5.080000 3.810000 2.540000 1.270000 0.000000 18.869694 20.927962 23.082396 25.308450 27.588793 29.911010 32.266062 24.320032 25.949531 27.716342 29.595882 31.568023 33.616471 35.728103 
81.276383 70.945713 91.695074 82.676661 44.747451 43.612284 42.598492 41.714925 40.970008 40.371417 39.925735 38.188069 36.851399 35.645838 34.585101 33.682871 32.952171 32.404607 61.160500 59.771990 58.460910 57.232582 56.092442 55.045970 54.098603 55.020114 53.472394 52.002732 50.617927 49.325127 48.131746 47.045350 25.056029 24.124858 23.225821 22.362794 21.994895 20.927962 19.884908 18.869694 0.000000 2.540000 5.080000 7.620000 10.160000 12.700000 15.240000 7.620000 8.032185 9.158100 10.776307 12.700000 14.810618 17.038838 
82.852872 72.746424 89.902917 80.684436 45.995006 44.747451 43.612284 42.598492 41.714925 40.970008 40.371417 39.642588 38.188069 36.851399 35.645838 34.585101 33.682871 32.952171 62.621290 61.160500 59.771990 58.460910 57.232582 56.092442 55.045970 56.639492 55.020114 53.472394 52.002732 50.617927 49.325127 48.131746 27.001363 26.015884 25.056029 24.124858 24.187692 23.082396 21.994895 20.927962 2.540000 0.000000 2.540000 5.080000 7.620000 10.160000 12.700000 8.032185 7.620000 8.032185 9.158100 10.776307 12.700000 14.810618 
84.476325 74.590169 88.147522 78.723753 47.346066 45.995006 44.747451 43.612284 42.598492 41.714925 40.970008 41.202478 39.642588 38.188069 36.851399 35.645838 34.585101 33.682871 64.149422 62.621290 61.160500 59.771990 58.460910 57.232582 56.092442 58.324561 56.639492 55.020114 53.472394 52.002732 50.617927 49.325127 29.038696 28.009763 27.001363 26.015884 26.442705 25.308450 24.187692 23.082396 5.080000 2.540000 0.000000 2.540000 5.080000 7.620000 10.160000 9.158100 8.032185 7.620000 8.032185 9.158100 10.776307 12.700000 
86.144087 76.473836 86.431128 76.797029 48.792034 47.346066 45.995006 44.747451 43.612284 42.598492 41.714925 42.856234 41.202478 39.642588 38.188069 36.851399 35.645838 34.585101 65.740200 64.149422 62.621290 61.160500 59.771990 58.460910 57.232582 60.069793 58.324561 56.639492 55.020114 53.472394 52.002732 50.617927 31.149981 30.086054 29.038696 28.009763 28.745297 27.588793 26.442705 25.308450 7.620000 5.080000 2.540000 0.000000 2.540000 5.080000 7.620000 10.776307 9.158100 8.032185 7.620000 8.032185 9.158100 10.776307 
87.853636 78.394547 84.756105 74.906883 50.324729 48.792034 47.346066 45.995006 44.747451 43.612284 42.598492 44.593414 42.856234 41.202478 39.642588 38.188069 36.851399 35.645838 67.389188 65.740200 64.149422 62.621290 61.160500 59.771990 58.460910 61.870097 60.069793 58.324561 56.639492 55.020114 53.472394 52.002732 33.321163 32.228833 31.149981 30.086054 31.084896 29.911010 28.745297 27.588793 10.160000 7.620000 5.080000 2.540000 0.000000 2.540000 5.080000 12.700000 10.776307 9.158100 8.032185 7.620000 8.032185 9.158100 
89.602578 80.349647 83.124954 73.056155 51.936474 50.324729 48.792034 47.346066 45.995006 44.747451 43.612284 46.404651 44.593414 42.856234 41.202478 39.642588 38.188069 36.851399 69.092219 67.389188 65.740200 64.149422 62.621290 61.160500 59.771990 63.720804 61.870097 60.069793 58.324561 56.639492 55.020114 53.472394 35.541268 34.425687 33.321163 32.228833 33.453738 32.266062 31.084896 29.911010 12.700000 10.160000 7.620000 5.080000 2.540000 0.000000 2.540000 14.810618 12.700000 10.776307 9.158100 8.032185 7.620000 8.032185 
91.388653 82.336685 81.540309 71.247917 53.620141 51.936474 50.324729 48.792034 47.346066 45.995006 44.747451 48.281609 46.404651 44.593414 42.856234 41.202478 39.642588 38.188069 70.845394 69.092219 67.389188 65.740200 64.149422 62.621290 61.160500 65.617650 63.720804 61.870097 60.069793 58.324561 56.639492 55.020114 37.801677 36.666897 35.541268 34.425687 35.846026 34.647254 33.453738 32.266062 15.240000 12.700000 10.160000 7.620000 5.080000 2.540000 0.000000 17.038838 14.810618 12.700000 10.776307 9.158100 8.032185 7.620000 
87.432339 65.721059 97.193363 78.239336 51.599117 50.617842 49.747021 48.992545 48.359860 47.853797 47.478404 44.747451 43.612284 42.598492 41.714925 40.970008 40.371417 39.925735 67.602732 66.349178 65.170550 64.070984 63.054616 62.125530 61.287694 61.160500 59.771990 58.460910 57.232582 56.092442 55.045970 54.098603 30.669567 29.913651 29.193433 28.511617 26.817419 25.949531 25.115894 24.320032 7.620000 8.032185 9.158100 10.776307 12.700000 14.810618 17.038838 0.000000 2.540000 5.080000 7.620000 10.160000 12.700000 15.240000 
88.899729 67.660960 95.504439 76.131081 52.684676 51.599117 50.617842 49.747021 48.992545 48.359860 47.853797 45.995006 44.747451 43.612284 42.598492 41.714925 40.970008 40.371417 68.927125 67.602732 66.349178 65.170550 64.070984 63.054616 62.125530 62.621290 61.160500 59.771990 58.460910 57.232582 56.092442 55.045970 32.278342 31.458607 30.669567 29.913651 28.643376 27.716342 26.817419 25.949531 8.032185 7.620000 8.032185 9.158100 10.776307 12.700000 14.810618 2.540000 0.000000 2.540000 5.080000 7.620000 10.160000 12.700000 
90.414672 69.639476 93.853870 74.049933 53.868214 52.684676 51.599117 50.617842 49.747021 48.992545 48.359860 47.346066 45.995006 44.747451 43.612284 42.598492 41.714925 40.970008 70.318355 68.927125 67.602732 66.349178 65.170550 64.070984 63.054616 64.149422 62.621290 61.160500 59.771990 58.460910 57.232582 56.092442 34.000936 33.126494 32.278342 31.458607 30.571478 29.595882 28.643376 27.716342 9.158100 8.032185 7.620000 8.032185 9.158100 10.776307 12.700000 5.080000 2.540000 0.000000 2.540000 5.080000 7.620000 10.160000 
91.974818 71.653408 92.243716 71.998243 55.143423 53.868214 52.684676 51.599117 50.617842 49.747021 48.992545 48.792034 47.346066 45.995006 44.747451 43.612284 42.598492 41.714925 71.772534 70.318355 68.927125 67.602732 66.349178 65.170550 64.070984 65.740200 64.149422 62.621290 61.160500 59.771990 58.460910 57.232582 35.820930 34.899691 34.000936 33.126494 32.583595 31.568023 30.571478 29.595882 10.776307 9.158100 8.032185 7.620000 8.032185 9.158100 10.776307 7.620000 5.080000 2.540000 0.000000 2.540000 5.080000 7.620000 
93.577907 73.699853 90.676131 69.978600 56.504096 55.143423 53.868214 52.684676 51.599117 50.617842 49.747021 50.324729 48.792034 47.346066 45.995006 44.747451 43.612284 42.598492 73.285915 71.772534 70.318355 68.927125 67.602732 66.349178 65.170550 67.389188 65.740200 64.149422 62.621290 61.160500 59.771990 58.460910 37.724232 36.762963 35.820930 34.899691 34.665102 33.616471 32.583595 31.568023 12.700000 10.776307 9.158100 8.032185 7.620000 8.032185 9.158100 10.160000 7.620000 5.080000 2.540000 0.000000 2.540000 5.080000 
95.221769 75.776178 89.153359 67.993861 57.944214 56.504096 55.143423 53.868214 52.684676 51.599117 50.617842 51.936474 50.324729 48.792034 47.346066 45.995006 44.747451 43.612284 74.854909 73.285915 71.772534 70.318355 68.927125 67.602732 66.349178 69.092219 67.389188 65.740200 64.149422 62.621290 61.160500 59.771990 39.698860 38.703304 37.724232 36.762963 36.804227 35.728103 34.665102 33.616471 14.810618 12.700000 10.776307 9.158100 8.032185 7.620000 8.032185 12.700000 10.160000 7.620000 5.080000 2.540000 0.000000 2.540000 
96.904330 77.879991 87.677736 66.047173 59.458003 57.944214 56.504096 55.143423 53.868214 52.684676 51.599117 53.620141 51.936474 50.324729 48.792034 47.346066 45.995006 44.747451 76.476091 74.854909 73.285915 71.772534 70.318355 68.927125 67.602732 70.845394 69.092219 67.389188 65.740200 64.149422 62.621290 61.160500 41.734692 40.709693 39.698860 38.703304 38.991488 37.892357 36.804227 35.728103 17.038838 14.810618 12.700000 10.776307 9.158100 8.032185 7.620000 15.240000 12.700000 10.160000 7.620000 5.080000 2.540000 0.000000 
