59
# Circuit board instance
Size: large
Nodes: 59
0.000000 140.000000 140.000000 197.989899 134.951853 136.092414 137.235248 138.380299 137.271308 138.392754 139.516747 140.643224 80.389754 82.785920 85.190420 87.602569 90.021751 92.447415 94.879063 83.264677 85.580385 87.908484 90.248014 92.598108 94.957982 97.326925 143.410497 144.934136 146.485972 148.065120 149.670713 151.301911 152.957894 149.607988 151.069134 152.558577 154.075498 155.619092 157.188573 158.783175 43.359111 45.043466 46.805109 48.635644 50.527584 52.474287 54.469882 49.417416 50.901692 52.467006 54.106324 55.813127 57.581414 59.405694 141.376840 142.406023 143.472795 144.576325 145.715777 
140.000000 0.000000 197.989899 140.000000 145.334634 146.394325 147.457338 148.523602 142.587395 143.667351 144.750392 145.836449 135.959804 137.390190 138.852308 140.345167 141.867795 143.419246 144.998594 129.699507 131.198163 132.728510 134.289462 135.879966 137.498997 139.145557 88.706940 91.149626 93.597493 96.050144 98.507222 100.968405 103.433398 86.898220 89.390345 91.885091 94.382252 96.881640 99.383087 101.886442 110.544541 111.215992 111.941061 112.718716 113.547874 114.427417 115.356192 103.191879 103.910852 104.686531 105.517664 106.402952 107.341056 108.330603 154.418171 153.055010 151.722126 150.420326 149.150422 
140.000000 197.989899 0.000000 140.000000 62.538927 62.166387 61.817699 61.493267 67.398270 67.052734 66.729583 66.429145 69.764975 67.431059 65.112571 62.811220 60.528960 58.268034 56.031025 73.059193 70.833902 68.630466 66.451059 64.298125 62.174413 60.083023 127.698711 126.629751 125.603066 124.619700 123.680687 122.787045 121.939770 134.621470 133.607909 132.635250 131.704400 130.816252 129.971680 129.171540 116.740984 114.307299 111.878340 109.454422 107.035889 104.623112 102.216499 119.123993 116.739997 114.362719 111.992585 109.630059 107.275645 104.929887 57.155705 59.656006 62.159526 64.665891 67.174783 
197.989899 140.000000 140.000000 0.000000 82.590984 82.309252 82.046213 81.802048 77.654878 77.355170 77.075227 76.815262 129.960407 128.722583 127.523342 126.363781 125.245003 124.168110 123.134201 123.396115 122.091758 120.826721 119.602253 118.419612 117.280064 116.184876 60.077545 57.770619 55.484059 53.220487 50.982967 48.775084 46.601051 57.373258 54.952923 52.543887 50.147777 47.766539 45.402513 43.058533 154.817765 152.990985 151.184807 149.399979 147.637273 145.897493 144.181468 149.656302 147.765727 145.894874 144.044514 142.215445 140.408500 138.624544 84.405778 81.885284 79.366034 76.848150 74.331771 
134.951853 145.334634 62.538927 82.590984 0.000000 1.270000 2.540000 3.810000 5.080000 5.236344 5.679613 6.350000 55.840771 53.797108 51.797385 49.846892 47.951635 46.118425 44.354957 51.771431 49.560248 47.382048 45.241595 43.144509 41.097427 39.108204 66.281588 64.942460 63.676530 62.488248 61.382122 60.362669 59.434350 72.806756 71.589789 70.443419 69.371146 68.376455 67.462780 66.633451 96.743629 94.303616 91.869024 89.440295 87.017919 84.602443 82.194475 94.936788 92.449100 89.964335 87.482743 85.004601 82.530221 80.059950 9.280751 8.683044 8.806894 9.624485 10.981950 
136.092414 146.394325 62.166387 82.309252 1.270000 0.000000 1.270000 2.540000 5.236344 5.080000 5.236344 5.679613 56.877605 54.813752 52.791439 50.815627 48.891953 47.026815 45.227456 52.888101 50.661985 48.466746 46.306774 44.187242 42.114257 40.095039 66.977239 65.603149 64.300069 63.072402 61.924632 60.861280 59.886843 73.440625 72.189666 71.007561 69.897802 68.863887 67.909280 67.037369 97.965541 95.522971 93.085616 90.653897 88.228280 85.809282 83.397480 96.181657 93.692593 91.206337 88.723125 86.243222 83.766920 81.294548 8.111390 7.420078 7.564634 8.502529 10.013268 
137.235248 147.457338 61.817699 82.046213 2.540000 1.270000 0.000000 1.270000 5.679613 5.236344 5.080000 5.236344 57.923725 55.840771 53.797108 51.797385 49.846892 47.951635 46.118425 54.011547 51.771431 49.560248 47.382048 45.241595 43.144509 41.097427 67.689571 66.281588 64.942460 63.676530 62.488248 61.382122 60.362669 74.090841 72.806756 71.589789 70.443419 69.371146 68.376455 67.462780 99.188662 96.743629 94.303616 91.869024 89.440295 87.017919 84.602443 97.427176 94.936788 92.449100 89.964335 87.482743 85.004601 82.530221 6.977302 6.160005 6.333387 7.428399 9.118861 
138.380299 148.523602 61.493267 81.802048 3.810000 2.540000 1.270000 0.000000 6.350000 5.679613 5.236344 5.080000 58.978637 56.877605 54.813752 52.791439 50.815627 48.891953 47.026815 55.141355 52.888101 50.661985 48.466746 46.306774 44.187242 42.114257 68.418062 66.977239 65.603149 64.300069 63.072402 61.924632 60.861280 74.756980 73.440625 72.189666 71.007561 69.897802 68.863887 67.909280 100.412946 97.965541 95.522971 93.085616 90.653897 88.228280 85.809282 98.673318 96.181657 93.692593 91.206337 88.723125 86.243222 83.766920 5.898868 4.905055 5.121102 6.426119 8.322712 
137.271308 142.587395 67.398270 77.654878 5.080000 5.236344 5.679613 6.350000 0.000000 1.270000 2.540000 3.810000 58.946146 57.013904 55.130985 53.302617 51.534607 49.833378 48.206003 54.399617 52.299669 50.240379 48.226955 46.265385 44.362549 42.526331 62.070243 60.638183 59.280407 58.002131 56.808723 55.705637 54.698338 68.431504 67.135273 65.911473 64.764209 63.697618 62.715816 61.822842 98.258518 95.857075 93.462957 91.076743 88.699070 86.330644 83.972248 96.077995 93.620636 91.167807 88.719884 86.277284 83.840472 81.409970 12.096119 10.477243 9.280751 8.683044 8.806894 
138.392754 143.667351 67.052734 77.355170 5.236344 5.080000 5.236344 5.679613 1.270000 0.000000 1.270000 2.540000 59.929278 57.974165 56.065966 54.209634 52.410681 50.675218 49.009991 55.463398 53.344859 51.264634 49.227579 47.239281 45.306157 43.435577 62.812552 61.345247 59.949688 58.630999 57.394479 56.245547 55.189674 69.105516 67.774589 66.514064 65.328016 64.220571 63.195864 62.257977 99.461822 97.056915 94.659065 92.268823 89.886796 87.513654 85.150140 97.308266 94.848771 92.393633 89.943207 87.497890 85.058123 82.624398 11.224010 9.457004 8.111390 7.420078 7.564634 
139.516747 144.750392 66.729583 77.075227 5.679613 5.236344 5.080000 5.236344 2.540000 1.270000 0.000000 1.270000 60.923019 58.946146 57.013904 55.130985 53.302617 51.534607 49.833378 56.535692 54.399617 52.299669 50.240379 48.226955 46.265385 44.362549 63.571567 62.070243 60.638183 59.280407 58.002131 56.808723 55.705637 69.796130 68.431504 67.135273 65.911473 64.764209 63.697618 62.715816 100.666764 98.258518 95.857075 93.462957 91.076743 88.699070 86.330644 98.539546 96.077995 93.620636 91.167807 88.719884 86.277284 83.840472 10.433911 8.504294 6.977302 6.160005 6.333387 
140.643224 145.836449 66.429145 76.815262 6.350000 5.679613 5.236344 5.080000 3.810000 2.540000 1.270000 0.000000 61.926861 59.929278 57.974165 56.065966 54.209634 52.410681 50.675218 57.616024 55.463398 53.344859 51.264634 49.227579 47.239281 45.306157 64.346696 62.812552 61.345247 59.949688 58.630999 57.394479 56.245547 70.502858 69.105516 67.774589 66.514064 65.328016 64.220571 63.195864 101.873286 99.461822 97.056915 94.659065 92.268823 89.886796 87.513654 99.771796 97.308266 94.848771 92.393633 89.943207 87.497890 85.058123 9.745789 7.644405 5.898868 4.905055 5.121102 
80.389754 135.959804 69.764975 129.960407 55.840771 56.877605 57.923725 58.978637 58.946146 59.929278 60.923019 61.926861 0.000000 2.540000 5.080000 7.620000 10.160000 12.700000 15.240000 7.620000 8.032185 9.158100 10.776307 12.700000 14.810618 17.038838 88.797721 89.105690 89.484724 89.933926 90.452249 91.038512 91.691414 96.377306 96.661129 97.010648 97.425155 97.903826 98.445724 99.049812 48.033770 45.514832 42.998372 40.484852 37.974856 35.469132 32.968654 49.566945 47.130021 44.704574 42.292579 39.896474 37.519306 35.164914 61.387144 62.633612 63.956708 65.351777 66.814312 
82.785920 137.390190 67.431059 128.722583 53.797108 54.813752 55.840771 56.877605 57.013904 57.974165 58.946146 59.929278 2.540000 0.000000 2.540000 5.080000 7.620000 10.160000 12.700000 8.032185 7.620000 8.032185 9.158100 10.776307 12.700000 14.810618 88.561559 88.797721 89.105690 89.484724 89.933926 90.452249 91.038512 96.159761 96.377306 96.661129 97.010648 97.425155 97.903826 98.445724 50.554816 48.033770 45.514832 42.998372 40.484852 37.974856 35.469132 52.013733 49.566945 47.130021 44.704574 42.292579 39.896474 37.519306 59.164324 60.456639 61.826340 63.268402 64.777992 
85.190420 138.852308 65.112571 127.523342 51.797385 52.791439 53.797108 54.813752 55.130985 56.065966 57.013904 57.974165 5.080000 2.540000 0.000000 2.540000 5.080000 7.620000 10.160000 9.158100 8.032185 7.620000 8.032185 9.158100 10.776307 12.700000 88.397780 88.561559 88.797721 89.105690 89.484724 89.933926 90.452249 96.008944 96.159761 96.377306 96.661129 97.010648 97.425155 97.903826 53.077670 50.554816 48.033770 45.514832 42.998372 40.484852 37.974856 54.469055 52.013733 49.566945 47.130021 44.704574 42.292579 39.896474 56.968029 58.309041 59.728012 61.219521 62.778399 
87.602569 140.345167 62.811220 126.363781 49.846892 50.815627 51.797385 52.791439 53.302617 54.209634 55.130985 56.065966 7.620000 5.080000 2.540000 0.000000 2.540000 5.080000 7.620000 10.776307 9.158100 8.032185 7.620000 8.032185 9.158100 10.776307 88.306786 88.397780 88.561559 88.797721 89.105690 89.484724 89.933926 95.925170 96.008944 96.159761 96.377306 96.661129 97.010648 97.425155 55.602084 53.077670 50.554816 48.033770 45.514832 42.998372 40.484852 56.931808 54.469055 52.013733 49.566945 47.130021 44.704574 42.292579 54.801448 56.194187 57.665221 59.208716 60.819155 
90.021751 141.867795 60.528960 125.245003 47.951635 48.891953 49.846892 50.815627 51.534607 52.410681 53.302617 54.209634 10.160000 7.620000 5.080000 2.540000 0.000000 2.540000 5.080000 12.700000 10.776307 9.158100 8.032185 7.620000 8.032185 9.158100 88.288802 88.306786 88.397780 88.561559 88.797721 89.105690 89.484724 95.908615 95.925170 96.008944 96.159761 96.377306 96.661129 97.010648 58.127857 55.602084 53.077670 50.554816 48.033770 45.514832 42.998372 59.401067 56.931808 54.469055 52.013733 49.566945 47.130021 44.704574 52.668246 54.115913 55.641920 57.240000 58.904288 
92.447415 143.419246 58.268034 124.168110 46.118425 47.026815 47.951635 48.891953 49.833378 50.675218 51.534607 52.410681 12.700000 10.160000 7.620000 5.080000 2.540000 0.000000 2.540000 14.810618 12.700000 10.776307 9.158100 8.032185 7.620000 8.032185 88.343873 88.288802 88.306786 88.397780 88.561559 88.797721 89.105690 95.959313 95.908615 95.925170 96.008944 96.159761 96.377306 96.661129 60.654817 58.127857 55.602084 53.077670 50.554816 48.033770 45.514832 61.876052 59.401067 56.931808 54.469055 52.013733 49.566945 47.130021 50.572649 52.078602 53.662575 55.317866 57.038266 
94.879063 144.998594 56.031025 123.134201 44.354957 45.227456 46.118425 47.026815 48.206003 49.009991 49.833378 50.675218 15.240000 12.700000 10.160000 7.620000 5.080000 2.540000 0.000000 17.038838 14.810618 12.700000 10.776307 9.158100 8.032185 7.620000 88.471862 88.343873 88.288802 88.306786 88.397780 88.561559 88.797721 96.077158 95.959313 95.908615 95.925170 96.008944 96.159761 96.377306 63.182824 60.654817 58.127857 55.602084 53.077670 50.554816 48.033770 64.356105 61.876052 59.401067 56.931808 54.469055 52.013733 49.566945 48.519529 50.087250 51.732232 53.447340 55.226042 
83.264677 129.699507 73.059193 123.396115 51.771431 52.888101 54.011547 55.141355 54.399617 55.463398 56.535692 57.616024 7.620000 8.032185 9.158100 10.776307 12.700000 14.810618 17.038838 0.000000 2.540000 5.080000 7.620000 10.160000 12.700000 15.240000 81.225699 81.562264 81.976185 82.466296 83.031248 83.669527 84.379467 88.797721 89.105690 89.484724 89.933926 90.452249 91.038512 91.691414 47.683675 45.145207 42.606922 40.068854 37.531047 34.993558 32.456463 48.033770 45.514832 42.998372 40.484852 37.974856 35.469132 32.968654 58.155282 59.143175 60.222061 61.387144 62.633612 
85.580385 131.198163 70.833902 122.091758 49.560248 50.661985 51.771431 52.888101 52.299669 53.344859 54.399617 55.463398 8.032185 7.620000 8.032185 9.158100 10.776307 12.700000 14.810618 2.540000 0.000000 2.540000 5.080000 7.620000 10.160000 12.700000 80.967455 81.225699 81.562264 81.976185 82.466296 83.031248 83.669527 88.561559 88.797721 89.105690 89.484724 89.933926 90.452249 91.038512 50.222298 47.683675 45.145207 42.606922 40.068854 37.531047 34.993558 50.554816 48.033770 45.514832 42.998372 40.484852 37.974856 35.469132 55.803877 56.832658 57.954573 59.164324 60.456639 
87.908484 132.728510 68.630466 120.826721 47.382048 48.466746 49.560248 50.661985 50.240379 51.264634 52.299669 53.344859 9.158100 8.032185 7.620000 8.032185 9.158100 10.776307 12.700000 5.080000 2.540000 0.000000 2.540000 5.080000 7.620000 10.160000 80.788282 80.967455 81.225699 81.562264 81.976185 82.466296 83.031248 88.397780 88.561559 88.797721 89.105690 89.484724 89.933926 90.452249 52.761054 50.222298 47.683675 45.145207 42.606922 40.068854 37.531047 53.077670 50.554816 48.033770 45.514832 42.998372 40.484852 37.974856 53.469728 54.542553 55.710606 56.968029 58.309041 
90.248014 134.289462 66.451059 119.602253 45.241595 46.306774 47.382048 48.466746 48.226955 49.227579 50.240379 51.264634 10.776307 9.158100 8.032185 7.620000 8.032185 9.158100 10.776307 7.620000 5.080000 2.540000 0.000000 2.540000 5.080000 7.620000 80.688707 80.788282 80.967455 81.225699 81.562264 81.976185 82.466296 88.306786 88.397780 88.561559 88.797721 89.105690 89.484724 89.933926 55.299924 52.761054 50.222298 47.683675 45.145207 42.606922 40.068854 55.602084 53.077670 50.554816 48.033770 45.514832 42.998372 40.484852 51.155196 52.275543 53.493120 54.801448 56.194187 
92.598108 135.879966 64.298125 118.419612 43.144509 44.187242 45.241595 46.306774 46.265385 47.239281 48.226955 49.227579 12.700000 10.776307 9.158100 8.032185 7.620000 8.032185 9.158100 10.160000 7.620000 5.080000 2.540000 0.000000 2.540000 5.080000 80.669024 80.688707 80.788282 80.967455 81.225699 81.562264 81.976185 88.288802 88.306786 88.397780 88.561559 88.797721 89.105690 89.484724 57.838893 55.299924 52.761054 50.222298 47.683675 45.145207 42.606922 58.127857 55.602084 53.077670 50.554816 48.033770 45.514832 42.998372 48.863069 50.034767 51.305550 52.668246 54.115913 
94.957982 137.498997 62.174413 117.280064 41.097427 42.114257 43.144509 44.187242 44.362549 45.306157 46.265385 47.239281 14.810618 12.700000 10.776307 9.158100 8.032185 7.620000 8.032185 12.700000 10.160000 7.620000 5.080000 2.540000 0.000000 2.540000 80.729293 80.669024 80.688707 80.788282 80.967455 81.225699 81.562264 88.343873 88.288802 88.306786 88.397780 88.561559 88.797721 89.105690 60.377949 57.838893 55.299924 52.761054 50.222298 47.683675 45.145207 60.654817 58.127857 55.602084 53.077670 50.554816 48.033770 45.514832 46.596655 47.823912 49.151888 50.572649 52.078602 
97.326925 139.145557 60.083023 116.184876 39.108204 40.095039 41.097427 42.114257 42.526331 43.435577 44.362549 45.306157 17.038838 14.810618 12.700000 10.776307 9.158100 8.032185 7.620000 15.240000 12.700000 10.160000 7.620000 5.080000 2.540000 0.000000 80.869335 80.729293 80.669024 80.688707 80.788282 80.967455 81.225699 88.471862 88.343873 88.288802 88.306786 88.397780 88.561559 88.797721 62.917081 60.377949 57.838893 55.299924 52.761054 50.222298 47.683675 63.182824 60.654817 58.127857 55.602084 53.077670 50.554816 48.033770 44.359893 45.647327 47.036794 48.519529 50.087250 
143.410497 88.706940 127.698711 60.077545 66.281588 66.977239 67.689571 68.418062 62.070243 62.812552 63.571567 64.346696 88.797721 88.561559 88.397780 88.306786 88.288802 88.343873 88.471862 81.225699 80.967455 80.788282 80.688707 80.669024 80.729293 80.869335 0.000000 2.540000 5.080000 7.620000 10.160000 12.700000 15.240000 7.620000 8.032185 9.158100 10.776307 12.700000 14.810618 17.038838 100.190821 98.763457 97.381432 96.046705 94.761273 93.527169 92.346452 94.033793 92.511480 91.034592 89.605374 88.226143 86.899280 85.627219 74.002910 71.989745 70.010852 68.069219 66.168127 
144.934136 91.149626 126.629751 57.770619 64.942460 65.603149 66.281588 66.977239 60.638183 61.345247 62.070243 62.812552 89.105690 88.797721 88.561559 88.397780 88.306786 88.288802 88.343873 81.562264 81.225699 80.967455 80.788282 80.688707 80.669024 80.729293 2.540000 0.000000 2.540000 5.080000 7.620000 10.160000 12.700000 8.032185 7.620000 8.032185 9.158100 10.776307 12.700000 14.810618 101.661616 100.190821 98.763457 97.381432 96.046705 94.761273 93.527169 95.599360 94.033793 92.511480 91.034592 89.605374 88.226143 86.899280 72.503818 70.447827 68.424355 66.436372 64.487161 
146.485972 93.597493 125.603066 55.484059 63.676530 64.300069 64.942460 65.603149 59.280407 59.949688 60.638183 61.345247 89.484724 89.105690 88.797721 88.561559 88.397780 88.306786 88.288802 81.976185 81.562264 81.225699 80.967455 80.788282 80.688707 80.669024 5.080000 2.540000 0.000000 2.540000 5.080000 7.620000 10.160000 9.158100 8.032185 7.620000 8.032185 9.158100 10.776307 12.700000 103.173983 101.661616 100.190821 98.763457 97.381432 96.046705 94.761273 97.206092 95.599360 94.033793 92.511480 91.034592 89.605374 88.226143 71.063913 68.965010 66.896701 64.861913 62.863902 
148.065120 96.050144 124.619700 53.220487 62.488248 63.072402 63.676530 64.300069 58.002131 58.630999 59.280407 59.949688 89.933926 89.484724 89.105690 88.797721 88.561559 88.397780 88.306786 82.466296 81.976185 81.562264 81.225699 80.967455 80.788282 80.688707 7.620000 5.080000 2.540000 0.000000 2.540000 5.080000 7.620000 10.776307 9.158100 8.032185 7.620000 8.032185 9.158100 10.776307 104.726122 103.173983 101.661616 100.190821 98.763457 97.381432 96.046705 98.851981 97.206092 95.599360 94.033793 92.511480 91.034592 89.605374 69.686865 67.545185 65.432010 63.350194 61.302932 
149.670713 98.507222 123.680687 50.982967 61.382122 61.924632 62.488248 63.072402 56.808723 57.394479 58.002131 58.630999 90.452249 89.933926 89.484724 89.105690 88.797721 88.561559 88.397780 83.031248 82.466296 81.976185 81.562264 81.225699 80.967455 80.788282 10.160000 7.620000 5.080000 2.540000 0.000000 2.540000 5.080000 12.700000 10.776307 9.158100 8.032185 7.620000 8.032185 9.158100 106.316291 104.726122 103.173983 101.661616 100.190821 98.763457 97.381432 100.535104 98.851981 97.206092 95.599360 94.033793 92.511480 91.034592 68.376471 66.192405 64.034604 61.905813 59.809131 
151.301911 100.968405 122.787045 48.775084 60.362669 60.861280 61.382122 61.924632 55.705637 56.245547 56.808723 57.394479 91.038512 90.452249 89.933926 89.484724 89.105690 88.797721 88.561559 83.669527 83.031248 82.466296 81.976185 81.562264 81.225699 80.967455 12.700000 10.160000 7.620000 5.080000 2.540000 0.000000 2.540000 14.810618 12.700000 10.776307 9.158100 8.032185 7.620000 8.032185 107.942808 106.316291 104.726122 103.173983 101.661616 100.190821 98.763457 102.253623 100.535104 98.851981 97.206092 95.599360 94.033793 92.511480 67.136633 64.910864 62.708981 60.533590 58.387652 
152.957894 103.433398 121.939770 46.601051 59.434350 59.886843 60.362669 60.861280 54.698338 55.189674 55.705637 56.245547 91.691414 91.038512 90.452249 89.933926 89.484724 89.105690 88.797721 84.379467 83.669527 83.031248 82.466296 81.976185 81.562264 81.225699 15.240000 12.700000 10.160000 7.620000 5.080000 2.540000 0.000000 17.038838 14.810618 12.700000 10.776307 9.158100 8.032185 7.620000 109.604057 107.942808 106.316291 104.726122 103.173983 101.661616 100.190821 104.005783 102.253623 100.535104 98.851981 97.206092 95.599360 94.033793 65.971331 63.704861 61.459786 59.238539 57.043903 
149.607988 86.898220 134.621470 57.373258 72.806756 73.440625 74.090841 74.756980 68.431504 69.105516 69.796130 70.502858 96.377306 96.159761 96.008944 95.925170 95.908615 95.959313 96.077158 88.797721 88.561559 88.397780 88.306786 88.288802 88.343873 88.471862 7.620000 8.032185 9.158100 10.776307 12.700000 14.810618 17.038838 0.000000 2.540000 5.080000 7.620000 10.160000 12.700000 15.240000 106.537204 105.195987 103.899560 102.649621 101.447889 100.296095 99.195980 100.190821 98.763457 97.381432 96.046705 94.761273 93.527169 92.346452 80.222014 78.121410 76.047624 74.002910 71.989745 
151.069134 89.390345 133.607909 54.952923 71.589789 72.189666 72.806756 73.440625 67.135273 67.774589 68.431504 69.105516 96.661129 96.377306 96.159761 96.008944 95.925170 95.908615 95.959313 89.105690 88.797721 88.561559 88.397780 88.306786 88.288802 88.343873 8.032185 7.620000 8.032185 9.158100 10.776307 12.700000 14.810618 2.540000 0.000000 2.540000 5.080000 7.620000 10.160000 12.700000 107.921543 106.537204 105.195987 103.899560 102.649621 101.447889 100.296095 101.661616 100.190821 98.763457 97.381432 96.046705 94.761273 93.527169 78.841261 76.702853 74.589638 72.503818 70.447827 
152.558577 91.885091 132.635250 52.543887 70.443419 71.007561 71.589789 72.189666 65.911473 66.514064 67.135273 67.774589 97.010648 96.661129 96.377306 96.159761 96.008944 95.925170 95.908615 89.484724 89.105690 88.797721 88.561559 88.397780 88.306786 88.288802 9.158100 8.032185 7.620000 8.032185 9.158100 10.776307 12.700000 5.080000 2.540000 0.000000 2.540000 5.080000 7.620000 10.160000 109.347364 107.921543 106.537204 105.195987 103.899560 102.649621 101.447889 103.173983 101.661616 100.190821 98.763457 97.381432 96.046705 94.761273 77.519163 75.343240 73.190780 71.063913 68.965010 
154.075498 94.382252 131.704400 50.147777 69.371146 69.897802 70.443419 71.007561 64.764209 65.328016 65.911473 66.514064 97.425155 97.010648 96.661129 96.377306 96.159761 96.008944 95.925170 89.933926 89.484724 89.105690 88.797721 88.561559 88.397780 88.306786 10.776307 9.158100 8.032185 7.620000 8.032185 9.158100 10.776307 7.620000 5.080000 2.540000 0.000000 2.540000 5.080000 7.620000 110.813067 109.347364 107.921543 106.537204 105.195987 103.899560 102.649621 104.726122 103.173983 101.661616 100.190821 98.763457 97.381432 96.046705 76.258770 74.045818 71.854503 69.686865 67.545185 
155.619092 96.881640 130.816252 47.766539 68.376455 68.863887 69.371146 69.897802 63.697618 64.220571 64.764209 65.328016 97.903826 97.425155 97.010648 96.661129 96.377306 96.159761 96.008944 90.452249 89.933926 89.484724 89.105690 88.797721 88.561559 88.397780 12.700000 10.776307 9.158100 8.032185 7.620000 8.032185 9.158100 10.160000 7.620000 5.080000 2.540000 0.000000 2.540000 5.080000 112.317091 110.813067 109.347364 107.921543 106.537204 105.195987 103.899560 106.316291 104.726122 103.173983 101.661616 100.190821 98.763457 97.381432 75.063191 72.813912 70.584362 68.376471 66.192405 
157.188573 99.383087 129.971680 45.402513 67.462780 67.909280 68.376455 68.863887 62.715816 63.195864 63.697618 64.220571 98.445724 97.903826 97.425155 97.010648 96.661129 96.377306 96.159761 91.038512 90.452249 89.933926 89.484724 89.105690 88.797721 88.561559 14.810618 12.700000 10.776307 9.158100 8.032185 7.620000 8.032185 12.700000 10.160000 7.620000 5.080000 2.540000 0.000000 2.540000 113.857916 112.317091 110.813067 109.347364 107.921543 106.537204 105.195987 107.942808 106.316291 104.726122 103.173983 101.661616 100.190821 98.763457 73.935569 71.650901 69.383989 67.136633 64.910864 
158.783175 101.886442 129.171540 43.058533 66.633451 67.037369 67.462780 67.909280 61.822842 62.257977 62.715816 63.195864 99.049812 98.445724 97.903826 97.425155 97.010648 96.661129 96.377306 91.691414 91.038512 90.452249 89.933926 89.484724 89.105690 88.797721 17.038838 14.810618 12.700000 10.776307 9.158100 8.032185 7.620000 15.240000 12.700000 10.160000 7.620000 5.080000 2.540000 0.000000 115.434070 113.857916 112.317091 110.813067 109.347364 107.921543 106.537204 109.604057 107.942808 106.316291 104.726122 103.173983 101.661616 100.190821 72.879060 70.560191 68.257065 65.971331 63.704861 
43.359111 110.544541 116.740984 154.817765 96.743629 97.965541 99.188662 100.412946 98.258518 99.461822 100.666764 101.873286 48.033770 50.554816 53.077670 55.602084 58.127857 60.654817 63.182824 47.683675 50.222298 52.761054 55.299924 57.838893 60.377949 62.917081 100.190821 101.661616 103.173983 104.726122 106.316291 107.942808 109.604057 106.537204 107.921543 109.347364 110.813067 112.317091 113.857916 115.434070 0.000000 2.540000 5.080000 7.620000 10.160000 12.700000 15.240000 7.620000 8.032185 9.158100 10.776307 12.700000 14.810618 17.038838 104.277866 104.871046 105.522048 106.229808 106.993200 
45.043466 111.215992 114.307299 152.990985 94.303616 95.522971 96.743629 97.965541 95.857075 97.056915 98.258518 99.461822 45.514832 48.033770 50.554816 53.077670 55.602084 58.127857 60.654817 45.145207 47.683675 50.222298 52.761054 55.299924 57.838893 60.377949 98.763457 100.190821 101.661616 103.173983 104.726122 106.316291 107.942808 105.195987 106.537204 107.921543 109.347364 110.813067 112.317091 113.857916 2.540000 0.000000 2.540000 5.080000 7.620000 10.160000 12.700000 8.032185 7.620000 8.032185 9.158100 10.776307 12.700000 14.810618 101.802821 102.410339 103.076883 103.801316 104.582436 
46.805109 111.941061 111.878340 151.184807 91.869024 93.085616 94.303616 95.522971 93.462957 94.659065 95.857075 97.056915 42.998372 45.514832 48.033770 50.554816 53.077670 55.602084 58.127857 42.606922 45.145207 47.683675 50.222298 52.761054 55.299924 57.838893 97.381432 98.763457 100.190821 101.661616 103.173983 104.726122 106.316291 103.899560 105.195987 106.537204 107.921543 109.347364 110.813067 112.317091 5.080000 2.540000 0.000000 2.540000 5.080000 7.620000 10.160000 9.158100 8.032185 7.620000 8.032185 9.158100 10.776307 12.700000 99.331056 99.953598 100.636415 101.378289 102.177934 
48.635644 112.718716 109.454422 149.399979 89.440295 90.653897 91.869024 93.085616 91.076743 92.268823 93.462957 94.659065 40.484852 42.998372 45.514832 48.033770 50.554816 53.077670 55.602084 40.068854 42.606922 45.145207 47.683675 50.222298 52.761054 55.299924 96.046705 97.381432 98.763457 100.190821 101.661616 103.173983 104.726122 102.649621 103.899560 105.195987 106.537204 107.921543 109.347364 110.813067 7.620000 5.080000 2.540000 0.000000 2.540000 5.080000 7.620000 10.776307 9.158100 8.032185 7.620000 8.032185 9.158100 10.776307 96.862822 97.501125 98.200996 98.961129 99.780147 
50.527584 113.547874 107.035889 147.637273 87.017919 88.228280 89.440295 90.653897 88.699070 89.886796 91.076743 92.268823 37.974856 40.484852 42.998372 45.514832 48.033770 50.554816 53.077670 37.531047 40.068854 42.606922 45.145207 47.683675 50.222298 52.761054 94.761273 96.046705 97.381432 98.763457 100.190821 101.661616 103.173983 101.447889 102.649621 103.899560 105.195987 106.537204 107.921543 109.347364 10.160000 7.620000 5.080000 2.540000 0.000000 2.540000 5.080000 12.700000 10.776307 9.158100 8.032185 7.620000 8.032185 9.158100 94.398395 95.053249 95.771010 96.550276 97.389571 
52.474287 114.427417 104.623112 145.897493 84.602443 85.809282 87.017919 88.228280 86.330644 87.513654 88.699070 89.886796 35.469132 37.974856 40.484852 42.998372 45.514832 48.033770 50.554816 34.993558 37.531047 40.068854 42.606922 45.145207 47.683675 50.222298 93.527169 94.761273 96.046705 97.381432 98.763457 100.190821 101.661616 100.296095 101.447889 102.649621 103.899560 105.195987 106.537204 107.921543 12.700000 10.160000 7.620000 5.080000 2.540000 0.000000 2.540000 14.810618 12.700000 10.776307 9.158100 8.032185 7.620000 8.032185 91.938082 92.610334 93.346882 94.146215 95.006749 
54.469882 115.356192 102.216499 144.181468 82.194475 83.397480 84.602443 85.809282 83.972248 85.150140 86.330644 87.513654 32.968654 35.469132 37.974856 40.484852 42.998372 45.514832 48.033770 32.456463 34.993558 37.531047 40.068854 42.606922 45.145207 47.683675 92.346452 93.527169 94.761273 96.046705 97.381432 98.763457 100.190821 99.195980 100.296095 101.447889 102.649621 103.899560 105.195987 106.537204 15.240000 12.700000 10.160000 7.620000 5.080000 2.540000 0.000000 17.038838 14.810618 12.700000 10.776307 9.158100 8.032185 7.620000 89.482222 90.172785 90.929079 91.749479 92.632281 
49.417416 103.191879 119.123993 149.656302 94.936788 96.181657 97.427176 98.673318 96.077995 97.308266 98.539546 99.771796 49.566945 52.013733 54.469055 56.931808 59.401067 61.876052 64.356105 48.033770 50.554816 53.077670 55.602084 58.127857 60.654817 63.182824 94.033793 95.599360 97.206092 98.851981 100.535104 102.253623 104.005783 100.190821 101.661616 103.173983 104.726122 106.316291 107.942808 109.604057 7.620000 8.032185 9.158100 10.776307 12.700000 14.810618 17.038838 0.000000 2.540000 5.080000 7.620000 10.160000 12.700000 15.240000 102.854768 103.268857 103.743498 104.277866 104.871046 
50.901692 103.910852 116.739997 147.765727 92.449100 93.692593 94.936788 96.181657 93.620636 94.848771 96.077995 97.308266 47.130021 49.566945 52.013733 54.469055 56.931808 59.401067 61.876052 45.514832 48.033770 50.554816 53.077670 55.602084 58.127857 60.654817 92.511480 94.033793 95.599360 97.206092 98.851981 100.535104 102.253623 98.763457 100.190821 101.661616 103.173983 104.726122 106.316291 107.942808 8.032185 7.620000 8.032185 9.158100 10.776307 12.700000 14.810618 2.540000 0.000000 2.540000 5.080000 7.620000 10.160000 12.700000 100.344628 100.769032 101.255393 101.802821 102.410339 
52.467006 104.686531 114.362719 145.894874 89.964335 91.206337 92.449100 93.692593 91.167807 92.393633 93.620636 94.848771 44.704574 47.130021 49.566945 52.013733 54.469055 56.931808 59.401067 42.998372 45.514832 48.033770 50.554816 53.077670 55.602084 58.127857 91.034592 92.511480 94.033793 95.599360 97.206092 98.851981 100.535104 97.381432 98.763457 100.190821 101.661616 103.173983 104.726122 106.316291 9.158100 8.032185 7.620000 8.032185 9.158100 10.776307 12.700000 5.080000 2.540000 0.000000 2.540000 5.080000 7.620000 10.160000 97.836030 98.271268 98.769929 99.331056 99.953598 
54.106324 105.517664 111.992585 144.044514 87.482743 88.723125 89.964335 91.206337 88.719884 89.943207 91.167807 92.393633 42.292579 44.704574 47.130021 49.566945 52.013733 54.469055 56.931808 40.484852 42.998372 45.514832 48.033770 50.554816 53.077670 55.602084 89.605374 91.034592 92.511480 94.033793 95.599360 97.206092 98.851981 96.046705 97.381432 98.763457 100.190821 101.661616 103.173983 104.726122 10.776307 9.158100 8.032185 7.620000 8.032185 9.158100 10.776307 7.620000 5.080000 2.540000 0.000000 2.540000 5.080000 7.620000 95.329094 95.775726 96.287312 96.862822 97.501125 
55.813127 106.402952 109.630059 142.215445 85.004601 86.243222 87.482743 88.723125 86.277284 87.497890 88.719884 89.943207 39.896474 42.292579 44.704574 47.130021 49.566945 52.013733 54.469055 37.974856 40.484852 42.998372 45.514832 48.033770 50.554816 53.077670 88.226143 89.605374 91.034592 92.511480 94.033793 95.599360 97.206092 94.761273 96.046705 97.381432 98.763457 100.190821 101.661616 103.173983 12.700000 10.776307 9.158100 8.032185 7.620000 8.032185 9.158100 10.160000 7.620000 5.080000 2.540000 0.000000 2.540000 5.080000 92.823957 93.282584 93.807767 94.398395 95.053249 
57.581414 107.341056 107.275645 140.408500 82.530221 83.766920 85.004601 86.243222 83.840472 85.058123 86.277284 87.497890 37.519306 39.896474 42.292579 44.704574 47.130021 49.566945 52.013733 35.469132 37.974856 40.484852 42.998372 45.514832 48.033770 50.554816 86.899280 88.226143 89.605374 91.034592 92.511480 94.033793 95.599360 93.527169 94.761273 96.046705 97.381432 98.763457 100.190821 101.661616 14.810618 12.700000 10.776307 9.158100 8.032185 7.620000 8.032185 12.700000 10.160000 7.620000 5.080000 2.540000 0.000000 2.540000 90.320767 90.792039 91.331545 91.938082 92.610334 
59.405694 108.330603 104.929887 138.624544 80.059950 81.294548 82.530221 83.766920 81.409970 82.624398 83.840472 85.058123 35.164914 37.519306 39.896474 42.292579 44.704574 47.130021 49.566945 32.968654 35.469132 37.974856 40.484852 42.998372 45.514832 48.033770 85.627219 86.899280 88.226143 89.605374 91.034592 92.511480 94.033793 92.346452 93.527169 94.761273 96.046705 97.381432 98.763457 100.190821 17.038838 14.810618 12.700000 10.776307 9.158100 8.032185 7.620000 15.240000 12.700000 10.160000 7.620000 5.080000 2.540000 0.000000 87.819691 88.304312 88.858923 89.482222 90.172785 
141.376840 154.418171 57.155705 84.405778 9.280751 8.111390 6.977302 5.898868 12.096119 11.224010 10.433911 9.745789 61.387144 59.164324 56.968029 54.801448 52.668246 50.572649 48.519529 58.155282 55.803877 53.469728 51.155196 48.863069 46.596655 44.359893 74.002910 72.503818 71.063913 69.686865 68.376471 67.136633 65.971331 80.222014 78.841261 77.519163 76.258770 75.063191 73.935569 72.879060 104.277866 101.802821 99.331056 96.862822 94.398395 91.938082 89.482222 102.854768 100.344628 97.836030 95.329094 92.823957 90.320767 87.819691 0.000000 2.540000 5.080000 7.620000 10.160000 
142.406023 153.055010 59.656006 81.885284 8.683044 7.420078 6.160005 4.905055 10.477243 9.457004 8.504294 7.644405 62.633612 60.456639 58.309041 56.194187 54.115913 52.078602 50.087250 59.143175 56.832658 54.542553 52.275543 50.034767 47.823912 45.647327 71.989745 70.447827 68.965010 67.545185 66.192405 64.910864 63.704861 78.121410 76.702853 75.343240 74.045818 72.813912 71.650901 70.560191 104.871046 102.410339 99.953598 97.501125 95.053249 92.610334 90.172785 103.268857 100.769032 98.271268 95.775726 93.282584 90.792039 88.304312 2.540000 0.000000 2.540000 5.080000 7.620000 
143.472795 151.722126 62.159526 79.366034 8.806894 7.564634 6.333387 5.121102 9.280751 8.111390 6.977302 5.898868 63.956708 61.826340 59.728012 57.665221 55.641920 53.662575 51.732232 60.222061 57.954573 55.710606 53.493120 51.305550 49.151888 47.036794 70.010852 68.424355 66.896701 65.432010 64.034604 62.708981 61.459786 76.047624 74.589638 73.190780 71.854503 70.584362 69.383989 68.257065 105.522048 103.076883 100.636415 98.200996 95.771010 93.346882 90.929079 103.743498 101.255393 98.769929 96.287312 93.807767 91.331545 88.858923 5.080000 2.540000 0.000000 2.540000 5.080000 
144.576325 150.420326 64.665891 76.848150 9.624485 8.502529 7.428399 6.426119 8.683044 7.420078 6.160005 4.905055 65.351777 63.268402 61.219521 59.208716 57.240000 55.317866 53.447340 61.387144 59.164324 56.968029 54.801448 52.668246 50.572649 48.519529 68.069219 66.436372 64.861913 63.350194 61.905813 60.533590 59.238539 74.002910 72.503818 71.063913 69.686865 68.376471 67.136633 65.971331 106.229808 103.801316 101.378289 98.961129 96.550276 94.146215 91.749479 104.277866 101.802821 99.331056 96.862822 94.398395 91.938082 89.482222 7.620000 5.080000 2.540000 0.000000 2.540000 
145.715777 149.150422 67.174783 74.331771 10.981950 10.013268 9.118861 8.322712 8.806894 7.564634 6.333387 5.121102 66.814312 64.777992 62.778399 60.819155 58.904288 57.038266 55.226042 62.633612 60.456639 58.309041 56.194187 54.115913 52.078602 50.087250 66.168127 64.487161 62.863902 61.302932 59.809131 58.387652 57.043903 71.989745 70.447827 68.965010 67.545185 66.192405 64.910864 63.704861 106.993200 104.582436 102.177934 99.780147 97.389571 95.006749 92.632281 104.871046 102.410339 99.953598 97.501125 95.053249 92.610334 90.172785 10.160000 7.620000 5.080000 2.540000 0.000000 
