47
# Circuit board instance
Size: large
Nodes: 47
0.000000 140.000000 140.000000 197.989899 126.037203 127.059949 128.124891 129.230988 130.377191 131.562451 132.785724 133.074037 134.043102 135.052991 136.102795 137.191598 138.318478 139.482512 68.344644 69.056612 69.784430 70.527608 72.627634 73.298011 73.984116 74.685516 127.629052 127.837903 128.096789 128.405406 128.763397 188.921173 189.833013 190.748950 191.668925 192.500067 193.395034 194.294180 195.197447 143.563004 144.556301 145.553899 146.555713 146.792939 147.764525 148.740608 149.721100 
140.000000 0.000000 197.989899 140.000000 55.252244 57.547063 59.861688 62.193907 64.541813 66.903755 69.278297 52.369200 54.784916 57.211400 59.647336 62.091612 64.543281 67.001531 91.337326 91.871282 92.419605 92.982043 86.740359 87.302435 87.879271 88.470577 182.493766 180.682399 178.888756 177.113376 175.356814 135.581974 136.849680 138.117428 139.385218 135.370373 136.640043 137.909718 139.179399 122.783574 123.943511 125.105585 126.269738 120.794192 121.973049 123.153718 124.336147 
140.000000 197.989899 0.000000 140.000000 146.878974 145.330957 143.811141 142.320429 140.859746 139.430036 138.032261 152.959980 151.474122 150.016555 148.588113 147.189642 145.822007 144.486081 116.896981 115.789159 114.684700 113.583701 119.451609 118.367699 117.287524 116.211187 15.705777 17.321258 19.138539 21.105559 23.184234 131.899449 131.860639 131.834052 131.819695 136.976389 136.939017 136.913416 136.899592 94.020617 93.650756 93.296719 92.958685 98.882289 98.530680 98.194239 97.873122 
197.989899 140.000000 140.000000 0.000000 93.492603 91.041314 88.595022 86.154155 83.719185 81.290644 78.869125 91.818241 89.321013 86.826267 84.334222 81.845126 79.359256 76.876924 131.667843 130.685294 129.707737 128.735286 128.521608 127.514818 126.512766 125.515564 131.382918 128.855057 126.327683 123.800825 121.274517 9.419493 8.859466 8.454540 8.227645 5.602960 4.599616 3.761059 3.218767 57.492140 56.885270 56.300511 55.738559 53.110987 52.453453 51.818706 51.207594 
126.037203 55.252244 146.878974 93.492603 0.000000 2.540000 5.080000 7.620000 10.160000 12.700000 15.240000 7.620000 8.032185 9.158100 10.776307 12.700000 14.810618 17.038838 60.113991 59.877508 59.667125 59.483119 55.141961 54.884059 54.654458 54.453516 131.856954 129.812139 127.785092 125.776672 123.787785 87.128431 88.377178 89.626522 90.876439 88.201990 89.435748 90.670508 91.906228 67.580368 68.753856 69.930716 71.110781 65.788282 66.993168 68.200418 69.409907 
127.059949 57.547063 145.330957 91.041314 2.540000 0.000000 2.540000 5.080000 7.620000 10.160000 12.700000 8.032185 7.620000 8.032185 9.158100 10.776307 12.700000 14.810618 60.664002 60.376267 60.113991 59.877508 55.741055 55.427769 55.141961 54.884059 130.378117 128.309736 126.258571 124.225474 122.211346 84.632835 85.880307 87.128431 88.377178 85.737647 86.969274 88.201990 89.435748 65.244236 66.410431 67.580368 68.753856 63.386136 64.585891 65.788282 66.993168 
128.124891 59.861688 143.811141 88.595022 5.080000 2.540000 0.000000 2.540000 5.080000 7.620000 10.160000 9.158100 8.032185 7.620000 8.032185 9.158100 10.776307 12.700000 61.314384 60.976836 60.664002 60.376267 56.448186 56.081356 55.741055 55.427769 128.932361 126.840407 124.765088 122.707248 120.667781 82.139960 83.386042 84.632835 85.880307 83.277852 84.507156 85.737647 86.969274 62.923904 64.081988 65.244236 66.410431 60.995161 62.189172 63.386136 64.585891 
129.230988 62.193907 142.320429 86.154155 7.620000 5.080000 2.540000 0.000000 2.540000 5.080000 7.620000 10.776307 9.158100 8.032185 7.620000 8.032185 9.158100 10.776307 62.061980 61.676241 61.314384 60.976836 57.259352 56.841029 56.448186 56.081356 127.520811 125.405312 123.305842 121.223233 119.158369 79.650064 80.894623 82.139960 83.386042 80.823018 82.049787 83.277852 84.507156 60.621188 61.770221 62.923904 64.081988 58.616724 59.804282 60.995161 62.189172 
130.377191 64.541813 140.859746 83.719185 10.160000 7.620000 5.080000 2.540000 0.000000 2.540000 5.080000 12.700000 10.776307 9.158100 8.032185 7.620000 8.032185 9.158100 62.903325 62.471161 62.061980 61.676241 58.170201 57.702599 57.259352 56.841029 126.144616 124.005642 121.882064 119.774701 117.684424 77.163434 78.406321 79.650064 80.894623 78.373612 79.597605 80.823018 82.049787 58.338171 59.477075 60.621188 61.770221 56.252415 57.432694 58.616724 59.804282 
131.562451 66.903755 139.430036 81.290644 12.700000 10.160000 7.620000 5.080000 2.540000 0.000000 2.540000 14.810618 12.700000 10.776307 9.158100 8.032185 7.620000 8.032185 63.834711 63.358002 62.903325 62.471161 59.176130 58.661575 58.170201 57.702599 124.804944 122.642607 120.495010 118.362954 116.247295 74.680396 75.921444 77.163434 78.406321 75.930159 77.151106 78.373612 79.597605 56.077261 57.204789 58.338171 59.477075 53.904093 55.076127 56.252415 57.432694 
132.785724 69.278297 138.032261 78.869125 15.240000 12.700000 10.160000 7.620000 5.080000 2.540000 0.000000 17.038838 14.810618 12.700000 10.776307 9.158100 8.032185 7.620000 64.852260 64.332963 63.834711 63.358002 60.272379 59.713266 59.176130 58.661575 123.502984 121.317444 119.145963 116.989325 114.848364 72.201321 73.440338 74.680396 75.921444 73.493253 74.710847 75.930159 77.151106 53.841243 54.955950 56.077261 57.204789 51.573942 52.736595 53.904093 55.076127 
133.074037 52.369200 152.959980 91.818241 7.620000 8.032185 9.158100 10.776307 12.700000 14.810618 17.038838 0.000000 2.540000 5.080000 7.620000 10.160000 12.700000 15.240000 67.602145 67.391943 67.205088 67.041774 62.606507 62.379474 62.177557 62.001002 138.090080 135.996675 133.918723 131.856954 129.812139 86.056936 87.321008 88.585248 89.849652 86.698354 87.953207 89.208489 90.464182 70.868838 71.988740 73.113549 74.243042 68.600036 69.756372 70.916598 72.080525 
134.043102 54.784916 151.474122 89.321013 8.032185 7.620000 8.032185 9.158100 10.776307 12.700000 14.810618 2.540000 0.000000 2.540000 5.080000 7.620000 10.160000 12.700000 68.091697 67.835475 67.602145 67.391943 63.134808 62.858384 62.606507 62.379474 136.678701 134.563341 132.462906 130.378117 128.309736 83.529333 84.793042 86.056936 87.321008 84.190010 85.443948 86.698354 87.953207 68.644711 69.754078 70.868838 71.988740 66.299843 67.447788 68.600036 69.756372 
135.052991 57.211400 150.016555 86.826267 9.158100 8.032185 7.620000 8.032185 9.158100 10.776307 12.700000 5.080000 2.540000 0.000000 2.540000 5.080000 7.620000 10.160000 68.671768 68.370554 68.091697 67.835475 63.759991 63.435458 63.134808 62.858384 135.300287 133.163032 131.040153 128.932361 126.840407 81.002505 82.265818 83.529333 84.793042 81.683622 82.936560 84.190010 85.443948 66.443238 67.541004 68.644711 69.754078 64.017783 65.156427 66.299843 67.447788 
136.102795 59.647336 148.588113 84.334222 10.776307 9.158100 8.032185 7.620000 8.032185 9.158100 10.776307 7.620000 5.080000 2.540000 0.000000 2.540000 5.080000 7.620000 69.340085 68.995048 68.671768 68.370554 64.479239 64.108045 63.759991 63.435458 133.955855 131.796801 129.651554 127.520811 125.405312 78.476528 79.739405 81.002505 82.265818 79.179377 80.431219 81.683622 82.936560 64.266745 65.351712 66.443238 67.541004 61.755868 62.884171 64.017783 65.156427 
137.191598 62.091612 147.189642 81.845126 12.700000 10.776307 9.158100 8.032185 7.620000 8.032185 9.158100 10.160000 7.620000 5.080000 2.540000 0.000000 2.540000 5.080000 70.094125 69.706556 69.340085 68.995048 65.289441 64.873174 64.479239 64.108045 132.646439 130.465717 128.298216 126.144616 124.005642 75.951486 77.213885 78.476528 79.739405 76.677484 77.928122 79.179377 80.431219 62.117858 63.188674 64.266745 65.351712 59.516393 60.633169 61.755868 62.884171 
138.318478 64.543281 145.822007 79.359256 14.810618 12.700000 10.776307 9.158100 8.032185 7.620000 8.032185 12.700000 10.160000 7.620000 5.080000 2.540000 0.000000 2.540000 70.931153 70.502443 70.094125 69.706556 66.187259 65.727614 65.289441 64.873174 131.373087 129.170869 126.981267 124.804944 122.642607 73.427476 74.689346 75.951486 77.213885 74.178181 75.427493 76.677484 77.928122 59.999544 61.054680 62.117858 63.188674 57.301990 58.405879 59.516393 60.633169 
139.482512 67.001531 144.486081 76.876924 17.038838 14.810618 12.700000 10.776307 9.158100 8.032185 7.620000 15.240000 12.700000 10.160000 7.620000 5.080000 2.540000 0.000000 71.848269 71.379886 70.931153 70.502443 67.169178 66.667930 66.187259 65.727614 130.136855 127.913356 125.701851 123.502984 121.317444 70.904609 72.165892 73.427476 74.689346 71.681740 72.929584 74.178181 75.427493 57.915158 58.952884 59.999544 61.054680 55.115681 56.205118 57.301990 58.405879 
68.344644 91.337326 116.896981 131.667843 60.113991 60.664002 61.314384 62.061980 62.903325 63.834711 64.852260 67.602145 68.091697 68.671768 69.340085 70.094125 70.931153 71.848269 0.000000 1.270000 2.540000 3.810000 5.080000 5.236344 5.679613 6.350000 101.321963 100.152416 99.034217 97.969122 96.958881 122.931217 123.940449 124.954439 125.973070 126.091927 127.076060 128.065224 129.059305 81.120227 82.282845 83.448594 84.617344 83.308737 84.441228 85.577580 86.717641 
69.056612 91.871282 115.789159 130.685294 59.877508 60.376267 60.976836 61.676241 62.471161 63.358002 64.332963 67.391943 67.835475 68.370554 68.995048 69.706556 70.502443 71.379886 1.270000 0.000000 1.270000 2.540000 5.236344 5.080000 5.236344 5.679613 100.202979 99.020217 97.889085 96.811392 95.788943 121.926859 122.931217 123.940449 124.954439 125.112944 126.091927 127.076060 128.065224 79.960875 81.120227 82.282845 83.448594 82.180265 83.308737 84.441228 85.577580 
69.784430 92.419605 114.684700 129.707737 59.667125 60.113991 60.664002 61.314384 62.061980 62.903325 63.834711 67.205088 67.602145 68.091697 68.671768 69.340085 70.094125 70.931153 2.540000 1.270000 0.000000 1.270000 5.679613 5.236344 5.080000 5.236344 99.087636 97.891399 96.747070 95.656512 94.621584 120.927497 121.926859 122.931217 123.940449 124.139234 125.112944 126.091927 127.076060 78.804935 79.960875 81.120227 82.282845 81.055981 82.180265 83.308737 84.441228 
70.527608 92.982043 113.583701 128.735286 59.483119 59.877508 60.376267 60.976836 61.676241 62.471161 63.358002 67.041774 67.391943 67.835475 68.370554 68.995048 69.706556 70.502443 3.810000 2.540000 1.270000 0.000000 6.350000 5.679613 5.236344 5.080000 97.976059 96.766081 95.608284 94.504585 93.456902 119.933256 120.927497 121.926859 122.931217 123.170922 124.139234 125.112944 126.091927 77.652558 78.804935 79.960875 81.120227 79.936063 81.055981 82.180265 83.308737 
72.627634 86.740359 119.451609 128.521608 55.141961 55.741055 56.448186 57.259352 58.170201 59.176130 60.272379 62.606507 63.134808 63.759991 64.479239 65.289441 66.187259 67.169178 5.080000 5.236344 5.679613 6.350000 0.000000 1.270000 2.540000 3.810000 103.808078 102.541099 101.321963 100.152416 99.034217 119.902489 120.937000 121.975959 123.019255 122.931217 123.940449 124.954439 125.973070 79.197535 80.387966 81.580796 82.775922 81.120227 82.282845 83.448594 84.617344 
73.298011 87.302435 118.367699 127.514818 54.884059 55.427769 56.081356 56.841029 57.702599 58.661575 59.713266 62.379474 62.858384 63.435458 64.108045 64.873174 65.727614 66.667930 5.236344 5.080000 5.236344 5.679613 1.270000 0.000000 1.270000 2.540000 102.716182 101.435565 100.202979 99.020217 97.889085 118.872544 119.902489 120.937000 121.975959 121.926859 122.931217 123.940449 124.954439 78.009615 79.197535 80.387966 81.580796 79.960875 81.120227 82.282845 83.448594 
73.984116 87.879271 117.287524 126.512766 54.654458 55.141961 55.741055 56.448186 57.259352 58.170201 59.176130 62.177557 62.606507 63.134808 63.759991 64.479239 65.289441 66.187259 5.679613 5.236344 5.080000 5.236344 2.540000 1.270000 0.000000 1.270000 101.628424 100.333925 99.087636 97.891399 96.747070 117.847284 118.872544 119.902489 120.937000 120.927497 121.926859 122.931217 123.940449 76.824320 78.009615 79.197535 80.387966 78.804935 79.960875 81.120227 82.282845 
74.685516 88.470577 116.211187 125.515564 54.453516 54.884059 55.427769 56.081356 56.841029 57.702599 58.661575 62.001002 62.379474 62.858384 63.435458 64.108045 64.873174 65.727614 6.350000 5.679613 5.236344 5.080000 3.810000 2.540000 1.270000 0.000000 100.544940 99.236309 97.976059 96.766081 95.608284 116.826833 117.847284 118.872544 119.902489 119.933256 120.927497 121.926859 122.931217 75.641775 76.824320 78.009615 79.197535 77.652558 78.804935 79.960875 81.120227 
127.629052 182.493766 15.705777 131.382918 131.856954 130.378117 128.932361 127.520811 126.144616 124.804944 123.502984 138.090080 136.678701 135.300287 133.955855 132.646439 131.373087 130.136855 101.321963 100.202979 99.087636 97.976059 103.808078 102.716182 101.628424 100.544940 0.000000 2.540000 5.080000 7.620000 10.160000 122.847452 122.937103 123.039799 123.155505 127.916992 128.003093 128.101727 128.212866 81.965853 81.738977 81.531255 81.342833 86.962210 86.748402 86.552704 86.375236 
127.837903 180.682399 17.321258 128.855057 129.812139 128.309736 126.840407 125.405312 124.005642 122.642607 121.317444 135.996675 134.563341 133.163032 131.796801 130.465717 129.170869 127.913356 100.152416 99.020217 97.891399 96.766081 102.541099 101.435565 100.333925 99.236309 2.540000 0.000000 2.540000 5.080000 7.620000 120.313013 120.404551 120.509405 120.627539 125.382116 125.469957 125.570580 125.683957 79.471651 79.237634 79.023337 78.828921 84.462784 84.242633 84.041100 83.858317 
128.096789 178.888756 19.138539 126.327683 127.785092 126.258571 124.765088 123.305842 121.882064 120.495010 119.145963 133.918723 132.462906 131.040153 129.651554 128.298216 126.981267 125.701851 99.034217 97.889085 96.747070 95.608284 101.321963 100.202979 99.087636 97.976059 5.080000 2.540000 0.000000 2.540000 5.080000 117.778813 117.872319 117.979423 118.100088 122.847452 122.937103 123.039799 123.155505 76.980445 76.738831 76.517537 76.316737 81.965853 81.738977 81.531255 81.342833 
128.405406 177.113376 21.105559 123.800825 125.776672 124.225474 122.707248 121.223233 119.774701 118.362954 116.989325 131.856954 130.378117 128.932361 127.520811 126.144616 124.804944 123.502984 97.969122 96.811392 95.656512 94.504585 100.152416 99.020217 97.891399 96.766081 7.620000 5.080000 2.540000 0.000000 2.540000 115.244869 115.340429 115.449882 115.573188 120.313013 120.404551 120.509405 120.627539 74.492534 74.242824 74.014067 73.806457 79.471651 79.237634 79.023337 78.828921 
128.763397 175.356814 23.184234 121.274517 123.787785 122.211346 120.667781 119.158369 117.684424 116.247295 114.848364 129.812139 128.309736 126.840407 125.405312 124.005642 122.642607 121.317444 96.958881 95.788943 94.621584 93.456902 99.034217 97.889085 96.747070 95.608284 10.160000 7.620000 5.080000 2.540000 0.000000 112.711197 112.808904 112.920811 113.046875 117.778813 117.872319 117.979423 118.100088 72.008260 71.749905 71.513174 71.298282 76.980445 76.738831 76.517537 76.316737 
188.921173 135.581974 131.899449 9.419493 87.128431 84.632835 82.139960 79.650064 77.163434 74.680396 72.201321 86.056936 83.529333 81.002505 78.476528 75.951486 73.427476 70.904609 122.931217 121.926859 120.927497 119.933256 119.902489 118.872544 117.847284 116.826833 122.847452 120.313013 117.778813 115.244869 112.711197 0.000000 1.270000 2.540000 3.810000 5.080000 5.236344 5.679613 6.350000 48.073234 47.470762 46.894951 46.346795 43.699047 43.035382 42.399379 41.792299 
189.833013 136.849680 131.860639 8.859466 88.377178 85.880307 83.386042 80.894623 78.406321 75.921444 73.440338 87.321008 84.793042 82.265818 79.739405 77.213885 74.689346 72.165892 123.940449 122.931217 121.926859 120.927497 120.937000 119.902489 118.872544 117.847284 122.937103 120.404551 117.872319 115.340429 112.808904 1.270000 0.000000 1.270000 2.540000 5.236344 5.080000 5.236344 5.679613 48.701379 48.073234 47.470762 46.894951 44.389133 43.699047 43.035382 42.399379 
190.748950 138.117428 131.834052 8.454540 89.626522 87.128431 84.632835 82.139960 79.650064 77.163434 74.680396 88.585248 86.056936 83.529333 81.002505 78.476528 75.951486 73.427476 124.954439 123.940449 122.931217 121.926859 121.975959 120.937000 119.902489 118.872544 123.039799 120.509405 117.979423 115.449882 112.920811 2.540000 1.270000 0.000000 1.270000 5.679613 5.236344 5.080000 5.236344 49.354215 48.701379 48.073234 47.470762 45.104427 44.389133 43.699047 43.035382 
191.668925 139.385218 131.819695 8.227645 90.876439 88.377178 85.880307 83.386042 80.894623 78.406321 75.921444 89.849652 87.321008 84.793042 82.265818 79.739405 77.213885 74.689346 125.973070 124.954439 123.940449 122.931217 123.019255 121.975959 120.937000 119.902489 123.155505 120.627539 118.100088 115.573188 113.046875 3.810000 2.540000 1.270000 0.000000 6.350000 5.679613 5.236344 5.080000 50.030776 49.354215 48.701379 48.073234 45.843750 45.104427 44.389133 43.699047 
192.500067 135.370373 136.976389 5.602960 88.201990 85.737647 83.277852 80.823018 78.373612 75.930159 73.493253 86.698354 84.190010 81.683622 79.179377 76.677484 74.178181 71.681740 126.091927 125.112944 124.139234 123.170922 122.931217 121.926859 120.927497 119.933256 127.916992 125.382116 122.847452 120.313013 117.778813 5.080000 5.236344 5.679613 6.350000 0.000000 1.270000 2.540000 3.810000 52.574498 52.024179 51.499305 51.000660 48.073234 47.470762 46.894951 46.346795 
193.395034 136.640043 136.939017 4.599616 89.435748 86.969274 84.507156 82.049787 79.597605 77.151106 74.710847 87.953207 85.443948 82.936560 80.431219 77.928122 75.427493 72.929584 127.076060 126.091927 125.112944 124.139234 123.940449 122.931217 121.926859 120.927497 128.003093 125.469957 122.937103 120.404551 117.872319 5.236344 5.080000 5.236344 5.679613 1.270000 0.000000 1.270000 2.540000 53.149471 52.574498 52.024179 51.499305 48.701379 48.073234 47.470762 46.894951 
194.294180 137.909718 136.913416 3.761059 90.670508 88.201990 85.737647 83.277852 80.823018 78.373612 75.930159 89.208489 86.698354 84.190010 81.683622 79.179377 76.677484 74.178181 128.065224 127.076060 126.091927 125.112944 124.954439 123.940449 122.931217 121.926859 128.101727 125.570580 123.039799 120.509405 117.979423 5.679613 5.236344 5.080000 5.236344 2.540000 1.270000 0.000000 1.270000 53.748306 53.149471 52.574498 52.024179 49.354215 48.701379 48.073234 47.470762 
195.197447 139.179399 136.899592 3.218767 91.906228 89.435748 86.969274 84.507156 82.049787 79.597605 77.151106 90.464182 87.953207 85.443948 82.936560 80.431219 77.928122 75.427493 129.059305 128.065224 127.076060 126.091927 125.973070 124.954439 123.940449 122.931217 128.212866 125.683957 123.155505 120.627539 118.100088 6.350000 5.679613 5.236344 5.080000 3.810000 2.540000 1.270000 0.000000 54.370216 53.748306 53.149471 52.574498 50.030776 49.354215 48.701379 48.073234 
143.563004 122.783574 94.020617 57.492140 67.580368 65.244236 62.923904 60.621188 58.338171 56.077261 53.841243 70.868838 68.644711 66.443238 64.266745 62.117858 59.999544 57.915158 81.120227 79.960875 78.804935 77.652558 79.197535 78.009615 76.824320 75.641775 81.965853 79.471651 76.980445 74.492534 72.008260 48.073234 48.701379 49.354215 50.030776 52.574498 53.149471 53.748306 54.370216 0.000000 1.270000 2.540000 3.810000 5.080000 5.236344 5.679613 6.350000 
144.556301 123.943511 93.650756 56.885270 68.753856 66.410431 64.081988 61.770221 59.477075 57.204789 54.955950 71.988740 69.754078 67.541004 65.351712 63.188674 61.054680 58.952884 82.282845 81.120227 79.960875 78.804935 80.387966 79.197535 78.009615 76.824320 81.738977 79.237634 76.738831 74.242824 71.749905 47.470762 48.073234 48.701379 49.354215 52.024179 52.574498 53.149471 53.748306 1.270000 0.000000 1.270000 2.540000 5.236344 5.080000 5.236344 5.679613 
145.553899 125.105585 93.296719 56.300511 69.930716 67.580368 65.244236 62.923904 60.621188 58.338171 56.077261 73.113549 70.868838 68.644711 66.443238 64.266745 62.117858 59.999544 83.448594 82.282845 81.120227 79.960875 81.580796 80.387966 79.197535 78.009615 81.531255 79.023337 76.517537 74.014067 71.513174 46.894951 47.470762 48.073234 48.701379 51.499305 52.024179 52.574498 53.149471 2.540000 1.270000 0.000000 1.270000 5.679613 5.236344 5.080000 5.236344 
146.555713 126.269738 92.958685 55.738559 71.110781 68.753856 66.410431 64.081988 61.770221 59.477075 57.204789 74.243042 71.988740 69.754078 67.541004 65.351712 63.188674 61.054680 84.617344 83.448594 82.282845 81.120227 82.775922 81.580796 80.387966 79.197535 81.342833 78.828921 76.316737 73.806457 71.298282 46.346795 46.894951 47.470762 48.073234 51.000660 51.499305 52.024179 52.574498 3.810000 2.540000 1.270000 0.000000 6.350000 5.679613 5.236344 5.080000 
146.792939 120.794192 98.882289 53.110987 65.788282 63.386136 60.995161 58.616724 56.252415 53.904093 51.573942 68.600036 66.299843 64.017783 61.755868 59.516393 57.301990 55.115681 83.308737 82.180265 81.055981 79.936063 81.120227 79.960875 78.804935 77.652558 86.962210 84.462784 81.965853 79.471651 76.980445 43.699047 44.389133 45.104427 45.843750 48.073234 48.701379 49.354215 50.030776 5.080000 5.236344 5.679613 6.350000 0.000000 1.270000 2.540000 3.810000 
147.764525 121.973049 98.530680 52.453453 66.993168 64.585891 62.189172 59.804282 57.432694 55.076127 52.736595 69.756372 67.447788 65.156427 62.884171 60.633169 58.405879 56.205118 84.441228 83.308737 82.180265 81.055981 82.282845 81.120227 79.960875 78.804935 86.748402 84.242633 81.738977 79.237634 76.738831 43.035382 43.699047 44.389133 45.104427 47.470762 48.073234 48.701379 49.354215 5.236344 5.080000 5.236344 5.679613 1.270000 0.000000 1.270000 2.540000 
148.740608 123.153718 98.194239 51.818706 68.200418 65.788282 63.386136 60.995161 58.616724 56.252415 53.904093 70.916598 68.600036 66.299843 64.017783 61.755868 59.516393 57.301990 85.577580 84.441228 83.308737 82.180265 83.448594 82.282845 81.120227 79.960875 86.552704 84.041100 81.531255 79.023337 76.517537 42.399379 43.035382 43.699047 44.389133 46.894951 47.470762 48.073234 48.701379 5.679613 5.236344 5.080000 5.236344 2.540000 1.270000 0.000000 1.270000 
149.721100 124.336147 97.873122 51.207594 69.409907 66.993168 64.585891 62.189172 59.804282 57.432694 55.076127 72.080525 69.756372 67.447788 65.156427 62.884171 60.633169 58.405879 86.717641 85.577580 84.441228 83.308737 84.617344 83.448594 82.282845 81.120227 86.375236 83.858317 81.342833 78.828921 76.316737 41.792299 42.399379 43.035382 43.699047 46.346795 46.894951 47.470762 48.073234 6.350000 5.679613 5.236344 5.080000 3.810000 2.540000 1.270000 0.000000 
