37
# Circuit board instance
Size: large
Nodes: 37
0.000000 65.000000 65.000000 91.923882 44.089624 46.622422 49.155963 51.690139 54.224859 56.760052 59.295655 45.320569 47.788171 50.262986 52.743999 55.230376 57.721421 60.216558 29.878447 32.063405 34.297311 36.571195 38.878044 41.212322 43.569621 34.514717 36.422604 38.403771 40.447453 42.544640 44.687802 46.870631 53.572291 55.882689 58.212222 60.558681 62.920172 
65.000000 0.000000 91.923882 65.000000 75.666182 77.169465 78.726012 80.332724 81.986655 83.685002 85.425119 69.604814 71.236124 72.919435 74.651227 76.428205 78.247292 80.105618 55.374954 56.583796 57.878921 59.254673 60.705571 62.226357 63.812036 48.727093 50.096607 51.554957 53.094825 54.709326 56.392053 58.137079 28.082624 26.670553 25.434351 24.400762 23.596428 
65.000000 91.923882 0.000000 65.000000 21.317361 18.814494 16.323103 13.849383 11.404838 9.013237 6.731251 23.758976 21.541686 19.403679 17.374247 15.496108 13.831033 12.464701 42.654266 40.305419 37.981184 35.686372 33.427042 31.210901 29.047835 46.020979 43.852832 41.726664 39.649228 37.628596 35.674423 33.798237 64.341865 66.277901 68.253556 70.265489 72.310671 
91.923882 65.000000 65.000000 0.000000 65.083839 64.307553 63.623265 63.033972 62.542358 62.150741 61.861021 57.925513 57.051910 56.279472 55.612414 55.054569 54.609282 54.279323 63.190588 61.629463 60.135134 58.712700 57.367509 56.105118 54.931236 57.454281 55.732709 54.075673 52.489287 50.980145 49.555307 48.222244 45.370904 44.510713 43.781176 43.188915 42.739637 
44.089624 75.666182 21.317361 65.083839 0.000000 2.540000 5.080000 7.620000 10.160000 12.700000 15.240000 7.620000 8.032185 9.158100 10.776307 12.700000 14.810618 17.038838 22.324587 20.258921 18.312939 16.528969 14.965063 13.696809 12.812309 27.293528 25.631491 24.122877 22.798164 21.691071 20.836316 20.265851 49.844030 52.153431 54.483361 56.831295 59.195091 
46.622422 77.169465 18.814494 64.307553 2.540000 0.000000 2.540000 5.080000 7.620000 10.160000 12.700000 8.032185 7.620000 8.032185 9.158100 10.776307 12.700000 14.810618 24.479659 22.324587 20.258921 18.312939 16.528969 14.965063 13.696809 29.082695 27.293528 25.631491 24.122877 22.798164 21.691071 20.836316 50.977503 53.237758 55.522204 57.827974 60.152617 
49.155963 78.726012 16.323103 63.623265 5.080000 2.540000 0.000000 2.540000 5.080000 7.620000 10.160000 9.158100 8.032185 7.620000 8.032185 9.158100 10.776307 12.700000 26.702499 24.479659 22.324587 20.258921 18.312939 16.528969 14.965063 30.976974 29.082695 27.293528 25.631491 24.122877 22.798164 21.691071 52.210033 54.419120 56.655952 58.917369 61.200645 
51.690139 80.332724 13.849383 63.033972 7.620000 5.080000 2.540000 0.000000 2.540000 5.080000 7.620000 10.776307 9.158100 8.032185 7.620000 8.032185 9.158100 10.776307 28.977515 26.702499 24.479659 22.324587 20.258921 18.312939 16.528969 32.958243 30.976974 29.082695 27.293528 25.631491 24.122877 22.798164 53.534778 55.691342 57.879027 60.094436 62.334613 
54.224859 81.986655 11.404838 62.542358 10.160000 7.620000 5.080000 2.540000 0.000000 2.540000 5.080000 12.700000 10.776307 9.158100 8.032185 7.620000 8.032185 9.158100 31.293329 28.977515 26.702499 24.479659 22.324587 20.258921 18.312939 35.011740 32.958243 30.976974 29.082695 27.293528 25.631491 24.122877 54.945069 57.048345 59.185893 61.354131 63.549918 
56.760052 83.685002 9.013237 62.150741 12.700000 10.160000 7.620000 5.080000 2.540000 0.000000 2.540000 14.810618 12.700000 10.776307 9.158100 8.032185 7.620000 8.032185 33.641519 31.293329 28.977515 26.702499 24.479659 22.324587 20.258921 37.125480 35.011740 32.958243 30.976974 29.082695 27.293528 25.631491 56.434492 58.484228 60.571125 62.691472 64.841988 
59.295655 85.425119 6.731251 61.861021 15.240000 12.700000 10.160000 7.620000 5.080000 2.540000 0.000000 17.038838 14.810618 12.700000 10.776307 9.158100 8.032185 7.620000 36.015751 33.641519 31.293329 28.977515 26.702499 24.479659 22.324587 39.289741 37.125480 35.011740 32.958243 30.976974 29.082695 27.293528 57.996952 59.993329 62.029475 64.101601 66.206328 
45.320569 69.604814 23.758976 57.925513 7.620000 8.032185 9.158100 10.776307 12.700000 14.810618 17.038838 0.000000 2.540000 5.080000 7.620000 10.160000 12.700000 15.240000 19.182454 16.733296 14.315833 11.949317 9.671217 7.561873 5.808150 22.324587 20.258921 18.312939 16.528969 14.965063 13.696809 12.812309 43.071885 45.299346 47.558148 49.844030 52.153431 
47.788171 71.236124 21.541686 57.051910 8.032185 7.620000 8.032185 9.158100 10.776307 12.700000 14.810618 2.540000 0.000000 2.540000 5.080000 7.620000 10.160000 12.700000 21.652553 19.182454 16.733296 14.315833 11.949317 9.671217 7.561873 24.479659 22.324587 20.258921 18.312939 16.528969 14.965063 13.696809 44.378664 46.543628 48.744804 50.977503 53.237758 
50.262986 72.919435 19.403679 56.279472 9.158100 8.032185 7.620000 8.032185 9.158100 10.776307 12.700000 5.080000 2.540000 0.000000 2.540000 5.080000 7.620000 10.160000 24.137166 21.652553 19.182454 16.733296 14.315833 11.949317 9.671217 26.702499 24.479659 22.324587 20.258921 18.312939 16.528969 14.965063 45.789164 47.890406 50.032366 52.210033 54.419120 
52.743999 74.651227 17.374247 55.612414 10.776307 9.158100 8.032185 7.620000 8.032185 9.158100 10.776307 7.620000 5.080000 2.540000 0.000000 2.540000 5.080000 7.620000 26.632230 24.137166 21.652553 19.182454 16.733296 14.315833 11.949317 28.977515 26.702499 24.479659 22.324587 20.258921 18.312939 16.528969 47.294106 49.331288 51.413253 53.534778 55.691342 
55.230376 76.428205 15.496108 55.054569 12.700000 10.776307 9.158100 8.032185 7.620000 8.032185 9.158100 10.160000 7.620000 5.080000 2.540000 0.000000 2.540000 5.080000 29.135061 26.632230 24.137166 21.652553 19.182454 16.733296 14.315833 31.293329 28.977515 26.702499 24.479659 22.324587 20.258921 18.312939 48.884768 50.858274 52.880154 54.945069 57.048345 
57.721421 78.247292 13.831033 54.609282 14.810618 12.700000 10.776307 9.158100 8.032185 7.620000 8.032185 12.700000 10.160000 7.620000 5.080000 2.540000 0.000000 2.540000 31.643817 29.135061 26.632230 24.137166 21.652553 19.182454 16.733296 33.641519 31.293329 28.977515 26.702499 24.479659 22.324587 20.258921 50.553060 52.463848 54.426115 56.434492 58.484228 
60.216558 80.105618 12.464701 54.279323 17.038838 14.810618 12.700000 10.776307 9.158100 8.032185 7.620000 15.240000 12.700000 10.160000 7.620000 5.080000 2.540000 0.000000 34.157190 31.643817 29.135061 26.632230 24.137166 21.652553 19.182454 36.015751 33.641519 31.293329 28.977515 26.702499 24.479659 22.324587 52.291552 54.141018 56.044594 57.996952 59.993329 
29.878447 55.374954 42.654266 63.190588 22.324587 24.479659 26.702499 28.977515 31.293329 33.641519 36.015751 19.182454 21.652553 24.137166 26.632230 29.135061 31.643817 34.157190 0.000000 2.540000 5.080000 7.620000 10.160000 12.700000 15.240000 7.620000 8.032185 9.158100 10.776307 12.700000 14.810618 17.038838 32.837235 35.369602 37.902990 40.437208 42.972108 
32.063405 56.583796 40.305419 61.629463 20.258921 22.324587 24.479659 26.702499 28.977515 31.293329 33.641519 16.733296 19.182454 21.652553 24.137166 26.632230 29.135061 31.643817 2.540000 0.000000 2.540000 5.080000 7.620000 10.160000 12.700000 8.032185 7.620000 8.032185 9.158100 10.776307 12.700000 14.810618 33.138311 35.649296 38.164123 40.682077 43.202612 
34.297311 57.878921 37.981184 60.135134 18.312939 20.258921 22.324587 24.479659 26.702499 28.977515 31.293329 14.315833 16.733296 19.182454 21.652553 24.137166 26.632230 29.135061 5.080000 2.540000 0.000000 2.540000 5.080000 7.620000 10.160000 9.158100 8.032185 7.620000 8.032185 9.158100 10.776307 12.700000 33.629071 36.105943 38.591023 41.082821 43.580184 
36.571195 59.254673 35.686372 58.712700 16.528969 18.312939 20.258921 22.324587 24.479659 26.702499 28.977515 11.949317 14.315833 16.733296 19.182454 21.652553 24.137166 26.632230 7.620000 5.080000 2.540000 0.000000 2.540000 5.080000 7.620000 10.776307 9.158100 8.032185 7.620000 8.032185 9.158100 10.776307 34.301376 36.732943 39.178273 41.634939 44.101048 
38.878044 60.705571 33.427042 57.367509 14.965063 16.528969 18.312939 20.258921 22.324587 24.479659 26.702499 9.671217 11.949317 14.315833 16.733296 19.182454 21.652553 24.137166 10.160000 7.620000 5.080000 2.540000 0.000000 2.540000 5.080000 12.700000 10.776307 9.158100 8.032185 7.620000 8.032185 9.158100 35.144809 37.521758 39.918796 42.332509 44.760202 
41.212322 62.226357 31.210901 56.105118 13.696809 14.965063 16.528969 18.312939 20.258921 22.324587 24.479659 7.561873 9.671217 11.949317 14.315833 16.733296 19.182454 21.652553 12.700000 10.160000 7.620000 5.080000 2.540000 0.000000 2.540000 14.810618 12.700000 10.776307 9.158100 8.032185 7.620000 8.032185 36.147393 38.462433 40.804248 43.168481 45.551642 
43.569621 63.812036 29.047835 54.931236 12.812309 13.696809 14.965063 16.528969 18.312939 20.258921 22.324587 5.808150 7.561873 9.671217 11.949317 14.315833 16.733296 19.182454 15.240000 12.700000 10.160000 7.620000 5.080000 2.540000 0.000000 17.038838 14.810618 12.700000 10.776307 9.158100 8.032185 7.620000 37.296295 39.544131 41.825426 44.134990 46.468609 
34.514717 48.727093 46.020979 57.454281 27.293528 29.082695 30.976974 32.958243 35.011740 37.125480 39.289741 22.324587 24.479659 26.702499 28.977515 31.293329 33.641519 36.015751 7.620000 8.032185 9.158100 10.776307 12.700000 14.810618 17.038838 0.000000 2.540000 5.080000 7.620000 10.160000 12.700000 15.240000 25.249339 27.776685 30.306147 32.837235 35.369602 
36.422604 50.096607 43.852832 55.732709 25.631491 27.293528 29.082695 30.976974 32.958243 35.011740 37.125480 20.258921 22.324587 24.479659 26.702499 28.977515 31.293329 33.641519 8.032185 7.620000 8.032185 9.158100 10.776307 12.700000 14.810618 2.540000 0.000000 2.540000 5.080000 7.620000 10.160000 12.700000 25.639670 28.131971 30.632109 33.138311 35.649296 
38.403771 51.554957 41.726664 54.075673 24.122877 25.631491 27.293528 29.082695 30.976974 32.958243 35.011740 18.312939 20.258921 22.324587 24.479659 26.702499 28.977515 31.293329 9.158100 8.032185 7.620000 8.032185 9.158100 10.776307 12.700000 5.080000 2.540000 0.000000 2.540000 5.080000 7.620000 10.160000 26.270887 28.708441 31.162364 33.629071 36.105943 
40.447453 53.094825 39.649228 52.489287 22.798164 24.122877 25.631491 27.293528 29.082695 30.976974 32.958243 16.528969 18.312939 20.258921 22.324587 24.479659 26.702499 28.977515 10.776307 9.158100 8.032185 7.620000 8.032185 9.158100 10.776307 7.620000 5.080000 2.540000 0.000000 2.540000 5.080000 7.620000 27.126177 29.493128 31.886720 34.301376 36.732943 
42.544640 54.709326 37.628596 50.980145 21.691071 22.798164 24.122877 25.631491 27.293528 29.082695 30.976974 14.965063 16.528969 18.312939 20.258921 22.324587 24.479659 26.702499 12.700000 10.776307 9.158100 8.032185 7.620000 8.032185 9.158100 10.160000 7.620000 5.080000 2.540000 0.000000 2.540000 5.080000 28.185150 30.469949 32.792318 35.144809 37.521758 
44.687802 56.392053 35.674423 49.555307 20.836316 21.691071 22.798164 24.122877 25.631491 27.293528 29.082695 13.696809 14.965063 16.528969 18.312939 20.258921 22.324587 24.479659 14.810618 12.700000 10.776307 9.158100 8.032185 7.620000 8.032185 12.700000 10.160000 7.620000 5.080000 2.540000 0.000000 2.540000 29.425823 31.621104 33.864620 36.147393 38.462433 
46.870631 58.137079 33.798237 48.222244 20.265851 20.836316 21.691071 22.798164 24.122877 25.631491 27.293528 12.812309 13.696809 14.965063 16.528969 18.312939 20.258921 22.324587 17.038838 14.810618 12.700000 10.776307 9.158100 8.032185 7.620000 15.240000 12.700000 10.160000 7.620000 5.080000 2.540000 0.000000 30.826266 32.928313 35.088347 37.296295 39.544131 
53.572291 28.082624 64.341865 45.370904 49.844030 50.977503 52.210033 53.534778 54.945069 56.434492 57.996952 43.071885 44.378664 45.789164 47.294106 48.884768 50.553060 52.291552 32.837235 33.138311 33.629071 34.301376 35.144809 36.147393 37.296295 25.249339 25.639670 26.270887 27.126177 28.185150 29.425823 30.826266 0.000000 2.540000 5.080000 7.620000 10.160000 
55.882689 26.670553 66.277901 44.510713 52.153431 53.237758 54.419120 55.691342 57.048345 58.484228 59.993329 45.299346 46.543628 47.890406 49.331288 50.858274 52.463848 54.141018 35.369602 35.649296 36.105943 36.732943 37.521758 38.462433 39.544131 27.776685 28.131971 28.708441 29.493128 30.469949 31.621104 32.928313 2.540000 0.000000 2.540000 5.080000 7.620000 
58.212222 25.434351 68.253556 43.781176 54.483361 55.522204 56.655952 57.879027 59.185893 60.571125 62.029475 47.558148 48.744804 50.032366 51.413253 52.880154 54.426115 56.044594 37.902990 38.164123 38.591023 39.178273 39.918796 40.804248 41.825426 30.306147 30.632109 31.162364 31.886720 32.792318 33.864620 35.088347 5.080000 2.540000 0.000000 2.540000 5.080000 
60.558681 24.400762 70.265489 43.188915 56.831295 57.827974 58.917369 60.094436 61.354131 62.691472 64.101601 49.844030 50.977503 52.210033 53.534778 54.945069 56.434492 57.996952 40.437208 40.682077 41.082821 41.634939 42.332509 43.168481 44.134990 32.837235 33.138311 33.629071 34.301376 35.144809 36.147393 37.296295 7.620000 5.080000 2.540000 0.000000 2.540000 
62.920172 23.596428 72.310671 42.739637 59.195091 60.152617 61.200645 62.334613 63.549918 64.841988 66.206328 52.153431 53.237758 54.419120 55.691342 57.048345 58.484228 59.993329 42.972108 43.202612 43.580184 44.101048 44.760202 45.551642 46.468609 35.369602 35.649296 36.105943 36.732943 37.521758 38.462433 39.544131 10.160000 7.620000 5.080000 2.540000 0.000000 
