39
# Circuit board instance
Size: large
Nodes: 39
0.000000 115.000000 115.000000 162.634560 83.827699 84.414180 85.015589 85.631611 88.379562 88.936032 89.507063 90.092378 101.254753 103.661334 106.074137 108.492747 110.916784 22.702013 24.613687 26.630603 28.730604 30.896754 33.116075 35.378562 28.469342 30.015923 31.690867 33.474911 35.351541 37.306789 39.328930 134.702358 135.568046 136.440062 137.318287 138.474197 139.316449 140.165148 141.020176 
115.000000 0.000000 162.634560 115.000000 55.599750 56.480112 57.375078 58.283977 52.026879 52.966659 53.919973 54.886117 37.974929 36.756529 35.677623 34.751207 33.989751 100.810415 101.258046 101.767123 102.336728 102.965857 103.653426 104.398281 93.301992 93.785468 94.334879 94.949081 95.626826 96.366772 97.167500 92.889384 94.140361 95.391840 96.643803 92.143452 93.404419 94.665628 95.927069 
115.000000 162.634560 0.000000 115.000000 107.067169 106.160018 105.260372 104.368426 110.667261 109.789860 108.920200 108.058467 126.257884 128.195945 130.154718 132.133282 134.130761 99.685527 97.177448 94.671072 92.166537 89.663997 87.163624 84.665610 101.154962 98.684237 96.217119 93.753894 91.294876 88.840415 86.390900 101.634296 101.347916 101.076682 100.820718 106.582870 106.309821 106.051279 105.807349 
162.634560 115.000000 115.000000 0.000000 86.761903 85.639936 84.522158 83.408738 84.516813 83.364636 82.215930 81.070842 84.443019 83.902149 83.435130 83.043209 82.727452 139.944856 138.169515 136.418365 134.692349 132.992446 131.319670 129.675070 134.636862 132.790575 130.967524 129.168692 127.395105 125.647832 123.927987 28.517411 27.479311 26.461447 25.466244 25.985010 24.841308 23.710467 22.594417 
83.827699 55.599750 107.067169 86.761903 0.000000 1.270000 2.540000 3.810000 5.080000 5.236344 5.679613 6.350000 21.882389 24.350716 26.832425 29.324117 31.823448 62.909353 62.079974 61.344624 60.706719 60.169359 59.735258 59.406679 55.817761 54.881317 54.048114 53.322992 52.710412 52.214336 51.838107 58.533013 59.691085 60.853622 62.020375 60.814753 61.930171 63.051439 64.178248 
84.414180 56.480112 106.160018 85.639936 1.270000 0.000000 1.270000 2.540000 5.236344 5.080000 5.236344 5.679613 22.232428 24.665751 27.118645 29.586242 32.065149 63.358166 62.483134 61.700325 61.013289 60.425292 59.939249 59.557656 56.323112 55.336948 54.451500 53.671754 53.002374 52.447586 52.011058 57.379678 58.533013 59.691085 60.853622 59.705511 60.814753 61.930171 63.051439 
85.015589 57.375078 105.260372 84.522158 2.540000 1.270000 0.000000 1.270000 5.679613 5.236344 5.080000 5.236344 22.648368 25.041306 27.460674 29.900058 32.354929 63.829095 62.909353 62.079974 61.344624 60.706719 60.169359 59.735258 56.852346 55.817761 54.881317 54.048114 53.322992 52.710412 52.214336 56.231371 57.379678 58.533013 59.691085 58.602795 59.705511 60.814753 61.930171 
85.631611 58.283977 104.368426 83.408738 3.810000 2.540000 1.270000 0.000000 6.350000 5.679613 5.236344 5.080000 23.126653 25.474703 27.856456 30.263955 32.691512 64.321656 63.358166 62.483134 61.700325 61.013289 60.425292 59.939249 57.404802 56.323112 55.336948 54.451500 53.671754 53.002374 52.447586 55.088406 56.231371 57.379678 58.533013 57.506983 58.602795 59.705511 60.814753 
88.379562 52.026879 110.667261 84.516813 5.080000 5.236344 5.679613 6.350000 0.000000 1.270000 2.540000 3.810000 17.009166 19.432543 21.882389 24.350716 26.832425 67.700902 66.930924 66.249440 65.659205 65.162698 64.762076 64.459127 60.531221 59.668796 58.903352 58.238714 57.678366 57.225371 56.882296 56.616304 57.812783 59.012334 60.214776 58.533013 59.691085 60.853622 62.020375 
88.936032 52.966659 109.789860 83.364636 5.236344 5.080000 5.236344 5.679613 1.270000 0.000000 1.270000 2.540000 17.457194 19.825883 22.232428 24.665751 27.118645 68.118152 67.305033 66.578942 65.942754 65.399093 64.950281 64.598296 60.997534 60.088136 59.273705 58.558206 57.945301 57.438276 57.039955 55.423097 56.616304 57.812783 59.012334 57.379678 58.533013 59.691085 60.853622 
89.507063 53.919973 108.920200 82.215930 5.679613 5.236344 5.080000 5.236344 2.540000 1.270000 0.000000 1.270000 17.983919 20.291214 22.648368 25.041306 27.460674 68.556392 67.700902 66.930924 66.249440 65.659205 65.162698 64.762076 61.486547 60.531221 59.668796 58.903352 58.238714 57.678366 57.225371 54.233378 55.423097 56.616304 57.812783 56.231371 57.379678 58.533013 59.691085 
90.092378 54.886117 108.058467 81.070842 6.350000 5.679613 5.236344 5.080000 3.810000 2.540000 1.270000 0.000000 18.582649 20.823709 23.126653 25.474703 27.856456 69.015223 68.118152 67.305033 66.578942 65.942754 65.399093 64.950281 61.997722 60.997534 60.088136 59.273705 58.558206 57.945301 57.438276 53.047382 54.233378 55.423097 56.616304 55.088406 56.231371 57.379678 58.533013 
101.254753 37.974929 126.257884 84.443019 21.882389 22.232428 22.648368 23.126653 17.009166 17.457194 17.983919 18.582649 0.000000 2.540000 5.080000 7.620000 10.160000 81.876322 81.410851 81.022369 80.711989 80.480614 80.328927 80.257380 74.422896 73.910500 73.482376 73.140006 72.884598 72.717067 72.638023 58.791994 60.060299 61.328674 62.597115 59.274661 60.532854 61.791530 63.050660 
103.661334 36.756529 128.195945 83.902149 24.350716 24.665751 25.041306 25.474703 19.432543 19.825883 20.291214 20.823709 2.540000 0.000000 2.540000 5.080000 7.620000 84.367411 83.915759 83.538927 83.237931 83.013597 82.866546 82.797192 76.903744 76.407986 75.993934 75.662929 75.416066 75.254171 75.177794 58.714222 59.984172 61.254123 62.524077 58.979152 60.243517 61.508114 62.772930 
106.074137 35.677623 130.154718 83.435130 26.832425 27.118645 27.460674 27.856456 21.882389 22.232428 22.648368 23.126653 5.080000 2.540000 0.000000 2.540000 5.080000 86.861334 86.422716 86.056862 85.764703 85.546995 85.404307 85.337015 79.388333 78.908186 78.507322 78.186958 77.948089 77.791463 77.717580 58.746272 60.015543 61.284845 62.554175 58.791994 60.060299 61.328674 62.597115 
108.492747 34.751207 132.133282 83.043209 29.324117 29.586242 29.900058 30.263955 24.350716 24.665751 25.041306 25.474703 7.620000 5.080000 2.540000 0.000000 2.540000 89.357852 88.931547 88.576057 88.292235 88.080774 87.942197 87.876849 81.876322 81.410851 81.022369 80.711989 80.480614 80.328927 80.257380 58.887963 60.154245 61.420680 62.687260 58.714222 59.984172 61.254123 62.524077 
110.916784 33.989751 134.130761 82.727452 31.823448 32.065149 32.354929 32.691512 26.832425 27.118645 27.460674 27.856456 10.160000 7.620000 5.080000 2.540000 0.000000 91.856754 91.442100 91.096407 90.820462 90.614901 90.480206 90.416691 84.367411 83.915759 83.538927 83.237931 83.013597 82.866546 82.797192 59.138508 60.399537 61.660935 62.922678 58.746272 60.015543 61.284845 62.554175 
22.702013 100.810415 99.685527 139.944856 62.909353 63.358166 63.829095 64.321656 67.700902 68.118152 68.556392 69.015223 81.876322 84.367411 86.861334 89.357852 91.856754 0.000000 2.540000 5.080000 7.620000 10.160000 12.700000 15.240000 7.620000 8.032185 9.158100 10.776307 12.700000 14.810618 17.038838 112.066017 112.919271 113.780302 114.648934 115.892760 116.718042 117.551251 118.392220 
24.613687 101.258046 97.177448 138.169515 62.079974 62.483134 62.909353 63.358166 66.930924 67.305033 67.700902 68.118152 81.410851 83.915759 86.422716 88.931547 91.442100 2.540000 0.000000 2.540000 5.080000 7.620000 10.160000 12.700000 8.032185 7.620000 8.032185 9.158100 10.776307 12.700000 14.810618 110.383561 111.220719 112.066017 112.919271 114.266662 115.075575 115.892760 116.718042 
26.630603 101.767123 94.671072 136.418365 61.344624 61.700325 62.079974 62.483134 66.249440 66.578942 66.930924 67.305033 81.022369 83.538927 86.056862 88.576057 91.096407 5.080000 2.540000 0.000000 2.540000 5.080000 7.620000 10.160000 9.158100 8.032185 7.620000 8.032185 9.158100 10.776307 12.700000 108.734411 109.554728 110.383561 111.220719 112.674361 113.466198 114.266662 115.075575 
28.730604 102.336728 92.166537 134.692349 60.706719 61.013289 61.344624 61.700325 65.659205 65.942754 66.249440 66.578942 80.711989 83.237931 85.764703 88.292235 90.820462 7.620000 5.080000 2.540000 0.000000 2.540000 5.080000 7.620000 10.776307 9.158100 8.032185 7.620000 8.032185 9.158100 10.776307 107.120104 107.922803 108.734411 109.554728 111.117309 111.891336 112.674361 113.466198 
30.896754 102.965857 89.663997 132.992446 60.169359 60.425292 60.706719 61.013289 65.162698 65.399093 65.659205 65.942754 80.480614 83.013597 85.546995 88.080774 90.614901 10.160000 7.620000 5.080000 2.540000 0.000000 2.540000 5.080000 12.700000 10.776307 9.158100 8.032185 7.620000 8.032185 9.158100 105.542241 106.326515 107.120104 107.922803 109.597009 110.352469 111.117309 111.891336 
33.116075 103.653426 87.163624 131.319670 59.735258 59.939249 60.169359 60.425292 64.762076 64.950281 65.162698 65.399093 80.328927 82.866546 85.404307 87.942197 90.480206 12.700000 10.160000 7.620000 5.080000 2.540000 0.000000 2.540000 14.810618 12.700000 10.776307 9.158100 8.032185 7.620000 8.032185 104.002480 104.767492 105.542241 106.326515 108.115010 108.851123 109.597009 110.352469 
35.378562 104.398281 84.665610 129.675070 59.406679 59.557656 59.735258 59.939249 64.459127 64.598296 64.762076 64.950281 80.257380 82.797192 85.337015 87.876849 90.416691 15.240000 12.700000 10.160000 7.620000 5.080000 2.540000 0.000000 17.038838 14.810618 12.700000 10.776307 9.158100 8.032185 7.620000 102.502537 103.247422 104.002480 104.767492 106.672910 107.388872 108.115010 108.851123 
28.469342 93.301992 101.154962 134.636862 55.817761 56.323112 56.852346 57.404802 60.531221 60.997534 61.486547 61.997722 74.422896 76.903744 79.388333 81.876322 84.367411 7.620000 8.032185 9.158100 10.776307 12.700000 14.810618 17.038838 0.000000 2.540000 5.080000 7.620000 10.160000 12.700000 15.240000 106.522564 107.419860 108.324612 109.236636 110.190640 111.058303 111.933650 112.816502 
30.015923 93.785468 98.684237 132.790575 54.881317 55.336948 55.817761 56.323112 59.668796 60.088136 60.531221 60.997534 73.910500 76.407986 78.908186 81.410851 83.915759 8.032185 7.620000 8.032185 9.158100 10.776307 12.700000 14.810618 2.540000 0.000000 2.540000 5.080000 7.620000 10.160000 12.700000 104.751110 105.632916 106.522564 107.419860 108.479102 109.330844 110.190640 111.058303 
31.690867 94.334879 96.217119 130.967524 54.048114 54.451500 54.881317 55.336948 58.903352 59.273705 59.668796 60.088136 73.482376 75.993934 78.507322 81.022369 83.538927 9.158100 8.032185 7.620000 8.032185 9.158100 10.776307 12.700000 5.080000 2.540000 0.000000 2.540000 5.080000 7.620000 10.160000 103.011827 103.877346 104.751110 105.632916 106.800548 107.635605 108.479102 109.330844 
33.474911 94.949081 93.753894 129.168692 53.322992 53.671754 54.048114 54.451500 58.238714 58.558206 58.903352 59.273705 73.140006 75.662929 78.186958 80.711989 83.237931 10.776307 9.158100 8.032185 7.620000 8.032185 9.158100 10.776307 7.620000 5.080000 2.540000 0.000000 2.540000 5.080000 7.620000 101.306374 102.154765 103.011827 103.877346 105.156558 105.974131 106.800548 107.635605 
35.351541 95.626826 91.294876 127.395105 52.710412 53.002374 53.322992 53.671754 57.678366 57.945301 58.238714 58.558206 72.884598 75.416066 77.948089 80.480614 83.013597 12.700000 10.776307 9.158100 8.032185 7.620000 8.032185 9.158100 10.160000 7.620000 5.080000 2.540000 0.000000 2.540000 5.080000 99.636486 100.466872 101.306374 102.154765 103.548779 104.348037 105.156558 105.974131 
37.306789 96.366772 88.840415 125.647832 52.214336 52.447586 52.710412 53.002374 57.225371 57.438276 57.678366 57.945301 72.717067 75.254171 77.791463 80.328927 82.866546 14.810618 12.700000 10.776307 9.158100 8.032185 7.620000 8.032185 12.700000 10.160000 7.620000 5.080000 2.540000 0.000000 2.540000 98.003982 98.815444 99.636486 100.466872 101.978923 102.759001 103.548779 104.348037 
39.328930 97.167500 86.390900 123.927987 51.838107 52.011058 52.214336 52.447586 56.882296 57.039955 57.225371 57.438276 72.638023 75.177794 77.717580 80.257380 82.797192 17.038838 14.810618 12.700000 10.776307 9.158100 8.032185 7.620000 15.240000 12.700000 10.160000 7.620000 5.080000 2.540000 0.000000 96.410761 97.202339 98.003982 98.815444 100.448769 101.208770 101.978923 102.759001 
134.702358 92.889384 101.634296 28.517411 58.533013 57.379678 56.231371 55.088406 56.616304 55.423097 54.233378 53.047382 58.791994 58.714222 58.746272 58.887963 59.138508 112.066017 110.383561 108.734411 107.120104 105.542241 104.002480 102.502537 106.522564 104.751110 103.011827 101.306374 99.636486 98.003982 96.410761 0.000000 1.270000 2.540000 3.810000 5.080000 5.236344 5.679613 6.350000 
135.568046 94.140361 101.347916 27.479311 59.691085 58.533013 57.379678 56.231371 57.812783 56.616304 55.423097 54.233378 60.060299 59.984172 60.015543 60.154245 60.399537 112.919271 111.220719 109.554728 107.922803 106.326515 104.767492 103.247422 107.419860 105.632916 103.877346 102.154765 100.466872 98.815444 97.202339 1.270000 0.000000 1.270000 2.540000 5.236344 5.080000 5.236344 5.679613 
136.440062 95.391840 101.076682 26.461447 60.853622 59.691085 58.533013 57.379678 59.012334 57.812783 56.616304 55.423097 61.328674 61.254123 61.284845 61.420680 61.660935 113.780302 112.066017 110.383561 108.734411 107.120104 105.542241 104.002480 108.324612 106.522564 104.751110 103.011827 101.306374 99.636486 98.003982 2.540000 1.270000 0.000000 1.270000 5.679613 5.236344 5.080000 5.236344 
137.318287 96.643803 100.820718 25.466244 62.020375 60.853622 59.691085 58.533013 60.214776 59.012334 57.812783 56.616304 62.597115 62.524077 62.554175 62.687260 62.922678 114.648934 112.919271 111.220719 109.554728 107.922803 106.326515 104.767492 109.236636 107.419860 105.632916 103.877346 102.154765 100.466872 98.815444 3.810000 2.540000 1.270000 0.000000 6.350000 5.679613 5.236344 5.080000 
138.474197 92.143452 106.582870 25.985010 60.814753 59.705511 58.602795 57.506983 58.533013 57.379678 56.231371 55.088406 59.274661 58.979152 58.791994 58.714222 58.746272 115.892760 114.266662 112.674361 111.117309 109.597009 108.115010 106.672910 110.190640 108.479102 106.800548 105.156558 103.548779 101.978923 100.448769 5.080000 5.236344 5.679613 6.350000 0.000000 1.270000 2.540000 3.810000 
139.316449 93.404419 106.309821 24.841308 61.930171 60.814753 59.705511 58.602795 59.691085 58.533013 57.379678 56.231371 60.532854 60.243517 60.060299 59.984172 60.015543 116.718042 115.075575 113.466198 111.891336 110.352469 108.851123 107.388872 111.058303 109.330844 107.635605 105.974131 104.348037 102.759001 101.208770 5.236344 5.080000 5.236344 5.679613 1.270000 0.000000 1.270000 2.540000 
140.165148 94.665628 106.051279 23.710467 63.051439 61.930171 60.814753 59.705511 60.853622 59.691085 58.533013 57.379678 61.791530 61.508114 61.328674 61.254123 61.284845 117.551251 115.892760 114.266662 112.674361 111.117309 109.597009 108.115010 111.933650 110.190640 108.479102 106.800548 105.156558 103.548779 101.978923 5.679613 5.236344 5.080000 5.236344 2.540000 1.270000 0.000000 1.270000 
141.020176 95.927069 105.807349 22.594417 64.178248 63.051439 61.930171 60.814753 62.020375 60.853622 59.691085 58.533013 63.050660 62.772930 62.597115 62.524077 62.554175 118.392220 116.718042 115.075575 113.466198 111.891336 110.352469 108.851123 112.816502 111.058303 109.330844 107.635605 105.974131 104.348037 102.759001 6.350000 5.679613 5.236344 5.080000 3.810000 2.540000 1.270000 0.000000 
