44
# Circuit board instance
Size: large
Nodes: 44
0.000000 140.000000 140.000000 197.989899 130.870667 132.308928 133.779956 135.282681 136.816060 28.528497 29.795432 31.218002 32.775947 34.450907 91.718767 92.784111 93.854548 94.929905 94.595658 95.628958 96.667898 97.712298 58.819507 59.861926 60.992369 62.206038 63.498161 64.864050 66.299146 65.896082 66.828208 67.842673 68.935843 70.104035 71.343565 72.650781 124.962081 124.995489 125.041787 125.100962 130.040981 130.073084 130.117576 130.174444 
140.000000 0.000000 197.989899 140.000000 127.355313 126.042440 124.767467 123.531567 122.335925 129.215524 126.725468 124.237434 121.751547 119.267939 118.117338 118.946478 119.783344 120.627775 114.303595 115.160196 116.024375 116.895964 88.946811 89.639561 90.398395 91.221663 92.107639 93.054531 94.060499 81.611852 82.366317 83.191520 84.085380 85.045732 86.070349 87.156966 15.297810 15.568350 15.935804 16.393656 10.332379 10.728867 11.255439 11.894832 
140.000000 197.989899 0.000000 140.000000 79.745852 82.084845 84.435454 86.796734 89.167839 115.514113 115.833514 116.207568 116.635749 117.117463 80.760162 79.769435 78.786723 77.812328 84.013154 83.061237 82.117927 81.183524 128.826852 126.526177 124.234828 121.953329 119.682245 117.422180 115.173782 132.207855 129.967045 127.737433 125.519615 123.314229 121.121954 118.943513 185.668498 184.730998 183.797492 182.868040 189.124102 188.203817 187.287621 186.375575 
197.989899 140.000000 140.000000 0.000000 73.835256 71.546949 69.276187 67.024752 64.794659 170.956973 169.082759 167.226120 165.387648 163.567957 109.825211 109.098745 108.382291 107.676049 105.712740 104.957812 104.212894 103.478200 145.079835 143.040813 141.018060 139.012284 137.024233 135.054689 133.104473 140.702231 138.598822 136.510265 134.437251 132.380511 130.340816 128.318978 138.171243 136.908885 135.646670 134.384602 137.709939 136.443314 135.176752 133.910255 
130.870667 127.355313 79.745852 73.835256 0.000000 2.540000 5.080000 7.620000 10.160000 102.562153 101.098064 99.677205 98.301449 96.972717 39.184495 38.164185 37.159268 36.171027 36.432024 35.332319 34.244400 33.169427 87.492200 85.015548 82.542746 80.074151 77.610164 75.151239 72.697888 86.146599 83.630107 81.115081 78.601660 76.090006 73.580297 71.072740 117.755902 116.616140 115.479097 114.344852 120.072682 118.955121 117.840648 116.729353 
132.308928 126.042440 82.084845 71.546949 2.540000 0.000000 2.540000 5.080000 7.620000 104.067647 102.562153 101.098064 99.677205 98.301449 40.728928 39.748283 38.784432 37.838659 37.747939 36.687700 35.641177 34.609615 88.082770 85.623202 83.168469 80.719012 78.275327 75.837972 73.407576 86.522923 84.017703 81.514637 79.013927 76.515806 74.020536 71.528414 116.663229 115.512687 114.364673 113.219264 118.892805 117.764047 116.638195 115.515332 
133.779956 124.767467 84.435454 69.276187 5.080000 2.540000 0.000000 2.540000 5.080000 105.612774 104.067647 102.562153 101.098064 99.677205 42.369444 41.427649 40.503781 39.599094 39.184495 38.164185 37.159268 36.171027 88.742137 86.301362 83.866481 81.438022 79.016576 76.602809 74.197471 86.971829 84.479923 81.990968 79.505242 77.023058 74.544769 72.070777 115.616040 114.454971 113.296241 112.139920 117.755902 116.616140 115.479097 114.344852 
135.282681 123.531567 86.796734 67.024752 7.620000 5.080000 2.540000 0.000000 2.540000 107.195822 105.612774 104.067647 102.562153 101.098064 44.095318 43.191173 42.305834 41.440507 40.728928 39.748283 38.784432 37.838659 89.468779 87.048382 84.634995 82.229235 79.831792 77.443438 75.065041 87.492200 85.015548 82.542746 80.074151 77.610164 75.151239 72.697888 114.615582 113.444275 112.275113 111.108166 116.663229 115.512687 114.364673 113.219264 
136.816060 122.335925 89.167839 64.794659 10.160000 7.620000 5.080000 2.540000 0.000000 108.815136 107.195822 105.612774 104.067647 102.562153 45.896924 45.028968 44.180473 43.352579 42.369444 41.427649 40.503781 39.599094 90.261073 87.862504 85.472108 83.090588 80.718733 78.357418 76.007626 88.082770 85.623202 83.168469 80.719012 78.275327 75.837972 73.407576 113.663089 112.481863 111.302593 110.125341 115.616040 114.454971 113.296241 112.139920 
28.528497 129.215524 115.514113 170.956973 102.562153 104.067647 105.612774 107.195822 108.815136 0.000000 2.540000 5.080000 7.620000 10.160000 63.378074 64.414292 65.458747 66.511051 66.467318 67.456098 68.454158 69.461098 40.882428 40.826610 40.928650 41.187375 41.599862 42.161599 42.866719 48.493392 48.446343 48.532365 48.750753 49.099742 49.576572 50.177601 113.922070 113.676955 113.445529 113.227876 118.905386 118.670565 118.448897 118.240454 
29.795432 126.725468 115.833514 169.082759 101.098064 102.562153 104.067647 105.612774 107.195822 2.540000 0.000000 2.540000 5.080000 7.620000 61.932003 62.992013 64.059662 65.134573 64.891376 65.903805 66.925018 67.954620 38.346238 38.286722 38.395513 38.671190 39.110224 39.707197 40.455118 45.956071 45.906422 45.997194 46.227561 46.595451 47.097643 47.729897 111.433685 111.183085 110.946458 110.723892 116.412683 116.172824 115.946380 115.733430 
31.218002 124.237434 116.207568 167.226120 99.677205 101.098064 102.562153 104.067647 105.612774 5.080000 2.540000 0.000000 2.540000 5.080000 60.557979 61.641622 62.732258 63.829527 63.378074 64.414292 65.458747 66.511051 35.810588 35.746851 35.863347 36.158334 36.627501 37.264269 38.060226 43.419064 43.366510 43.462588 43.706316 44.095246 44.625583 45.292358 108.947684 108.691352 108.449288 108.221587 113.922070 113.676955 113.445529 113.227876 
32.775947 121.751547 116.635749 165.387648 98.301449 99.677205 101.098064 102.562153 104.067647 7.620000 5.080000 2.540000 0.000000 2.540000 59.261016 60.367945 61.481178 62.600381 61.932003 62.992013 64.059662 65.134573 33.275602 33.206999 33.332373 33.649555 34.153203 34.835229 35.685407 40.882428 40.826610 40.928650 41.187375 41.599862 42.161599 42.866719 106.464231 106.201905 105.954154 105.721079 111.433685 111.183085 110.946458 110.723892 
34.450907 119.267939 117.117463 163.567957 96.972717 98.301449 99.677205 101.098064 102.562153 10.160000 7.620000 5.080000 2.540000 0.000000 58.046277 59.175933 60.311173 61.451688 60.557979 61.641622 62.732258 63.829527 30.741443 30.667172 30.802885 31.145838 31.689303 32.423199 33.334950 38.346238 38.286722 38.395513 38.671190 39.110224 39.707197 40.455118 103.983510 103.714910 103.461204 103.222500 108.947684 108.691352 108.449288 108.221587 
91.718767 118.117338 80.760162 109.825211 39.184495 40.728928 42.369444 44.095318 45.896924 63.378074 61.932003 60.557979 59.261016 58.046277 0.000000 1.270000 2.540000 3.810000 5.080000 5.236344 5.679613 6.350000 53.807348 51.274302 48.741980 46.210501 43.680012 41.150694 38.622778 54.886156 52.405281 49.930352 47.462299 45.002254 42.551604 40.112073 105.229184 104.338802 103.456347 102.582024 108.894978 108.034812 107.182792 106.339112 
92.784111 118.946478 79.769435 109.098745 38.164185 39.748283 41.427649 43.191173 45.028968 64.414292 62.992013 61.641622 60.367945 59.175933 1.270000 0.000000 1.270000 2.540000 5.236344 5.080000 5.236344 5.679613 55.074111 52.540741 50.008044 47.476127 44.945122 42.415193 39.886544 56.128576 53.645027 51.167019 48.695401 46.231196 43.775656 41.330326 106.127294 105.229184 104.338802 103.456347 109.763098 108.894978 108.034812 107.182792 
93.854548 119.783344 78.786723 108.382291 37.159268 38.784432 40.503781 42.305834 44.180473 65.458747 64.059662 62.732258 61.481178 60.311173 2.540000 1.270000 0.000000 1.270000 5.679613 5.236344 5.080000 5.236344 56.341020 53.807348 51.274302 48.741980 46.210501 43.680012 41.150694 57.372205 54.886156 52.405281 49.930352 47.462299 45.002254 42.551604 107.032938 106.127294 105.229184 104.338802 110.638985 109.763098 108.894978 108.034812 
94.929905 120.627775 77.812328 107.676049 36.171027 37.838659 39.599094 41.440507 43.352579 66.511051 65.134573 63.829527 62.600381 61.451688 3.810000 2.540000 1.270000 0.000000 6.350000 5.679613 5.236344 5.080000 57.608064 55.074111 52.540741 50.008044 47.476127 44.945122 42.415193 58.616964 56.128576 53.645027 51.167019 48.695401 46.231196 43.775656 107.945926 107.032938 106.127294 105.229184 111.522455 110.638985 109.763098 108.894978 
94.595658 114.303595 84.013154 105.712740 36.432024 37.747939 39.184495 40.728928 42.369444 66.467318 64.891376 63.378074 61.932003 60.557979 5.080000 5.236344 5.679613 6.350000 0.000000 1.270000 2.540000 3.810000 53.680292 51.140953 48.601684 46.062495 43.523401 40.984420 38.445573 54.050106 51.528995 49.009835 46.492943 43.978707 41.467612 38.960265 101.685096 100.763402 99.849353 98.943162 105.229184 104.338802 103.456347 102.582024 
95.628958 115.160196 83.061237 104.957812 35.332319 36.687700 38.164185 39.748283 41.427649 67.456098 65.903805 64.414292 62.992013 61.641622 5.236344 5.080000 5.236344 5.679613 1.270000 0.000000 1.270000 2.540000 54.949984 52.410615 49.871309 47.332079 44.792936 42.253895 39.714978 55.311309 52.789324 50.269153 47.751083 45.235465 42.722733 40.213427 102.614230 101.685096 100.763402 99.849353 106.127294 105.229184 104.338802 103.456347 
96.667898 116.024375 82.117927 104.212894 34.244400 35.641177 37.159268 38.784432 40.503781 68.454158 66.925018 65.458747 64.059662 62.732258 5.679613 5.236344 5.080000 5.236344 2.540000 1.270000 0.000000 1.270000 56.219690 53.680292 51.140953 48.601684 46.062495 43.523401 40.984420 56.572907 54.050106 51.528995 49.009835 46.492943 43.978707 41.467612 103.550603 102.614230 101.685096 100.763402 107.032938 106.127294 105.229184 104.338802 
97.712298 116.895964 81.183524 103.478200 33.169427 34.609615 36.171027 37.838659 39.599094 69.461098 67.954620 66.511051 65.134573 63.829527 6.350000 5.679613 5.236344 5.080000 3.810000 2.540000 1.270000 0.000000 57.489409 54.949984 52.410615 49.871309 47.332079 44.792936 42.253895 57.834872 55.311309 52.789324 50.269153 47.751083 45.235465 42.722733 104.494021 103.550603 102.614230 101.685096 107.945926 107.032938 106.127294 105.229184 
58.819507 88.946811 128.826852 145.079835 87.492200 88.082770 88.742137 89.468779 90.261073 40.882428 38.346238 35.810588 33.275602 30.741443 53.807348 55.074111 56.341020 57.608064 53.680292 54.949984 56.219690 57.489409 0.000000 2.540000 5.080000 7.620000 10.160000 12.700000 15.240000 7.620000 8.032185 9.158100 10.776307 12.700000 14.810618 17.038838 73.720857 73.379038 73.057700 72.757113 78.614481 78.294029 77.992944 77.711450 
59.861926 89.639561 126.526177 143.040813 85.015548 85.623202 86.301362 87.048382 87.862504 40.826610 38.286722 35.746851 33.206999 30.667172 51.274302 52.540741 53.807348 55.074111 51.140953 52.410615 53.680292 54.949984 2.540000 0.000000 2.540000 5.080000 7.620000 10.160000 12.700000 8.032185 7.620000 8.032185 9.158100 10.776307 12.700000 14.810618 74.464792 74.082873 73.720857 73.379038 79.312528 78.954062 78.614481 78.294029 
60.992369 90.398395 124.234828 141.018060 82.542746 83.168469 83.866481 84.634995 85.472108 40.928650 38.395513 35.863347 33.332373 30.802885 48.741980 50.008044 51.274302 52.540741 48.601684 49.871309 51.140953 52.410615 5.080000 2.540000 0.000000 2.540000 5.080000 7.620000 10.160000 9.158100 8.032185 7.620000 8.032185 9.158100 10.776307 12.700000 75.287110 74.866308 74.464792 74.082873 80.085084 79.689623 79.312528 78.954062 
62.206038 91.221663 121.953329 139.012284 80.074151 80.719012 81.438022 82.229235 83.090588 41.187375 38.671190 36.158334 33.649555 31.145838 46.210501 47.476127 48.741980 50.008044 46.062495 47.332079 48.601684 49.871309 7.620000 5.080000 2.540000 0.000000 2.540000 5.080000 7.620000 10.776307 9.158100 8.032185 7.620000 8.032185 9.158100 10.776307 76.185272 75.726874 75.287110 74.866308 80.930017 80.498641 80.085084 79.689623 
63.498161 92.107639 119.682245 137.024233 77.610164 78.275327 79.016576 79.831792 80.718733 41.599862 39.110224 36.627501 34.153203 31.689303 43.680012 44.945122 46.210501 47.476127 43.523401 44.792936 46.062495 47.332079 10.160000 7.620000 5.080000 2.540000 0.000000 2.540000 5.080000 12.700000 10.776307 9.158100 8.032185 7.620000 8.032185 9.158100 77.156632 76.661971 76.185272 75.726874 81.845083 81.378927 80.930017 80.498641 
64.864050 93.054531 117.422180 135.054689 75.151239 75.837972 76.602809 77.443438 78.357418 42.161599 39.707197 37.264269 34.835229 32.423199 41.150694 42.415193 43.680012 44.945122 40.984420 42.253895 43.523401 44.792936 12.700000 10.160000 7.620000 5.080000 2.540000 0.000000 2.540000 14.810618 12.700000 10.776307 9.158100 8.032185 7.620000 8.032185 78.198460 77.668910 77.156632 76.661971 82.827960 82.328193 81.845083 81.378927 
66.299146 94.060499 115.173782 133.104473 72.697888 73.407576 74.197471 75.065041 76.007626 42.866719 40.455118 38.060226 35.685407 33.334950 38.622778 39.886544 41.150694 42.415193 38.445573 39.714978 40.984420 42.253895 15.240000 12.700000 10.160000 7.620000 5.080000 2.540000 0.000000 17.038838 14.810618 12.700000 10.776307 9.158100 8.032185 7.620000 79.307979 78.744933 78.198460 77.668910 83.876262 83.344083 82.827960 82.328193 
65.896082 81.611852 132.207855 140.702231 86.146599 86.522923 86.971829 87.492200 88.082770 48.493392 45.956071 43.419064 40.882428 38.346238 54.886156 56.128576 57.372205 58.616964 54.050106 55.311309 56.572907 57.834872 7.620000 8.032185 9.158100 10.776307 12.700000 14.810618 17.038838 0.000000 2.540000 5.080000 7.620000 10.160000 12.700000 15.240000 66.432906 66.053383 65.696223 65.361792 71.283824 70.930262 70.597779 70.286673 
66.828208 82.366317 129.967045 138.598822 83.630107 84.017703 84.479923 85.015548 85.623202 48.446343 45.906422 43.366510 40.826610 38.286722 52.405281 53.645027 54.886156 56.128576 51.528995 52.789324 54.050106 55.311309 8.032185 7.620000 8.032185 9.158100 10.776307 12.700000 14.810618 2.540000 0.000000 2.540000 5.080000 7.620000 10.160000 12.700000 67.257501 66.834410 66.432906 66.053383 72.052926 71.658154 71.283824 70.930262 
67.842673 83.191520 127.737433 136.510265 81.115081 81.514637 81.990968 82.542746 83.168469 48.532365 45.997194 43.462588 40.928650 38.395513 49.930352 51.167019 52.405281 53.645027 49.009835 50.269153 51.528995 52.789324 9.158100 8.032185 7.620000 8.032185 9.158100 10.776307 12.700000 5.080000 2.540000 0.000000 2.540000 5.080000 7.620000 10.160000 68.166818 67.701775 67.257501 66.834410 72.902454 72.467807 72.052926 71.658154 
68.935843 84.085380 125.519615 134.437251 78.601660 79.013927 79.505242 80.074151 80.719012 48.750753 46.227561 43.706316 41.187375 38.671190 47.462299 48.695401 49.930352 51.167019 46.492943 47.751083 49.009835 50.269153 10.776307 9.158100 8.032185 7.620000 8.032185 9.158100 10.776307 7.620000 5.080000 2.540000 0.000000 2.540000 5.080000 7.620000 69.157516 68.652208 68.166818 67.701775 73.829632 73.356515 72.902454 72.467807 
70.104035 85.045732 123.314229 132.380511 76.090006 76.515806 77.023058 77.610164 78.275327 49.099742 46.595451 44.095246 41.599862 39.110224 45.002254 46.231196 47.462299 48.695401 43.978707 45.235465 46.492943 47.751083 12.700000 10.776307 9.158100 8.032185 7.620000 8.032185 9.158100 10.160000 7.620000 5.080000 2.540000 0.000000 2.540000 5.080000 70.226149 69.682309 69.157516 68.652208 74.831575 74.321442 73.829632 73.356515 
71.343565 86.070349 121.121954 130.340816 73.580297 74.020536 74.544769 75.151239 75.837972 49.576572 47.097643 44.625583 42.161599 39.707197 42.551604 43.775656 45.002254 46.231196 41.467612 42.722733 43.978707 45.235465 14.810618 12.700000 10.776307 9.158100 8.032185 7.620000 8.032185 12.700000 10.160000 7.620000 5.080000 2.540000 0.000000 2.540000 71.369218 70.788599 70.226149 69.682309 75.905322 75.359660 74.831575 74.321442 
72.650781 87.156966 118.943513 128.318978 71.072740 71.528414 72.070777 72.697888 73.407576 50.177601 47.729897 45.292358 42.866719 40.455118 40.112073 41.330326 42.551604 43.775656 38.960265 40.213427 41.467612 42.722733 17.038838 14.810618 12.700000 10.776307 9.158100 8.032185 7.620000 15.240000 12.700000 10.160000 7.620000 5.080000 2.540000 0.000000 72.583206 71.967567 71.369218 70.788599 77.047871 76.468185 75.905322 75.359660 
124.962081 15.297810 185.668498 138.171243 117.755902 116.663229 115.616040 114.615582 113.663089 113.922070 111.433685 108.947684 106.464231 103.983510 105.229184 106.127294 107.032938 107.945926 101.685096 102.614230 103.550603 104.494021 73.720857 74.464792 75.287110 76.185272 77.156632 78.198460 79.307979 66.432906 67.257501 68.166818 69.157516 70.226149 71.369218 72.583206 0.000000 1.270000 2.540000 3.810000 5.080000 5.236344 5.679613 6.350000 
124.995489 15.568350 184.730998 136.908885 116.616140 115.512687 114.454971 113.444275 112.481863 113.676955 111.183085 108.691352 106.201905 103.714910 104.338802 105.229184 106.127294 107.032938 100.763402 101.685096 102.614230 103.550603 73.379038 74.082873 74.866308 75.726874 76.661971 77.668910 78.744933 66.053383 66.834410 67.701775 68.652208 69.682309 70.788599 71.967567 1.270000 0.000000 1.270000 2.540000 5.236344 5.080000 5.236344 5.679613 
125.041787 15.935804 183.797492 135.646670 115.479097 114.364673 113.296241 112.275113 111.302593 113.445529 110.946458 108.449288 105.954154 103.461204 103.456347 104.338802 105.229184 106.127294 99.849353 100.763402 101.685096 102.614230 73.057700 73.720857 74.464792 75.287110 76.185272 77.156632 78.198460 65.696223 66.432906 67.257501 68.166818 69.157516 70.226149 71.369218 2.540000 1.270000 0.000000 1.270000 5.679613 5.236344 5.080000 5.236344 
125.100962 16.393656 182.868040 134.384602 114.344852 113.219264 112.139920 111.108166 110.125341 113.227876 110.723892 108.221587 105.721079 103.222500 102.582024 103.456347 104.338802 105.229184 98.943162 99.849353 100.763402 101.685096 72.757113 73.379038 74.082873 74.866308 75.726874 76.661971 77.668910 65.361792 66.053383 66.834410 67.701775 68.652208 69.682309 70.788599 3.810000 2.540000 1.270000 0.000000 6.350000 5.679613 5.236344 5.080000 
130.040981 10.332379 189.124102 137.709939 120.072682 118.892805 117.755902 116.663229 115.616040 118.905386 116.412683 113.922070 111.433685 108.947684 108.894978 109.763098 110.638985 111.522455 105.229184 106.127294 107.032938 107.945926 78.614481 79.312528 80.085084 80.930017 81.845083 82.827960 83.876262 71.283824 72.052926 72.902454 73.829632 74.831575 75.905322 77.047871 5.080000 5.236344 5.679613 6.350000 0.000000 1.270000 2.540000 3.810000 
130.073084 10.728867 188.203817 136.443314 118.955121 117.764047 116.616140 115.512687 114.454971 118.670565 116.172824 113.676955 111.183085 108.691352 108.034812 108.894978 109.763098 110.638985 104.338802 105.229184 106.127294 107.032938 78.294029 78.954062 79.689623 80.498641 81.378927 82.328193 83.344083 70.930262 71.658154 72.467807 73.356515 74.321442 75.359660 76.468185 5.236344 5.080000 5.236344 5.679613 1.270000 0.000000 1.270000 2.540000 
130.117576 11.255439 187.287621 135.176752 117.840648 116.638195 115.479097 114.364673 113.296241 118.448897 115.946380 113.445529 110.946458 108.449288 107.182792 108.034812 108.894978 109.763098 103.456347 104.338802 105.229184 106.127294 77.992944 78.614481 79.312528 80.085084 80.930017 81.845083 82.827960 70.597779 71.283824 72.052926 72.902454 73.829632 74.831575 75.905322 5.679613 5.236344 5.080000 5.236344 2.540000 1.270000 0.000000 1.270000 
130.174444 11.894832 186.375575 133.910255 116.729353 115.515332 114.344852 113.219264 112.139920 118.240454 115.733430 113.227876 110.723892 108.221587 106.339112 107.182792 108.034812 108.894978 102.582024 103.456347 104.338802 105.229184 77.711450 78.294029 78.954062 79.689623 80.498641 81.378927 82.328193 70.286673 70.930262 71.658154 72.467807 73.356515 74.321442 75.359660 6.350000 5.679613 5.236344 5.080000 3.810000 2.540000 1.270000 0.000000 
