59
# Circuit board instance
Size: large
Nodes: 59
0.000000 140.000000 140.000000 197.989899 60.554985 62.719405 64.911050 67.127255 69.365664 113.989903 115.243428 116.497310 117.751537 114.919379 116.162874 117.406937 118.651550 138.973943 140.492579 142.040403 143.616470 145.219861 146.849681 148.505060 145.185199 146.639524 148.123129 149.635142 151.174711 152.741004 154.333205 146.822486 148.754156 150.703877 152.670958 154.654736 156.654577 158.669874 151.912321 153.780069 155.666854 157.571990 159.494822 161.434715 163.391064 115.869312 117.136271 118.444155 119.791622 121.177353 122.600050 124.058441 122.566415 123.764836 125.003385 126.280883 127.596158 128.948055 130.335434 
140.000000 0.000000 197.989899 140.000000 94.424733 92.041554 89.666986 87.301731 84.946568 165.654081 166.519141 167.389366 168.264676 161.961848 162.846523 163.736268 164.631002 86.908037 89.316376 91.731817 94.153813 96.581873 99.015549 101.454438 84.760794 87.228437 89.700119 92.175516 94.654337 97.136318 99.621224 119.531367 121.896284 124.268112 126.646462 129.030974 131.421313 133.817166 116.938695 119.354995 121.776330 124.202404 126.632947 129.067705 131.506444 68.952450 71.060882 73.196726 75.357652 77.541562 79.746569 81.970969 64.943583 67.177954 69.433344 71.707770 73.999475 76.306905 78.628673 
140.000000 197.989899 0.000000 140.000000 119.319225 120.432118 121.587893 122.785340 124.023251 33.093068 32.045294 31.014132 30.001294 36.165133 35.208899 34.273052 33.359308 126.003130 124.859908 123.758264 122.699317 121.684181 120.713963 119.789753 132.822340 131.738309 130.694656 129.692357 128.732378 127.815672 126.943176 100.211803 99.509607 98.867697 98.287254 97.769373 97.315052 96.925187 107.531002 106.876905 106.279501 105.739752 105.258544 104.836684 104.474890 130.805045 129.205141 127.635732 126.097958 124.592990 123.122031 121.686314 136.772762 135.243473 133.744939 132.278205 130.844342 129.444440 128.079615 
197.989899 140.000000 140.000000 0.000000 139.592985 137.992098 136.419719 134.876846 133.364503 124.670477 124.396453 124.134818 123.885650 119.720898 119.435519 119.162992 118.903407 64.156362 61.880908 59.626823 57.396624 55.193207 53.019910 50.880595 61.216207 58.827137 56.451247 54.090273 51.746259 49.421616 47.119212 52.662231 51.313419 50.057233 48.900811 47.851388 46.916143 46.102027 46.478182 44.944163 43.504453 42.168711 40.947114 39.850161 38.888401 91.862412 89.569589 87.290452 85.026102 82.777751 80.546741 78.334552 88.892808 86.521326 84.159679 81.808719 79.469395 77.142764 74.830011 
60.554985 94.424733 119.319225 139.592985 0.000000 2.540000 5.080000 7.620000 10.160000 86.709610 87.886249 89.065452 90.247120 84.915195 86.116356 87.319464 88.524441 78.695986 80.334547 82.019045 83.746709 85.514922 87.321222 89.163294 84.716857 86.241098 87.812364 89.428177 91.086165 92.784069 94.519736 90.663353 92.881500 95.115749 97.364992 99.628212 101.904480 104.192939 94.653350 96.780092 98.926331 101.090824 103.272426 105.470072 107.682783 55.465649 56.637619 57.897363 59.239284 60.657926 62.148037 63.704601 62.387250 63.431464 64.558776 65.764912 67.045618 68.396706 69.814089 
62.719405 92.041554 120.432118 137.992098 2.540000 0.000000 2.540000 5.080000 7.620000 87.703445 88.866926 90.033286 91.202415 85.779495 86.968719 88.160196 89.353836 76.752213 78.431392 80.155896 81.922861 83.729600 85.573593 87.452484 82.680591 84.241683 85.849552 87.501617 89.195425 90.928641 92.699055 89.438129 91.685922 93.948609 96.225137 98.514547 100.815963 103.128579 93.273160 95.430666 97.606581 99.799702 102.008919 104.233209 106.471627 53.200886 54.421650 55.731506 57.124328 58.594199 60.135469 61.742791 60.061265 61.145214 62.313899 63.562647 64.886835 66.281942 67.743587 
64.911050 89.666986 121.587893 136.419719 5.080000 2.540000 0.000000 2.540000 5.080000 88.758860 89.908684 91.061702 92.217794 86.709610 87.886249 89.065452 90.247120 74.844166 76.565203 78.330803 80.138020 81.984102 83.866482 85.782772 80.672905 82.272102 83.917716 85.607071 87.337628 89.106987 90.912883 88.269006 90.545828 92.836305 95.139453 97.454372 99.780243 102.116318 91.942435 94.130446 96.335734 98.557138 100.793594 103.044121 105.307817 50.962080 52.235192 53.598509 55.045328 56.569245 58.164198 59.824507 57.753314 58.879767 60.092527 61.386479 62.756602 64.198018 65.706037 
67.127255 87.301731 122.785340 134.876846 7.620000 5.080000 2.540000 0.000000 2.540000 89.873686 91.009427 92.148672 93.291295 87.703445 88.866926 90.033286 91.202415 72.974650 74.738749 76.546489 78.394850 80.281027 82.202416 84.156606 78.695986 80.334547 82.019045 83.746709 85.514922 87.321222 89.163294 87.158242 89.463337 91.780833 94.109815 96.449450 98.798981 101.157719 90.663353 92.881500 95.115749 97.364992 99.628212 101.904480 104.192939 48.752806 50.082110 51.502453 53.006516 54.587379 56.238567 57.954069 55.465649 56.637619 57.897363 59.239284 60.657926 62.148037 63.704601 
69.365664 84.946568 124.023251 133.364503 10.160000 7.620000 5.080000 2.540000 0.000000 91.045741 92.167039 93.292150 94.420936 88.758860 89.908684 91.061702 92.217794 71.146701 72.955014 74.805872 76.696193 78.623131 80.584060 82.576557 76.752213 78.431392 80.155896 81.922861 83.729600 85.573593 87.452484 86.108095 88.440565 90.784174 93.138081 95.501525 97.873814 100.254322 89.438129 91.685922 93.948609 96.225137 98.514547 100.815963 103.128579 46.577267 47.966900 49.448037 51.012708 52.653468 54.363427 56.136261 53.200886 54.421650 55.731506 57.124328 58.594199 60.135469 61.742791 
113.989903 165.654081 33.093068 124.670477 86.709610 87.703445 88.758860 89.873686 91.045741 0.000000 1.270000 2.540000 3.810000 5.080000 5.236344 5.679613 6.350000 98.358640 97.608179 96.918492 96.290887 95.726584 95.226709 94.792281 105.636018 104.937613 104.296406 103.713457 103.189753 102.726200 102.323617 77.571672 77.568338 77.648136 77.810810 78.055842 78.382460 78.789649 85.190587 85.187551 85.260218 85.408395 85.631690 85.929517 86.301105 99.572070 98.175007 96.824429 95.522309 94.270653 93.071498 91.926898 105.976349 104.664805 103.399031 102.180727 101.011611 99.893409 98.827851 
115.243428 166.519141 32.045294 124.396453 87.886249 88.866926 89.908684 91.009427 92.167039 1.270000 0.000000 1.270000 2.540000 5.236344 5.080000 5.236344 5.679613 98.756233 97.975897 97.255655 96.596851 96.000750 95.468527 95.001255 106.006320 105.279735 104.609792 103.997585 103.444140 102.950404 102.517240 77.604521 77.559608 77.597855 77.719140 77.923074 78.209011 78.576056 85.220499 85.179602 85.214429 85.324888 85.510685 85.771331 86.106146 100.287429 98.867849 97.493785 96.167187 94.890046 93.664385 92.492250 106.648759 105.314962 104.026091 102.783838 101.589912 100.446037 99.353942 
116.497310 167.389366 31.014132 124.134818 89.065452 90.033286 91.061702 92.148672 93.292150 2.540000 1.270000 0.000000 1.270000 5.679613 5.236344 5.080000 5.236344 99.168498 98.358640 97.608179 96.918492 96.290887 95.726584 95.226709 106.390494 105.636018 104.937613 104.296406 103.713457 103.189753 102.726200 77.658128 77.571672 77.568338 77.648136 77.810810 78.055842 78.382460 85.269318 85.190587 85.187551 85.260218 85.408395 85.631690 85.929517 101.013689 99.572070 98.175007 96.824429 95.522309 94.270653 93.071498 107.331984 105.976349 104.664805 103.399031 102.180727 101.011611 99.893409 
117.751537 168.264676 30.001294 123.885650 90.247120 91.202415 92.217794 93.291295 94.420936 3.810000 2.540000 1.270000 0.000000 6.350000 5.679613 5.236344 5.080000 99.595251 98.756233 97.975897 97.255655 96.596851 96.000750 95.468527 106.788390 106.006320 105.279735 104.609792 103.997585 103.444140 102.950404 77.732450 77.604521 77.559608 77.597855 77.719140 77.923074 78.209011 85.337011 85.220499 85.179602 85.214429 85.324888 85.510685 85.771331 101.750618 100.287429 98.867849 97.493785 96.167187 94.890046 93.664385 108.025820 106.648759 105.314962 104.026091 102.783838 101.589912 100.446037 
114.919379 161.961848 36.165133 119.720898 84.915195 85.779495 86.709610 87.703445 88.758860 5.080000 5.236344 5.679613 6.350000 0.000000 1.270000 2.540000 3.810000 93.537376 92.747911 92.021805 91.360568 90.765618 90.238266 89.779703 100.778806 100.046499 99.373737 98.761736 98.211631 97.724468 97.301192 72.492522 72.488955 72.574338 72.748358 73.010383 73.359468 73.794379 80.111288 80.108059 80.185330 80.342867 80.580200 80.896626 81.291223 95.401887 93.942828 92.530498 91.167069 89.854766 88.595862 87.392663 101.688202 100.320613 98.999310 97.726172 96.503105 95.332036 94.214903 
116.162874 162.846523 35.208899 119.435519 86.116356 86.968719 87.886249 88.866926 89.908684 5.236344 5.080000 5.236344 5.679613 1.270000 0.000000 1.270000 2.540000 93.955373 93.134821 92.376842 91.682987 91.054723 90.493415 90.000316 101.166888 100.405288 99.702597 99.060068 98.478878 97.960120 97.504789 72.527671 72.479613 72.520539 72.650301 72.868422 73.174113 73.566283 80.143095 80.099606 80.136641 80.254089 80.451597 80.728579 81.084219 96.148278 94.666650 93.230688 91.842533 90.504386 89.218496 87.987154 102.388777 100.998737 99.654059 98.356602 97.108260 95.910950 94.766606 
117.406937 163.736268 34.273052 119.162992 87.319464 88.160196 89.065452 90.033286 91.061702 5.679613 5.236344 5.080000 5.236344 2.540000 1.270000 0.000000 1.270000 94.388609 93.537376 92.747911 92.021805 91.360568 90.765618 90.238266 101.569368 100.778806 100.046499 99.373737 98.761736 98.211631 97.724468 72.585028 72.492522 72.488955 72.574338 72.748358 73.010383 73.359468 80.195005 80.111288 80.108059 80.185330 80.342867 80.580200 80.896626 96.905564 95.401887 93.942828 92.530498 91.167069 89.854766 88.595862 103.100236 101.688202 100.320613 98.999310 97.726172 96.503105 95.332036 
118.651550 164.631002 33.359308 118.903407 88.524441 89.353836 90.247120 91.202415 92.217794 6.350000 5.679613 5.236344 5.080000 3.810000 2.540000 1.270000 0.000000 94.836874 93.955373 93.134821 92.376842 91.682987 91.054723 90.493415 101.986075 101.166888 100.405288 99.702597 99.060068 98.478878 97.960120 72.664539 72.527671 72.479613 72.520539 72.650301 72.868422 73.174113 80.266978 80.143095 80.099606 80.136641 80.254089 80.451597 80.728579 97.673493 96.148278 94.666650 93.230688 91.842533 90.504386 89.218496 103.822356 102.388777 100.998737 99.654059 98.356602 97.108260 95.910950 
138.973943 86.908037 126.003130 64.156362 78.695986 76.752213 74.844166 72.974650 71.146701 98.358640 98.756233 99.168498 99.595251 93.537376 93.955373 94.388609 94.836874 0.000000 2.540000 5.080000 7.620000 10.160000 12.700000 15.240000 7.620000 8.032185 9.158100 10.776307 12.700000 14.810618 17.038838 33.008284 35.249777 37.529321 39.840385 42.177789 44.537384 46.915824 30.052235 32.498258 34.957688 37.427882 39.906840 42.393026 44.885238 27.723325 25.413282 23.151463 20.953491 18.841722 16.848603 15.021437 25.661069 23.146115 20.637295 18.137158 15.649863 13.182684 10.749478 
140.492579 89.316376 124.859908 61.880908 80.334547 78.431392 76.565203 74.738749 72.955014 97.608179 97.975897 98.358640 98.756233 92.747911 93.134821 93.537376 93.955373 2.540000 0.000000 2.540000 5.080000 7.620000 10.160000 12.700000 8.032185 7.620000 8.032185 9.158100 10.776307 12.700000 14.810618 30.813147 33.008284 35.249777 37.529321 39.840385 42.177789 44.537384 27.623180 30.052235 32.498258 34.957688 37.427882 39.906840 42.393026 30.070481 27.723325 25.413282 23.151463 20.953491 18.841722 16.848603 28.180517 25.661069 23.146115 20.637295 18.137158 15.649863 13.182684 
142.040403 91.731817 123.758264 59.626823 82.019045 80.155896 78.330803 76.546489 74.805872 96.918492 97.255655 97.608179 97.975897 92.021805 92.376842 92.747911 93.134821 5.080000 2.540000 0.000000 2.540000 5.080000 7.620000 10.160000 9.158100 8.032185 7.620000 8.032185 9.158100 10.776307 12.700000 28.675015 30.813147 33.008284 35.249777 37.529321 39.840385 42.177789 25.215997 27.623180 30.052235 32.498258 34.957688 37.427882 39.906840 32.446696 30.070481 27.723325 25.413282 23.151463 20.953491 18.841722 30.703352 28.180517 25.661069 23.146115 20.637295 18.137158 15.649863 
143.616470 94.153813 122.699317 57.396624 83.746709 81.922861 80.138020 78.394850 76.696193 96.290887 96.596851 96.918492 97.255655 91.360568 91.682987 92.021805 92.376842 7.620000 5.080000 2.540000 0.000000 2.540000 5.080000 7.620000 10.776307 9.158100 8.032185 7.620000 8.032185 9.158100 10.776307 26.607632 28.675015 30.813147 33.008284 35.249777 37.529321 39.840385 22.837604 25.215997 27.623180 30.052235 32.498258 34.957688 37.427882 34.846027 32.446696 30.070481 27.723325 25.413282 23.151463 20.953491 33.228802 30.703352 28.180517 25.661069 23.146115 20.637295 18.137158 
145.219861 96.581873 121.684181 55.193207 85.514922 83.729600 81.984102 80.281027 78.623131 95.726584 96.000750 96.290887 96.596851 90.765618 91.054723 91.360568 91.682987 10.160000 7.620000 5.080000 2.540000 0.000000 2.540000 5.080000 12.700000 10.776307 9.158100 8.032185 7.620000 8.032185 9.158100 24.628823 26.607632 28.675015 30.813147 33.008284 35.249777 37.529321 20.498024 22.837604 25.215997 27.623180 30.052235 32.498258 34.957688 37.264007 34.846027 32.446696 30.070481 27.723325 25.413282 23.151463 35.756313 33.228802 30.703352 28.180517 25.661069 23.146115 20.637295 
146.849681 99.015549 120.713963 53.019910 87.321222 85.573593 83.866482 82.202416 80.584060 95.226709 95.468527 95.726584 96.000750 90.238266 90.493415 90.765618 91.054723 12.700000 10.160000 7.620000 5.080000 2.540000 0.000000 2.540000 14.810618 12.700000 10.776307 9.158100 8.032185 7.620000 8.032185 22.761700 24.628823 26.607632 28.675015 30.813147 33.008284 35.249777 18.212221 20.498024 22.837604 25.215997 27.623180 30.052235 32.498258 39.697230 37.264007 34.846027 32.446696 30.070481 27.723325 25.413282 38.285478 35.756313 33.228802 30.703352 28.180517 25.661069 23.146115 
148.505060 101.454438 119.789753 50.880595 89.163294 87.452484 85.782772 84.156606 82.576557 94.792281 95.001255 95.226709 95.468527 89.779703 90.000316 90.238266 90.493415 15.240000 12.700000 10.160000 7.620000 5.080000 2.540000 0.000000 17.038838 14.810618 12.700000 10.776307 9.158100 8.032185 7.620000 21.036022 22.761700 24.628823 26.607632 28.675015 30.813147 33.008284 16.003257 18.212221 20.498024 22.837604 25.215997 27.623180 30.052235 42.143056 39.697230 37.264007 34.846027 32.446696 30.070481 27.723325 40.815988 38.285478 35.756313 33.228802 30.703352 28.180517 25.661069 
145.185199 84.760794 132.822340 61.216207 84.716857 82.680591 80.672905 78.695986 76.752213 105.636018 106.006320 106.390494 106.788390 100.778806 101.166888 101.569368 101.986075 7.620000 8.032185 9.158100 10.776307 12.700000 14.810618 17.038838 0.000000 2.540000 5.080000 7.620000 10.160000 12.700000 15.240000 37.310663 39.307576 41.364099 43.471773 45.623509 47.813360 50.036320 33.008284 35.249777 37.529321 39.840385 42.177789 44.537384 46.915824 31.540511 29.530594 27.608175 25.792826 24.108745 22.585316 21.257108 27.723325 25.413282 23.151463 20.953491 18.841722 16.848603 15.021437 
146.639524 87.228437 131.738309 58.827137 86.241098 84.241683 82.272102 80.334547 78.431392 104.937613 105.279735 105.636018 106.006320 100.046499 100.405288 100.778806 101.166888 8.032185 7.620000 8.032185 9.158100 10.776307 12.700000 14.810618 2.540000 0.000000 2.540000 5.080000 7.620000 10.160000 12.700000 35.383454 37.310663 39.307576 41.364099 43.471773 45.623509 47.813360 30.813147 33.008284 35.249777 37.529321 39.840385 42.177789 44.537384 33.622238 31.540511 29.530594 27.608175 25.792826 24.108745 22.585316 30.070481 27.723325 25.413282 23.151463 20.953491 18.841722 16.848603 
148.123129 89.700119 130.694656 56.451247 87.812364 85.849552 83.917716 82.019045 80.155896 104.296406 104.609792 104.937613 105.279735 99.373737 99.702597 100.046499 100.405288 9.158100 8.032185 7.620000 8.032185 9.158100 10.776307 12.700000 5.080000 2.540000 0.000000 2.540000 5.080000 7.620000 10.160000 33.537967 35.383454 37.310663 39.307576 41.364099 43.471773 45.623509 28.675015 30.813147 33.008284 35.249777 37.529321 39.840385 42.177789 35.763238 33.622238 31.540511 29.530594 27.608175 25.792826 24.108745 32.446696 30.070481 27.723325 25.413282 23.151463 20.953491 18.841722 
149.635142 92.175516 129.692357 54.090273 89.428177 87.501617 85.607071 83.746709 81.922861 103.713457 103.997585 104.296406 104.609792 98.761736 99.060068 99.373737 99.702597 10.776307 9.158100 8.032185 7.620000 8.032185 9.158100 10.776307 7.620000 5.080000 2.540000 0.000000 2.540000 5.080000 7.620000 31.788439 33.537967 35.383454 37.310663 39.307576 41.364099 43.471773 26.607632 28.675015 30.813147 33.008284 35.249777 37.529321 39.840385 37.953480 35.763238 33.622238 31.540511 29.530594 27.608175 25.792826 34.846027 32.446696 30.070481 27.723325 25.413282 23.151463 20.953491 
151.174711 94.654337 128.732378 51.746259 91.086165 89.195425 87.337628 85.514922 83.729600 103.189753 103.444140 103.713457 103.997585 98.211631 98.478878 98.761736 99.060068 12.700000 10.776307 9.158100 8.032185 7.620000 8.032185 9.158100 10.160000 7.620000 5.080000 2.540000 0.000000 2.540000 5.080000 30.151579 31.788439 33.537967 35.383454 37.310663 39.307576 41.364099 24.628823 26.607632 28.675015 30.813147 33.008284 35.249777 37.529321 40.184914 37.953480 35.763238 33.622238 31.540511 29.530594 27.608175 37.264007 34.846027 32.446696 30.070481 27.723325 25.413282 23.151463 
152.741004 97.136318 127.815672 49.421616 92.784069 90.928641 89.106987 87.321222 85.573593 102.726200 102.950404 103.189753 103.444140 97.724468 97.960120 98.211631 98.478878 14.810618 12.700000 10.776307 9.158100 8.032185 7.620000 8.032185 12.700000 10.160000 7.620000 5.080000 2.540000 0.000000 2.540000 28.646706 30.151579 31.788439 33.537967 35.383454 37.310663 39.307576 22.761700 24.628823 26.607632 28.675015 30.813147 33.008284 35.249777 42.451045 40.184914 37.953480 35.763238 33.622238 31.540511 29.530594 39.697230 37.264007 34.846027 32.446696 30.070481 27.723325 25.413282 
154.333205 99.621224 126.943176 47.119212 94.519736 92.699055 90.912883 89.163294 87.452484 102.323617 102.517240 102.726200 102.950404 97.301192 97.504789 97.724468 97.960120 17.038838 14.810618 12.700000 10.776307 9.158100 8.032185 7.620000 15.240000 12.700000 10.160000 7.620000 5.080000 2.540000 0.000000 27.295658 28.646706 30.151579 31.788439 33.537967 35.383454 37.310663 21.036022 22.761700 24.628823 26.607632 28.675015 30.813147 33.008284 44.746600 42.451045 40.184914 37.953480 35.763238 33.622238 31.540511 42.143056 39.697230 37.264007 34.846027 32.446696 30.070481 27.723325 
146.822486 119.531367 100.211803 52.662231 90.663353 89.438129 88.269006 87.158242 86.108095 77.571672 77.604521 77.658128 77.732450 72.492522 72.527671 72.585028 72.664539 33.008284 30.813147 28.675015 26.607632 24.628823 22.761700 21.036022 37.310663 35.383454 33.537967 31.788439 30.151579 28.646706 27.295658 0.000000 2.540000 5.080000 7.620000 10.160000 12.700000 15.240000 7.620000 8.032185 9.158100 10.776307 12.700000 14.810618 17.038838 54.511574 51.982839 49.455257 46.929017 44.404347 41.881530 39.360924 55.730547 53.259718 50.795714 48.339577 45.892571 43.456239 41.032480 
148.754156 121.896284 99.509607 51.313419 92.881500 91.685922 90.545828 89.463337 88.440565 77.568338 77.559608 77.571672 77.604521 72.488955 72.479613 72.492522 72.527671 35.249777 33.008284 30.813147 28.675015 26.607632 24.628823 22.761700 39.307576 37.310663 35.383454 33.537967 31.788439 30.151579 28.646706 2.540000 0.000000 2.540000 5.080000 7.620000 10.160000 12.700000 8.032185 7.620000 8.032185 9.158100 10.776307 12.700000 14.810618 57.041311 54.511574 51.982839 49.455257 46.929017 44.404347 41.881530 58.207330 55.730547 53.259718 50.795714 48.339577 45.892571 43.456239 
150.703877 124.268112 98.867697 50.057233 95.115749 93.948609 92.836305 91.780833 90.784174 77.648136 77.597855 77.568338 77.559608 72.574338 72.520539 72.488955 72.479613 37.529321 35.249777 33.008284 30.813147 28.675015 26.607632 24.628823 41.364099 39.307576 37.310663 35.383454 33.537967 31.788439 30.151579 5.080000 2.540000 0.000000 2.540000 5.080000 7.620000 10.160000 9.158100 8.032185 7.620000 8.032185 9.158100 10.776307 12.700000 59.571921 57.041311 54.511574 51.982839 49.455257 46.929017 44.404347 60.689339 58.207330 55.730547 53.259718 50.795714 48.339577 45.892571 
152.670958 126.646462 98.287254 48.900811 97.364992 96.225137 95.139453 94.109815 93.138081 77.810810 77.719140 77.648136 77.597855 72.748358 72.650301 72.574338 72.520539 39.840385 37.529321 35.249777 33.008284 30.813147 28.675015 26.607632 43.471773 41.364099 39.307576 37.310663 35.383454 33.537967 31.788439 7.620000 5.080000 2.540000 0.000000 2.540000 5.080000 7.620000 10.776307 9.158100 8.032185 7.620000 8.032185 9.158100 10.776307 62.103298 59.571921 57.041311 54.511574 51.982839 49.455257 46.929017 63.175958 60.689339 58.207330 55.730547 53.259718 50.795714 48.339577 
154.654736 129.030974 97.769373 47.851388 99.628212 98.514547 97.454372 96.449450 95.501525 78.055842 77.923074 77.810810 77.719140 73.010383 72.868422 72.748358 72.650301 42.177789 39.840385 37.529321 35.249777 33.008284 30.813147 28.675015 45.623509 43.471773 41.364099 39.307576 37.310663 35.383454 33.537967 10.160000 7.620000 5.080000 2.540000 0.000000 2.540000 5.080000 12.700000 10.776307 9.158100 8.032185 7.620000 8.032185 9.158100 64.635352 62.103298 59.571921 57.041311 54.511574 51.982839 49.455257 65.666664 63.175958 60.689339 58.207330 55.730547 53.259718 50.795714 
156.654577 131.421313 97.315052 46.916143 101.904480 100.815963 99.780243 98.798981 97.873814 78.382460 78.209011 78.055842 77.923074 73.359468 73.174113 73.010383 72.868422 44.537384 42.177789 39.840385 37.529321 35.249777 33.008284 30.813147 47.813360 45.623509 43.471773 41.364099 39.307576 37.310663 35.383454 12.700000 10.160000 7.620000 5.080000 2.540000 0.000000 2.540000 14.810618 12.700000 10.776307 9.158100 8.032185 7.620000 8.032185 67.168005 64.635352 62.103298 59.571921 57.041311 54.511574 51.982839 68.161008 65.666664 63.175958 60.689339 58.207330 55.730547 53.259718 
158.669874 133.817166 96.925187 46.102027 104.192939 103.128579 102.116318 101.157719 100.254322 78.789649 78.576056 78.382460 78.209011 73.794379 73.566283 73.359468 73.174113 46.915824 44.537384 42.177789 39.840385 37.529321 35.249777 33.008284 50.036320 47.813360 45.623509 43.471773 41.364099 39.307576 37.310663 15.240000 12.700000 10.160000 7.620000 5.080000 2.540000 0.000000 17.038838 14.810618 12.700000 10.776307 9.158100 8.032185 7.620000 69.701193 67.168005 64.635352 62.103298 59.571921 57.041311 54.511574 70.658605 68.161008 65.666664 63.175958 60.689339 58.207330 55.730547 
151.912321 116.938695 107.531002 46.478182 94.653350 93.273160 91.942435 90.663353 89.438129 85.190587 85.220499 85.269318 85.337011 80.111288 80.143095 80.195005 80.266978 30.052235 27.623180 25.215997 22.837604 20.498024 18.212221 16.003257 33.008284 30.813147 28.675015 26.607632 24.628823 22.761700 21.036022 7.620000 8.032185 9.158100 10.776307 12.700000 14.810618 17.038838 0.000000 2.540000 5.080000 7.620000 10.160000 12.700000 15.240000 54.343891 51.806971 49.270368 46.734135 44.198334 41.663045 39.128367 54.511574 51.982839 49.455257 46.929017 44.404347 41.881530 39.360924 
153.780069 119.354995 106.876905 44.944163 96.780092 95.430666 94.130446 92.881500 91.685922 85.187551 85.179602 85.190587 85.220499 80.108059 80.099606 80.111288 80.143095 32.498258 30.052235 27.623180 25.215997 22.837604 20.498024 18.212221 35.249777 33.008284 30.813147 28.675015 26.607632 24.628823 22.761700 8.032185 7.620000 8.032185 9.158100 10.776307 12.700000 14.810618 2.540000 0.000000 2.540000 5.080000 7.620000 10.160000 12.700000 56.881086 54.343891 51.806971 49.270368 46.734135 44.198334 41.663045 57.041311 54.511574 51.982839 49.455257 46.929017 44.404347 41.881530 
155.666854 121.776330 106.279501 43.504453 98.926331 97.606581 96.335734 95.115749 93.948609 85.260218 85.214429 85.187551 85.179602 80.185330 80.136641 80.108059 80.099606 34.957688 32.498258 30.052235 27.623180 25.215997 22.837604 20.498024 37.529321 35.249777 33.008284 30.813147 28.675015 26.607632 24.628823 9.158100 8.032185 7.620000 8.032185 9.158100 10.776307 12.700000 5.080000 2.540000 0.000000 2.540000 5.080000 7.620000 10.160000 59.418520 56.881086 54.343891 51.806971 49.270368 46.734135 44.198334 59.571921 57.041311 54.511574 51.982839 49.455257 46.929017 44.404347 
157.571990 124.202404 105.739752 42.168711 101.090824 99.799702 98.557138 97.364992 96.225137 85.408395 85.324888 85.260218 85.214429 80.342867 80.254089 80.185330 80.136641 37.427882 34.957688 32.498258 30.052235 27.623180 25.215997 22.837604 39.840385 37.529321 35.249777 33.008284 30.813147 28.675015 26.607632 10.776307 9.158100 8.032185 7.620000 8.032185 9.158100 10.776307 7.620000 5.080000 2.540000 0.000000 2.540000 5.080000 7.620000 61.956165 59.418520 56.881086 54.343891 51.806971 49.270368 46.734135 62.103298 59.571921 57.041311 54.511574 51.982839 49.455257 46.929017 
159.494822 126.632947 105.258544 40.947114 103.272426 102.008919 100.793594 99.628212 98.514547 85.631690 85.510685 85.408395 85.324888 80.580200 80.451597 80.342867 80.254089 39.906840 37.427882 34.957688 32.498258 30.052235 27.623180 25.215997 42.177789 39.840385 37.529321 35.249777 33.008284 30.813147 28.675015 12.700000 10.776307 9.158100 8.032185 7.620000 8.032185 9.158100 10.160000 7.620000 5.080000 2.540000 0.000000 2.540000 5.080000 64.493995 61.956165 59.418520 56.881086 54.343891 51.806971 49.270368 64.635352 62.103298 59.571921 57.041311 54.511574 51.982839 49.455257 
161.434715 129.067705 104.836684 39.850161 105.470072 104.233209 103.044121 101.904480 100.815963 85.929517 85.771331 85.631690 85.510685 80.896626 80.728579 80.580200 80.451597 42.393026 39.906840 37.427882 34.957688 32.498258 30.052235 27.623180 44.537384 42.177789 39.840385 37.529321 35.249777 33.008284 30.813147 14.810618 12.700000 10.776307 9.158100 8.032185 7.620000 8.032185 12.700000 10.160000 7.620000 5.080000 2.540000 0.000000 2.540000 67.031990 64.493995 61.956165 59.418520 56.881086 54.343891 51.806971 67.168005 64.635352 62.103298 59.571921 57.041311 54.511574 51.982839 
163.391064 131.506444 104.474890 38.888401 107.682783 106.471627 105.307817 104.192939 103.128579 86.301105 86.106146 85.929517 85.771331 81.291223 81.084219 80.896626 80.728579 44.885238 42.393026 39.906840 37.427882 34.957688 32.498258 30.052235 46.915824 44.537384 42.177789 39.840385 37.529321 35.249777 33.008284 17.038838 14.810618 12.700000 10.776307 9.158100 8.032185 7.620000 15.240000 12.700000 10.160000 7.620000 5.080000 2.540000 0.000000 69.570130 67.031990 64.493995 61.956165 59.418520 56.881086 54.343891 69.701193 67.168005 64.635352 62.103298 59.571921 57.041311 54.511574 
115.869312 68.952450 130.805045 91.862412 55.465649 53.200886 50.962080 48.752806 46.577267 99.572070 100.287429 101.013689 101.750618 95.401887 96.148278 96.905564 97.673493 27.723325 30.070481 32.446696 34.846027 37.264007 39.697230 42.143056 31.540511 33.622238 35.763238 37.953480 40.184914 42.451045 44.746600 54.511574 57.041311 59.571921 62.103298 64.635352 67.168005 69.701193 54.343891 56.881086 59.418520 61.956165 64.493995 67.031990 69.570130 0.000000 2.540000 5.080000 7.620000 10.160000 12.700000 15.240000 7.620000 8.032185 9.158100 10.776307 12.700000 14.810618 17.038838 
117.136271 71.060882 129.205141 89.569589 56.637619 54.421650 52.235192 50.082110 47.966900 98.175007 98.867849 99.572070 100.287429 93.942828 94.666650 95.401887 96.148278 25.413282 27.723325 30.070481 32.446696 34.846027 37.264007 39.697230 29.530594 31.540511 33.622238 35.763238 37.953480 40.184914 42.451045 51.982839 54.511574 57.041311 59.571921 62.103298 64.635352 67.168005 51.806971 54.343891 56.881086 59.418520 61.956165 64.493995 67.031990 2.540000 0.000000 2.540000 5.080000 7.620000 10.160000 12.700000 8.032185 7.620000 8.032185 9.158100 10.776307 12.700000 14.810618 
118.444155 73.196726 127.635732 87.290452 57.897363 55.731506 53.598509 51.502453 49.448037 96.824429 97.493785 98.175007 98.867849 92.530498 93.230688 93.942828 94.666650 23.151463 25.413282 27.723325 30.070481 32.446696 34.846027 37.264007 27.608175 29.530594 31.540511 33.622238 35.763238 37.953480 40.184914 49.455257 51.982839 54.511574 57.041311 59.571921 62.103298 64.635352 49.270368 51.806971 54.343891 56.881086 59.418520 61.956165 64.493995 5.080000 2.540000 0.000000 2.540000 5.080000 7.620000 10.160000 9.158100 8.032185 7.620000 8.032185 9.158100 10.776307 12.700000 
119.791622 75.357652 126.097958 85.026102 59.239284 57.124328 55.045328 53.006516 51.012708 95.522309 96.167187 96.824429 97.493785 91.167069 91.842533 92.530498 93.230688 20.953491 23.151463 25.413282 27.723325 30.070481 32.446696 34.846027 25.792826 27.608175 29.530594 31.540511 33.622238 35.763238 37.953480 46.929017 49.455257 51.982839 54.511574 57.041311 59.571921 62.103298 46.734135 49.270368 51.806971 54.343891 56.881086 59.418520 61.956165 7.620000 5.080000 2.540000 0.000000 2.540000 5.080000 7.620000 10.776307 9.158100 8.032185 7.620000 8.032185 9.158100 10.776307 
121.177353 77.541562 124.592990 82.777751 60.657926 58.594199 56.569245 54.587379 52.653468 94.270653 94.890046 95.522309 96.167187 89.854766 90.504386 91.167069 91.842533 18.841722 20.953491 23.151463 25.413282 27.723325 30.070481 32.446696 24.108745 25.792826 27.608175 29.530594 31.540511 33.622238 35.763238 44.404347 46.929017 49.455257 51.982839 54.511574 57.041311 59.571921 44.198334 46.734135 49.270368 51.806971 54.343891 56.881086 59.418520 10.160000 7.620000 5.080000 2.540000 0.000000 2.540000 5.080000 12.700000 10.776307 9.158100 8.032185 7.620000 8.032185 9.158100 
122.600050 79.746569 123.122031 80.546741 62.148037 60.135469 58.164198 56.238567 54.363427 93.071498 93.664385 94.270653 94.890046 88.595862 89.218496 89.854766 90.504386 16.848603 18.841722 20.953491 23.151463 25.413282 27.723325 30.070481 22.585316 24.108745 25.792826 27.608175 29.530594 31.540511 33.622238 41.881530 44.404347 46.929017 49.455257 51.982839 54.511574 57.041311 41.663045 44.198334 46.734135 49.270368 51.806971 54.343891 56.881086 12.700000 10.160000 7.620000 5.080000 2.540000 0.000000 2.540000 14.810618 12.700000 10.776307 9.158100 8.032185 7.620000 8.032185 
124.058441 81.970969 121.686314 78.334552 63.704601 61.742791 59.824507 57.954069 56.136261 91.926898 92.492250 93.071498 93.664385 87.392663 87.987154 88.595862 89.218496 15.021437 16.848603 18.841722 20.953491 23.151463 25.413282 27.723325 21.257108 22.585316 24.108745 25.792826 27.608175 29.530594 31.540511 39.360924 41.881530 44.404347 46.929017 49.455257 51.982839 54.511574 39.128367 41.663045 44.198334 46.734135 49.270368 51.806971 54.343891 15.240000 12.700000 10.160000 7.620000 5.080000 2.540000 0.000000 17.038838 14.810618 12.700000 10.776307 9.158100 8.032185 7.620000 
122.566415 64.943583 136.772762 88.892808 62.387250 60.061265 57.753314 55.465649 53.200886 105.976349 106.648759 107.331984 108.025820 101.688202 102.388777 103.100236 103.822356 25.661069 28.180517 30.703352 33.228802 35.756313 38.285478 40.815988 27.723325 30.070481 32.446696 34.846027 37.264007 39.697230 42.143056 55.730547 58.207330 60.689339 63.175958 65.666664 68.161008 70.658605 54.511574 57.041311 59.571921 62.103298 64.635352 67.168005 69.701193 7.620000 8.032185 9.158100 10.776307 12.700000 14.810618 17.038838 0.000000 2.540000 5.080000 7.620000 10.160000 12.700000 15.240000 
123.764836 67.177954 135.243473 86.521326 63.431464 61.145214 58.879767 56.637619 54.421650 104.664805 105.314962 105.976349 106.648759 100.320613 100.998737 101.688202 102.388777 23.146115 25.661069 28.180517 30.703352 33.228802 35.756313 38.285478 25.413282 27.723325 30.070481 32.446696 34.846027 37.264007 39.697230 53.259718 55.730547 58.207330 60.689339 63.175958 65.666664 68.161008 51.982839 54.511574 57.041311 59.571921 62.103298 64.635352 67.168005 8.032185 7.620000 8.032185 9.158100 10.776307 12.700000 14.810618 2.540000 0.000000 2.540000 5.080000 7.620000 10.160000 12.700000 
125.003385 69.433344 133.744939 84.159679 64.558776 62.313899 60.092527 57.897363 55.731506 103.399031 104.026091 104.664805 105.314962 98.999310 99.654059 100.320613 100.998737 20.637295 23.146115 25.661069 28.180517 30.703352 33.228802 35.756313 23.151463 25.413282 27.723325 30.070481 32.446696 34.846027 37.264007 50.795714 53.259718 55.730547 58.207330 60.689339 63.175958 65.666664 49.455257 51.982839 54.511574 57.041311 59.571921 62.103298 64.635352 9.158100 8.032185 7.620000 8.032185 9.158100 10.776307 12.700000 5.080000 2.540000 0.000000 2.540000 5.080000 7.620000 10.160000 
126.280883 71.707770 132.278205 81.808719 65.764912 63.562647 61.386479 59.239284 57.124328 102.180727 102.783838 103.399031 104.026091 97.726172 98.356602 98.999310 99.654059 18.137158 20.637295 23.146115 25.661069 28.180517 30.703352 33.228802 20.953491 23.151463 25.413282 27.723325 30.070481 32.446696 34.846027 48.339577 50.795714 53.259718 55.730547 58.207330 60.689339 63.175958 46.929017 49.455257 51.982839 54.511574 57.041311 59.571921 62.103298 10.776307 9.158100 8.032185 7.620000 8.032185 9.158100 10.776307 7.620000 5.080000 2.540000 0.000000 2.540000 5.080000 7.620000 
127.596158 73.999475 130.844342 79.469395 67.045618 64.886835 62.756602 60.657926 58.594199 101.011611 101.589912 102.180727 102.783838 96.503105 97.108260 97.726172 98.356602 15.649863 18.137158 20.637295 23.146115 25.661069 28.180517 30.703352 18.841722 20.953491 23.151463 25.413282 27.723325 30.070481 32.446696 45.892571 48.339577 50.795714 53.259718 55.730547 58.207330 60.689339 44.404347 46.929017 49.455257 51.982839 54.511574 57.041311 59.571921 12.700000 10.776307 9.158100 8.032185 7.620000 8.032185 9.158100 10.160000 7.620000 5.080000 2.540000 0.000000 2.540000 5.080000 
128.948055 76.306905 129.444440 77.142764 68.396706 66.281942 64.198018 62.148037 60.135469 99.893409 100.446037 101.011611 101.589912 95.332036 95.910950 96.503105 97.108260 13.182684 15.649863 18.137158 20.637295 23.146115 25.661069 28.180517 16.848603 18.841722 20.953491 23.151463 25.413282 27.723325 30.070481 43.456239 45.892571 48.339577 50.795714 53.259718 55.730547 58.207330 41.881530 44.404347 46.929017 49.455257 51.982839 54.511574 57.041311 14.810618 12.700000 10.776307 9.158100 8.032185 7.620000 8.032185 12.700000 10.160000 7.620000 5.080000 2.540000 0.000000 2.540000 
130.335434 78.628673 128.079615 74.830011 69.814089 67.743587 65.706037 63.704601 61.742791 98.827851 99.353942 99.893409 100.446037 94.214903 94.766606 95.332036 95.910950 10.749478 13.182684 15.649863 18.137158 20.637295 23.146115 25.661069 15.021437 16.848603 18.841722 20.953491 23.151463 25.413282 27.723325 41.032480 43.456239 45.892571 48.339577 50.795714 53.259718 55.730547 39.360924 41.881530 44.404347 46.929017 49.455257 51.982839 54.511574 17.038838 14.810618 12.700000 10.776307 9.158100 8.032185 7.620000 15.240000 12.700000 10.160000 7.620000 5.080000 2.540000 0.000000 
