36
# Circuit board instance
Size: large
Nodes: 36
0.000000 115.000000 115.000000 162.634560 99.809674 101.006606 102.205301 103.405699 101.630741 102.806473 103.984422 105.164514 83.768765 85.352386 86.981359 88.653184 90.365483 36.800164 37.438655 38.235546 39.181172 40.265056 41.476359 42.804267 44.266590 44.798793 45.466866 46.264924 47.186371 48.224136 49.370884 83.551827 85.734604 87.936568 90.156314 92.392559 
115.000000 0.000000 162.634560 115.000000 124.365593 125.328226 126.296292 127.269668 121.100113 122.088495 123.082045 124.080639 91.697462 89.955813 88.252905 86.591024 84.972577 79.503239 79.800788 80.177739 80.632978 81.165187 81.772864 82.454340 71.926656 72.255413 72.671513 73.173466 73.759518 74.427684 75.175774 61.384200 59.609853 57.892593 56.237649 54.650684 
115.000000 162.634560 0.000000 115.000000 39.595839 38.937050 38.309047 37.713367 43.984849 43.392746 42.830125 42.298163 70.977959 72.840199 74.742368 76.681496 78.654848 112.806249 110.401317 108.002569 105.610426 103.225349 100.847837 98.478440 115.457909 113.109371 110.769282 108.438190 106.116688 103.805420 101.505084 101.250774 103.059370 104.898291 106.765970 108.660925 
162.634560 115.000000 115.000000 0.000000 84.099110 83.790952 83.500975 83.229369 79.190257 78.862920 78.554754 78.265985 80.181601 78.183841 76.218370 74.287753 72.394776 133.010386 130.976959 128.961497 126.964857 124.987941 123.031700 121.097135 128.625199 126.521313 124.433704 122.363205 120.310699 118.277124 116.263472 83.897745 82.608390 81.377907 80.209006 79.104417 
99.809674 124.365593 39.595839 84.099110 0.000000 1.270000 2.540000 3.810000 5.080000 5.236344 5.679613 6.350000 33.132467 34.569772 36.128674 37.794130 39.552681 85.967251 83.428221 80.889252 78.350350 75.811522 73.272774 70.734117 86.510704 83.988105 81.466588 78.946255 76.427224 73.909629 71.393621 63.315710 64.868163 66.481435 68.151207 69.873429 
101.006606 125.328226 38.937050 83.790952 1.270000 0.000000 1.270000 2.540000 5.236344 5.080000 5.236344 5.679613 34.208406 35.602301 37.117863 38.740817 40.458241 87.236787 84.697729 82.158729 79.619792 77.080926 74.542137 72.003434 87.772380 85.249276 82.727205 80.206266 77.686569 75.168238 72.651416 64.337498 65.865872 67.455287 69.101531 70.800640 
102.205301 126.296292 38.309047 83.500975 2.540000 1.270000 0.000000 1.270000 5.679613 5.236344 5.080000 5.236344 35.297245 36.649751 38.123696 39.705558 41.382964 88.506336 85.967251 83.428221 80.889252 78.350350 75.811522 73.272774 89.034293 86.510704 83.988105 81.466588 78.946255 76.427224 73.909629 65.367989 66.872815 68.438849 70.061986 71.738351 
103.405699 127.269668 37.713367 83.229369 3.810000 2.540000 1.270000 0.000000 6.350000 5.679613 5.236344 5.080000 36.397826 37.710881 39.144891 40.687070 42.325595 89.775899 87.236787 84.697729 82.158729 79.619792 77.080926 74.542137 90.296432 87.772380 85.249276 82.727205 80.206266 77.686569 75.168238 66.406778 67.888582 69.431709 71.032162 72.686155 
101.630741 121.100113 43.984849 79.190257 5.080000 5.236344 5.679613 6.350000 0.000000 1.270000 2.540000 3.810000 30.689615 31.833235 33.132467 34.569772 36.128674 85.979039 83.440367 80.901780 78.363284 75.824888 73.286604 70.748443 86.073861 83.538072 81.002546 78.467310 75.932392 73.397826 70.863649 60.411835 61.828657 63.315710 64.868163 66.481435 
102.806473 122.088495 43.392746 78.862920 5.236344 5.080000 5.236344 5.679613 1.270000 0.000000 1.270000 2.540000 31.848189 32.951623 34.208406 35.602301 37.117863 87.248403 84.709693 82.171063 79.632520 77.094073 74.555731 72.017507 87.341848 84.805935 82.270275 79.734890 77.199809 74.665063 72.130686 61.481903 62.874616 64.337498 65.865872 67.455287 
103.984422 123.082045 42.830125 78.554754 5.679613 5.236344 5.080000 5.236344 2.540000 1.270000 0.000000 1.270000 33.014960 34.080639 35.297245 36.649751 38.123696 88.517786 85.979039 83.440367 80.901780 78.363284 75.824888 73.286604 88.609892 86.073861 83.538072 81.002546 78.467310 75.932392 73.397826 62.559449 63.928693 65.367989 66.872815 68.438849 
105.164514 124.080639 42.298163 78.265985 6.350000 5.679613 5.236344 5.080000 3.810000 2.540000 1.270000 0.000000 34.189090 35.219259 36.397826 37.710881 39.144891 89.787186 87.248403 84.709693 82.171063 79.632520 77.094073 74.555731 89.877991 87.341848 84.805935 82.270275 79.734890 77.199809 74.665063 63.644095 64.990491 66.406778 67.888582 69.431709 
83.768765 91.697462 70.977959 80.181601 33.132467 34.208406 35.297245 36.397826 30.689615 31.848189 33.014960 34.189090 0.000000 2.540000 5.080000 7.620000 10.160000 60.090374 57.640580 55.198940 52.766588 50.344868 47.935393 45.540106 58.583405 56.067804 53.554507 51.043854 48.536255 46.032208 43.532328 30.360728 32.092306 33.925825 35.845645 37.838634 
85.352386 89.955813 72.840199 78.183841 34.569772 35.602301 36.649751 37.710881 31.833235 32.951623 34.080639 35.219259 2.540000 0.000000 2.540000 5.080000 7.620000 60.796974 58.376840 55.967329 53.569877 51.186177 48.818243 46.468487 58.980715 56.482812 53.988838 51.499363 49.015073 46.536798 44.065553 28.749517 30.360728 32.092306 33.925825 35.845645 
86.981359 88.252905 74.742368 76.218370 36.128674 37.117863 38.123696 39.144891 33.132467 34.208406 35.297245 36.397826 5.080000 2.540000 0.000000 2.540000 5.080000 61.600278 59.212985 56.838932 54.479849 52.137768 49.815089 47.514655 59.483924 57.008075 54.538126 52.074917 49.619451 47.172939 44.736847 27.280008 28.749517 30.360728 32.092306 33.925825 
88.653184 86.591024 76.681496 74.287753 37.794130 38.740817 39.705558 40.687070 34.569772 35.602301 36.649751 37.710881 7.620000 5.080000 2.540000 0.000000 2.540000 62.496556 60.144850 57.809078 55.491254 53.193724 50.919234 48.671016 60.090374 57.640580 55.198940 52.766588 50.344868 47.935393 45.540106 25.976261 27.280008 28.749517 30.360728 32.092306 
90.365483 84.972577 78.654848 72.394776 39.552681 40.458241 41.382964 42.325595 36.128674 37.117863 38.123696 39.144891 10.160000 7.620000 5.080000 2.540000 0.000000 63.481873 61.168060 58.872898 56.598656 54.347961 52.123862 49.929915 60.796974 58.376840 55.967329 53.569877 51.186177 48.818243 46.468487 24.864365 25.976261 27.280008 28.749517 30.360728 
36.800164 79.503239 112.806249 133.010386 85.967251 87.236787 88.506336 89.775899 85.979039 87.248403 88.517786 89.787186 60.090374 60.796974 61.600278 62.496556 63.481873 0.000000 2.540000 5.080000 7.620000 10.160000 12.700000 15.240000 7.620000 8.032185 9.158100 10.776307 12.700000 14.810618 17.038838 50.050185 51.885747 53.778654 55.723062 57.713767 
37.438655 79.800788 110.401317 130.976959 83.428221 84.697729 85.967251 87.236787 83.440367 84.709693 85.979039 87.248403 57.640580 58.376840 59.212985 60.144850 61.168060 2.540000 0.000000 2.540000 5.080000 7.620000 10.160000 12.700000 8.032185 7.620000 8.032185 9.158100 10.776307 12.700000 14.810618 48.296627 50.196353 52.150616 54.153511 56.199840 
38.235546 80.177739 108.002569 128.961497 80.889252 82.158729 83.428221 84.697729 80.901780 82.171063 83.440367 84.709693 55.198940 55.967329 56.838932 57.809078 58.872898 5.080000 2.540000 0.000000 2.540000 5.080000 7.620000 10.160000 9.158100 8.032185 7.620000 8.032185 9.158100 10.776307 12.700000 46.615561 48.581068 50.597757 52.659749 54.761925 
39.181172 80.632978 105.610426 126.964857 78.350350 79.619792 80.889252 82.158729 78.363284 79.632520 80.901780 82.171063 52.766588 53.569877 54.479849 55.491254 56.598656 7.620000 5.080000 2.540000 0.000000 2.540000 5.080000 7.620000 10.776307 9.158100 8.032185 7.620000 8.032185 9.158100 10.776307 45.015109 47.047526 49.127208 51.248402 53.406160 
40.265056 81.165187 103.225349 124.987941 75.811522 77.080926 78.350350 79.619792 75.824888 77.094073 78.363284 79.632520 50.344868 51.186177 52.137768 53.193724 54.347961 10.160000 7.620000 5.080000 2.540000 0.000000 2.540000 5.080000 12.700000 10.776307 9.158100 8.032185 7.620000 8.032185 9.158100 43.504170 45.603974 47.746574 49.926460 52.138955 
41.476359 81.772864 100.847837 123.031700 73.272774 74.542137 75.811522 77.080926 73.286604 74.555731 75.824888 77.094073 47.935393 48.818243 49.815089 50.919234 52.123862 12.700000 10.160000 7.620000 5.080000 2.540000 0.000000 2.540000 14.810618 12.700000 10.776307 9.158100 8.032185 7.620000 8.032185 42.092383 44.259218 46.463871 48.701205 50.966917 
42.804267 82.454340 98.478440 121.097135 70.734117 72.003434 73.272774 74.542137 70.748443 72.017507 73.286604 74.555731 45.540106 46.468487 47.514655 48.671016 49.929915 15.240000 12.700000 10.160000 7.620000 5.080000 2.540000 0.000000 17.038838 14.810618 12.700000 10.776307 9.158100 8.032185 7.620000 40.790046 43.022524 45.287420 47.580106 49.896751 
44.266590 71.926656 115.457909 128.625199 86.510704 87.772380 89.034293 90.296432 86.073861 87.341848 88.609892 89.877991 58.583405 58.980715 59.483924 60.090374 60.796974 7.620000 8.032185 9.158100 10.776307 12.700000 14.810618 17.038838 0.000000 2.540000 5.080000 7.620000 10.160000 12.700000 15.240000 44.956771 46.578013 48.278511 50.050185 51.885747 
44.798793 72.255413 113.109371 126.521313 83.988105 85.249276 86.510704 87.772380 83.538072 84.805935 86.073861 87.341848 56.067804 56.482812 57.008075 57.640580 58.376840 8.032185 7.620000 8.032185 9.158100 10.776307 12.700000 14.810618 2.540000 0.000000 2.540000 5.080000 7.620000 10.160000 12.700000 42.995981 44.688415 46.458129 48.296627 50.196353 
45.466866 72.671513 110.769282 124.433704 81.466588 82.727205 83.988105 85.249276 81.002546 82.270275 83.538072 84.805935 53.554507 53.988838 54.538126 55.198940 55.967329 9.158100 8.032185 7.620000 8.032185 9.158100 10.776307 12.700000 5.080000 2.540000 0.000000 2.540000 5.080000 7.620000 10.160000 41.098671 42.866080 44.707987 46.615561 48.581068 
46.264924 73.173466 108.438190 122.363205 78.946255 80.206266 81.466588 82.727205 78.467310 79.734890 81.002546 82.270275 51.043854 51.499363 52.074917 52.766588 53.569877 10.776307 9.158100 8.032185 7.620000 8.032185 9.158100 10.776307 7.620000 5.080000 2.540000 0.000000 2.540000 5.080000 7.620000 39.274041 41.119951 43.036654 45.015109 47.047526 
47.186371 73.759518 106.116688 120.310699 76.427224 77.686569 78.946255 80.206266 75.932392 77.199809 78.467310 79.734890 48.536255 49.015073 49.619451 50.344868 51.186177 12.700000 10.776307 9.158100 8.032185 7.620000 8.032185 9.158100 10.160000 7.620000 5.080000 2.540000 0.000000 2.540000 5.080000 37.532692 39.460145 41.453665 43.504170 45.603974 
48.224136 74.427684 103.805420 118.277124 73.909629 75.168238 76.427224 77.686569 73.397826 74.665063 75.932392 77.199809 46.032208 46.536798 47.172939 47.935393 48.818243 14.810618 12.700000 10.776307 9.158100 8.032185 7.620000 8.032185 12.700000 10.160000 7.620000 5.080000 2.540000 0.000000 2.540000 35.886752 37.898008 39.969517 42.092383 44.259218 
49.370884 75.175774 101.505084 116.263472 71.393621 72.651416 73.909629 75.168238 70.863649 72.130686 73.397826 74.665063 43.532328 44.065553 44.736847 45.540106 46.468487 17.038838 14.810618 12.700000 10.776307 9.158100 8.032185 7.620000 15.240000 12.700000 10.160000 7.620000 5.080000 2.540000 0.000000 34.349936 36.446099 38.595614 40.790046 43.022524 
83.551827 61.384200 101.250774 83.897745 63.315710 64.337498 65.367989 66.406778 60.411835 61.481903 62.559449 63.644095 30.360728 28.749517 27.280008 25.976261 24.864365 50.050185 48.296627 46.615561 45.015109 43.504170 42.092383 40.790046 44.956771 42.995981 41.098671 39.274041 37.532692 35.886752 34.349936 0.000000 2.540000 5.080000 7.620000 10.160000 
85.734604 59.609853 103.059370 82.608390 64.868163 65.865872 66.872815 67.888582 61.828657 62.874616 63.928693 64.990491 32.092306 30.360728 28.749517 27.280008 25.976261 51.885747 50.196353 48.581068 47.047526 45.603974 44.259218 43.022524 46.578013 44.688415 42.866080 41.119951 39.460145 37.898008 36.446099 2.540000 0.000000 2.540000 5.080000 7.620000 
87.936568 57.892593 104.898291 81.377907 66.481435 67.455287 68.438849 69.431709 63.315710 64.337498 65.367989 66.406778 33.925825 32.092306 30.360728 28.749517 27.280008 53.778654 52.150616 50.597757 49.127208 47.746574 46.463871 45.287420 48.278511 46.458129 44.707987 43.036654 41.453665 39.969517 38.595614 5.080000 2.540000 0.000000 2.540000 5.080000 
90.156314 56.237649 106.765970 80.209006 68.151207 69.101531 70.061986 71.032162 64.868163 65.865872 66.872815 67.888582 35.845645 33.925825 32.092306 30.360728 28.749517 55.723062 54.153511 52.659749 51.248402 49.926460 48.701205 47.580106 50.050185 48.296627 46.615561 45.015109 43.504170 42.092383 40.790046 7.620000 5.080000 2.540000 0.000000 2.540000 
92.392559 54.650684 108.660925 79.104417 69.873429 70.800640 71.738351 72.686155 66.481435 67.455287 68.438849 69.431709 37.838634 35.845645 33.925825 32.092306 30.360728 57.713767 56.199840 54.761925 53.406160 52.138955 50.966917 49.896751 51.885747 50.196353 48.581068 47.047526 45.603974 44.259218 43.022524 10.160000 7.620000 5.080000 2.540000 0.000000 
