44
# Circuit board instance
Size: large
Nodes: 44
0.000000 140.000000 140.000000 197.989899 42.859868 44.108742 45.358789 46.609915 44.079636 45.294890 46.513071 47.733952 103.877168 105.764060 107.677807 109.617002 111.580317 114.715418 116.290436 117.899140 119.540169 121.212210 122.913999 124.644316 120.824648 122.321028 123.851425 125.414594 127.009323 128.634441 130.288809 115.450778 117.146519 118.872346 120.626970 122.409150 68.848612 69.465544 70.100057 70.751678 73.348997 73.928383 74.524908 75.138166 
140.000000 0.000000 197.989899 140.000000 138.656559 139.047668 139.449248 139.861207 133.825585 134.230772 134.646718 135.073325 94.567266 92.883467 91.239312 89.636984 88.078766 85.957479 88.048433 90.162454 92.297957 94.453485 96.627698 98.819363 81.817215 84.011279 86.224339 88.454968 90.701870 92.963866 95.239880 107.445520 105.961146 104.517426 103.116067 101.758821 86.110854 86.604905 87.114670 87.639875 81.440918 81.963123 82.501574 83.055955 
140.000000 197.989899 0.000000 140.000000 98.192160 96.926328 95.660607 94.395001 98.730676 97.471838 96.213293 94.955054 103.654038 105.544919 107.462569 109.405578 111.372621 114.285363 112.755411 111.262411 109.807873 108.393343 107.020410 105.690692 120.416413 118.965335 117.551234 116.175459 114.839389 113.544425 112.291989 93.201266 95.293759 97.407538 99.541245 101.693627 122.928562 121.824307 120.723311 119.625666 125.504483 124.423092 123.345295 122.271190 
197.989899 140.000000 140.000000 0.000000 164.409164 163.656305 162.909867 162.169939 160.355914 159.583934 158.818358 158.059277 94.322115 92.633860 90.985195 89.378311 87.815503 85.382699 83.323728 81.291975 79.289533 77.318678 75.381889 73.481858 81.213137 79.045633 76.900934 74.781003 72.688007 70.624341 68.592652 83.079080 81.150220 79.255826 77.398431 75.580761 133.365584 132.348440 131.335698 130.327463 130.399092 129.358623 128.322288 127.290187 
42.859868 138.656559 98.192160 164.409164 0.000000 1.270000 2.540000 3.810000 5.080000 5.236344 5.679613 6.350000 74.202312 76.560002 78.929005 81.308332 83.697104 87.396326 88.249398 89.166686 90.146230 91.186024 92.284030 93.438197 94.639985 95.428325 96.277240 97.185142 98.150394 99.171323 100.246225 81.639433 83.781274 85.944808 88.128436 90.330702 53.342485 53.138979 52.965153 52.821297 58.353450 58.167479 58.008722 57.877404 
44.108742 139.047668 96.926328 163.656305 1.270000 0.000000 1.270000 2.540000 5.236344 5.080000 5.236344 5.679613 73.731784 76.104051 78.486818 80.879155 83.280237 86.994466 87.814714 88.700136 89.648801 90.658723 91.727878 92.854222 94.269010 95.026486 95.845308 96.723919 97.660703 98.654005 99.702134 80.954905 83.114388 85.294839 87.494691 89.712515 53.575330 53.342485 53.138979 52.965153 58.566376 58.353450 58.167479 58.008722 
45.358789 139.449248 95.660607 162.909867 2.540000 1.270000 0.000000 1.270000 5.679613 5.236344 5.080000 5.236344 73.280246 75.666672 78.062789 80.467734 82.880737 86.609367 87.396326 88.249398 89.166686 90.146230 91.186024 92.284030 93.913745 94.639985 95.428325 96.277240 97.185142 98.150394 99.171323 80.284631 82.461669 84.658933 86.874888 89.108141 53.837135 53.575330 53.342485 53.138979 58.805965 58.566376 58.353450 58.167479 
46.609915 139.861207 94.395001 162.169939 3.810000 2.540000 1.270000 0.000000 6.350000 5.679613 5.236344 5.080000 72.848053 75.248186 77.657218 80.074344 82.498854 86.241252 86.994466 87.814714 88.700136 89.648801 90.658723 91.727878 93.574369 94.269010 95.026486 95.845308 96.723919 97.660703 98.654005 79.628972 81.823457 84.037409 86.269331 88.517862 54.127480 53.837135 53.575330 53.342485 59.071893 58.805965 58.566376 58.353450 
44.079636 133.825585 98.730676 160.355914 5.080000 5.236344 5.679613 6.350000 0.000000 1.270000 2.540000 3.810000 69.525473 71.857050 74.202312 76.560002 78.929005 82.604849 83.506883 84.475684 85.508983 86.604470 87.759817 88.972693 89.803958 90.634372 91.527761 92.482301 93.496118 94.567306 95.693938 77.428011 79.521037 81.639433 83.781274 85.944808 48.345931 48.121300 47.929279 47.770261 53.342485 53.138979 52.965153 52.821297 
45.294890 134.230772 97.471838 159.583934 5.236344 5.080000 5.236344 5.679613 1.270000 0.000000 1.270000 2.540000 69.023069 71.371062 73.731784 76.104051 78.486818 82.179563 83.047381 83.983079 84.984415 86.049098 87.174807 88.359210 89.412920 90.211181 91.073307 91.997503 92.981918 94.024661 95.123812 76.705909 78.818113 80.954905 83.114388 85.294839 48.602720 48.345931 48.121300 47.929279 53.575330 53.342485 53.138979 52.965153 
46.513071 134.646718 96.213293 158.818358 5.679613 5.236344 5.080000 5.236344 2.540000 1.270000 0.000000 1.270000 68.540519 70.904492 73.280246 75.666672 78.062789 81.771791 82.604849 83.506883 84.475684 85.508983 86.604470 87.759817 89.038281 89.803958 90.634372 91.527761 92.482301 93.496118 94.567306 75.998170 78.129510 80.284631 82.461669 84.658933 48.891160 48.602720 48.345931 48.121300 53.837135 53.575330 53.342485 53.138979 
47.733952 135.073325 94.955054 158.059277 6.350000 5.679613 5.236344 5.080000 3.810000 2.540000 1.270000 0.000000 68.078242 70.457727 72.848053 75.248186 77.657218 81.381797 82.179563 83.047381 83.983079 84.984415 86.049098 87.174807 88.680249 89.412920 90.211181 91.073307 91.997503 92.981918 94.024661 75.305199 77.455610 79.628972 81.823457 84.037409 49.210694 48.891160 48.602720 48.345931 54.127480 53.837135 53.575330 53.342485 
103.877168 94.567266 103.654038 94.322115 74.202312 73.731784 73.280246 72.848053 69.525473 69.023069 68.540519 68.078242 0.000000 2.540000 5.080000 7.620000 10.160000 14.013528 14.275055 14.969256 16.040052 17.418125 19.036862 20.840258 21.633091 21.803414 22.264104 22.997716 23.979215 25.179631 26.569306 16.416192 16.577006 17.117421 18.003285 19.186810 40.560335 39.398618 38.243787 37.096485 38.818128 37.602624 36.390843 35.183169 
105.764060 92.883467 105.544919 92.633860 76.560002 76.104051 75.666672 75.248186 71.857050 71.371062 70.904492 70.457727 2.540000 0.000000 2.540000 5.080000 7.620000 11.473802 11.791792 12.623304 13.876326 15.448633 17.253153 19.224607 19.093198 19.285965 19.805299 20.626549 21.715486 23.034178 24.545623 16.645984 16.416192 16.577006 17.117421 18.003285 41.637033 40.506207 39.383867 38.270757 39.617450 38.427238 37.242298 36.063149 
107.677807 91.239312 107.462569 90.985195 78.929005 78.486818 78.062789 77.657218 74.202312 73.731784 73.280246 72.848053 5.080000 2.540000 0.000000 2.540000 5.080000 8.934232 9.339097 10.369193 11.862748 13.668673 15.679403 17.825765 16.553338 16.775316 17.369878 18.300745 19.519865 20.977039 22.626320 17.250780 16.645984 16.416192 16.577006 17.117421 42.837453 41.739163 40.650877 39.573422 40.560335 39.398618 38.243787 37.096485 
109.617002 89.636984 109.405578 89.378311 81.308332 80.879155 80.467734 80.074344 76.560002 76.104051 75.666672 75.248186 7.620000 5.080000 2.540000 0.000000 2.540000 6.395004 6.949411 8.282255 10.089617 12.161752 14.384688 16.698307 14.013528 14.275055 14.969256 16.040052 17.418125 19.036862 20.840258 18.193219 17.250780 16.645984 16.416192 16.577006 44.151506 43.086724 42.033343 40.992241 41.637033 40.506207 39.383867 38.270757 
111.580317 88.078766 111.372621 87.815503 83.697104 83.280237 82.880737 82.498854 78.929005 78.486818 78.062789 77.657218 10.160000 7.620000 5.080000 2.540000 0.000000 3.856793 4.719437 6.524915 8.705122 11.040244 13.449833 15.900070 11.473802 11.791792 12.623304 13.876326 15.448633 17.253153 19.224607 19.424218 18.193219 17.250780 16.645984 16.416192 45.569362 44.538490 43.520262 42.515587 42.837453 41.739163 40.650877 39.573422 
114.715418 85.957479 114.285363 85.382699 87.396326 86.994466 86.609367 86.241252 82.604849 82.179563 81.771791 81.381797 14.013528 11.473802 8.934232 6.395004 3.856793 0.000000 2.540000 5.080000 7.620000 10.160000 12.700000 15.240000 7.620000 8.032185 9.158100 10.776307 12.700000 14.810618 17.038838 21.588744 20.004930 18.633941 17.525796 16.732796 48.041935 47.060222 46.092595 45.139959 45.026313 43.977334 42.940292 41.916075 
116.290436 88.048433 112.755411 83.323728 88.249398 87.814714 87.396326 86.994466 83.506883 83.047381 82.604849 82.179563 14.275055 11.791792 9.339097 6.949411 4.719437 2.540000 0.000000 2.540000 5.080000 7.620000 10.160000 12.700000 8.032185 7.620000 8.032185 9.158100 10.776307 12.700000 14.810618 19.750588 18.005806 16.469232 15.204123 14.282798 50.044289 49.036887 48.041935 47.060222 47.156890 46.086415 45.026313 43.977334 
117.899140 90.162454 111.262411 81.291975 89.166686 88.700136 88.249398 87.814714 84.475684 83.983079 83.506883 83.047381 14.969256 12.623304 10.369193 8.282255 6.524915 5.080000 2.540000 0.000000 2.540000 5.080000 7.620000 10.160000 9.158100 8.032185 7.620000 8.032185 9.158100 10.776307 12.700000 18.083162 16.159335 14.427427 12.964583 11.870693 52.093545 51.063404 50.044289 49.036887 49.326249 48.237046 47.156890 46.086415 
119.540169 92.297957 109.807873 79.289533 90.146230 89.648801 89.166686 88.700136 85.508983 84.984415 84.475684 83.983079 16.040052 13.876326 11.862748 10.089617 8.705122 7.620000 5.080000 2.540000 0.000000 2.540000 5.080000 7.620000 10.776307 9.158100 8.032185 7.620000 8.032185 9.158100 10.776307 16.637879 14.523855 12.568568 10.858115 9.525314 54.184382 53.134070 52.093545 51.063404 51.529493 50.423911 49.326249 48.237046 
121.212210 94.453485 108.393343 77.318678 91.186024 90.658723 90.146230 89.648801 86.604470 86.049098 85.508983 84.984415 17.418125 15.448633 13.668673 12.161752 11.040244 10.160000 7.620000 5.080000 2.540000 0.000000 2.540000 5.080000 12.700000 10.776307 9.158100 8.032185 7.620000 8.032185 9.158100 15.477095 13.178156 10.985916 8.978870 7.311159 56.312167 55.243921 54.184382 53.134070 53.762455 52.642494 51.529493 50.423911 
122.913999 96.627698 107.020410 75.381889 92.284030 91.727878 91.186024 90.658723 87.759817 87.174807 86.604470 86.049098 19.036862 17.253153 15.679403 14.384688 13.449833 12.700000 10.160000 7.620000 5.080000 2.540000 0.000000 2.540000 14.810618 12.700000 10.776307 9.158100 8.032185 7.620000 8.032185 14.668507 12.218365 9.814021 7.499650 5.392374 58.472869 57.388635 56.312167 55.243921 56.021583 54.888949 53.762455 52.642494 
124.644316 98.819363 105.690692 73.481858 93.438197 92.854222 92.284030 91.727878 88.972693 88.359210 87.759817 87.174807 20.840258 19.224607 17.825765 16.698307 15.900070 15.240000 12.700000 10.160000 7.620000 5.080000 2.540000 0.000000 17.038838 14.810618 12.700000 10.776307 9.158100 8.032185 7.620000 14.272104 11.739519 9.211018 6.691233 4.195897 60.662969 59.564446 58.472869 57.388635 58.303835 57.159991 56.021583 54.888949 
120.824648 81.817215 120.416413 81.213137 94.639985 94.269010 93.913745 93.574369 89.803958 89.412920 89.038281 88.680249 21.633091 19.093198 16.553338 14.013528 11.473802 7.620000 8.032185 9.158100 10.776307 12.700000 14.810618 17.038838 0.000000 2.540000 5.080000 7.620000 10.160000 12.700000 15.240000 27.223575 25.229680 23.342102 21.588744 20.004930 53.158155 52.272617 51.403203 50.550746 49.676067 48.727288 47.793425 46.875367 
122.321028 84.011279 118.965335 79.045633 95.428325 95.026486 94.639985 94.269010 90.634372 90.211181 89.803958 89.412920 21.803414 19.285965 16.775316 14.275055 11.791792 8.032185 7.620000 8.032185 9.158100 10.776307 12.700000 14.810618 2.540000 0.000000 2.540000 5.080000 7.620000 10.160000 12.700000 25.790209 23.675908 21.653304 19.750588 18.005806 54.974474 54.059025 53.158155 52.272617 51.615066 50.638922 49.676067 48.727288 
123.851425 86.224339 117.551234 76.900934 96.277240 95.845308 95.428325 95.026486 91.527761 91.073307 90.634372 90.211181 22.264104 19.805299 17.369878 14.969256 12.623304 9.158100 8.032185 7.620000 8.032185 9.158100 10.776307 12.700000 5.080000 2.540000 0.000000 2.540000 5.080000 7.620000 10.160000 24.536705 22.303893 20.143997 18.083162 16.159335 56.846279 55.903785 54.974474 54.059025 53.604306 52.603758 51.615066 50.638922 
125.414594 88.454968 116.175459 74.781003 97.185142 96.723919 96.277240 95.845308 92.482301 91.997503 91.527761 91.073307 22.997716 20.626549 18.300745 16.040052 13.876326 10.776307 9.158100 8.032185 7.620000 8.032185 9.158100 10.776307 7.620000 5.080000 2.540000 0.000000 2.540000 5.080000 7.620000 23.491874 21.149040 18.857329 16.637879 14.523855 58.768267 57.801310 56.846279 55.903785 55.638398 54.616056 53.604306 52.603758 
127.009323 90.701870 114.839389 72.688007 98.150394 97.660703 97.185142 96.723919 93.496118 92.981918 92.482301 91.997503 23.979215 21.715486 19.519865 17.418125 15.448633 12.700000 10.776307 9.158100 8.032185 7.620000 8.032185 9.158100 10.160000 7.620000 5.080000 2.540000 0.000000 2.540000 5.080000 22.684568 20.248540 17.841533 15.477095 13.178156 60.735674 59.746571 58.768267 57.801310 57.712601 56.670759 55.638398 54.616056 
128.634441 92.963866 113.544425 70.624341 99.171323 98.654005 98.150394 97.660703 94.567306 94.024661 93.496118 92.981918 25.179631 23.034178 20.977039 19.036862 17.253153 14.810618 12.700000 10.776307 9.158100 8.032185 7.620000 8.032185 12.700000 10.160000 7.620000 5.080000 2.540000 0.000000 2.540000 22.140783 19.637413 17.144823 14.668507 12.218365 62.744229 61.735058 60.735674 59.746571 59.822742 58.763420 57.712601 56.670759 
130.288809 95.239880 112.291989 68.592652 100.246225 99.702134 99.171323 98.654005 95.693938 95.123812 94.567306 94.024661 26.569306 24.545623 22.626320 20.840258 19.224607 17.038838 14.810618 12.700000 10.776307 9.158100 8.032185 7.620000 15.240000 12.700000 10.160000 7.620000 5.080000 2.540000 0.000000 21.880176 19.343109 16.806927 14.272104 11.739519 64.790105 63.762725 62.744229 61.735058 61.965150 60.890125 59.822742 58.763420 
115.450778 107.445520 93.201266 83.079080 81.639433 80.954905 80.284631 79.628972 77.428011 76.705909 75.998170 75.305199 16.416192 16.645984 17.250780 18.193219 19.424218 21.588744 19.750588 18.083162 16.637879 15.477095 14.668507 14.272104 27.223575 25.790209 24.536705 23.491874 22.684568 22.140783 21.880176 0.000000 2.540000 5.080000 7.620000 10.160000 55.935532 54.719291 53.505549 52.294479 54.706321 53.462124 52.219169 50.977548 
117.146519 105.961146 95.293759 81.150220 83.781274 83.114388 82.461669 81.823457 79.521037 78.818113 78.129510 77.455610 16.577006 16.416192 16.645984 17.250780 18.193219 20.004930 18.005806 16.159335 14.523855 13.178156 12.218365 11.739519 25.229680 23.675908 22.303893 21.149040 20.248540 19.637413 19.343109 2.540000 0.000000 2.540000 5.080000 7.620000 56.711018 55.511771 54.315740 53.123144 55.266003 54.034694 52.805219 51.577707 
118.872346 104.517426 97.407538 79.255826 85.944808 85.294839 84.658933 84.037409 81.639433 80.954905 80.284631 79.628972 17.117421 16.577006 16.416192 16.645984 17.250780 18.633941 16.469232 14.427427 12.568568 10.985916 9.814021 9.211018 23.342102 21.653304 20.143997 18.857329 17.841533 17.144823 16.806927 5.080000 2.540000 0.000000 2.540000 5.080000 57.588181 56.407586 55.230958 54.058556 55.935532 54.719291 53.505549 52.294479 
120.626970 103.116067 99.541245 77.398431 88.128436 87.494691 86.874888 86.269331 83.781274 83.114388 82.461669 81.823457 18.003285 17.117421 16.577006 16.416192 16.645984 17.525796 15.204123 12.964583 10.858115 8.978870 7.499650 6.691233 21.588744 19.750588 18.083162 16.637879 15.477095 14.668507 14.272104 7.620000 5.080000 2.540000 0.000000 2.540000 58.562453 57.401899 56.246075 55.095279 56.711018 55.511771 54.315740 53.123144 
122.409150 101.758821 101.693627 75.580761 90.330702 89.712515 89.108141 88.517862 85.944808 85.294839 84.658933 84.037409 19.186810 18.003285 17.117421 16.577006 16.416192 16.732796 14.282798 11.870693 9.525314 7.311159 5.392374 4.195897 20.004930 18.005806 16.159335 14.523855 13.178156 12.218365 11.739519 10.160000 7.620000 5.080000 2.540000 0.000000 59.629073 58.489687 57.355788 56.227708 57.588181 56.407586 55.230958 54.058556 
68.848612 86.110854 122.928562 133.365584 53.342485 53.575330 53.837135 54.127480 48.345931 48.602720 48.891160 49.210694 40.560335 41.637033 42.837453 44.151506 45.569362 48.041935 50.044289 52.093545 54.184382 56.312167 58.472869 60.662969 53.158155 54.974474 56.846279 58.768267 60.735674 62.744229 64.790105 55.935532 56.711018 57.588181 58.562453 59.629073 0.000000 1.270000 2.540000 3.810000 5.080000 5.236344 5.679613 6.350000 
69.465544 86.604905 121.824307 132.348440 53.138979 53.342485 53.575330 53.837135 48.121300 48.345931 48.602720 48.891160 39.398618 40.506207 41.739163 43.086724 44.538490 47.060222 49.036887 51.063404 53.134070 55.243921 57.388635 59.564446 52.272617 54.059025 55.903785 57.801310 59.746571 61.735058 63.762725 54.719291 55.511771 56.407586 57.401899 58.489687 1.270000 0.000000 1.270000 2.540000 5.236344 5.080000 5.236344 5.679613 
70.100057 87.114670 120.723311 131.335698 52.965153 53.138979 53.342485 53.575330 47.929279 48.121300 48.345931 48.602720 38.243787 39.383867 40.650877 42.033343 43.520262 46.092595 48.041935 50.044289 52.093545 54.184382 56.312167 58.472869 51.403203 53.158155 54.974474 56.846279 58.768267 60.735674 62.744229 53.505549 54.315740 55.230958 56.246075 57.355788 2.540000 1.270000 0.000000 1.270000 5.679613 5.236344 5.080000 5.236344 
70.751678 87.639875 119.625666 130.327463 52.821297 52.965153 53.138979 53.342485 47.770261 47.929279 48.121300 48.345931 37.096485 38.270757 39.573422 40.992241 42.515587 45.139959 47.060222 49.036887 51.063404 53.134070 55.243921 57.388635 50.550746 52.272617 54.059025 55.903785 57.801310 59.746571 61.735058 52.294479 53.123144 54.058556 55.095279 56.227708 3.810000 2.540000 1.270000 0.000000 6.350000 5.679613 5.236344 5.080000 
73.348997 81.440918 125.504483 130.399092 58.353450 58.566376 58.805965 59.071893 53.342485 53.575330 53.837135 54.127480 38.818128 39.617450 40.560335 41.637033 42.837453 45.026313 47.156890 49.326249 51.529493 53.762455 56.021583 58.303835 49.676067 51.615066 53.604306 55.638398 57.712601 59.822742 61.965150 54.706321 55.266003 55.935532 56.711018 57.588181 5.080000 5.236344 5.679613 6.350000 0.000000 1.270000 2.540000 3.810000 
73.928383 81.963123 124.423092 129.358623 58.167479 58.353450 58.566376 58.805965 53.138979 53.342485 53.575330 53.837135 37.602624 38.427238 39.398618 40.506207 41.739163 43.977334 46.086415 48.237046 50.423911 52.642494 54.888949 57.159991 48.727288 50.638922 52.603758 54.616056 56.670759 58.763420 60.890125 53.462124 54.034694 54.719291 55.511771 56.407586 5.236344 5.080000 5.236344 5.679613 1.270000 0.000000 1.270000 2.540000 
74.524908 82.501574 123.345295 128.322288 58.008722 58.167479 58.353450 58.566376 52.965153 53.138979 53.342485 53.575330 36.390843 37.242298 38.243787 39.383867 40.650877 42.940292 45.026313 47.156890 49.326249 51.529493 53.762455 56.021583 47.793425 49.676067 51.615066 53.604306 55.638398 57.712601 59.822742 52.219169 52.805219 53.505549 54.315740 55.230958 5.679613 5.236344 5.080000 5.236344 2.540000 1.270000 0.000000 1.270000 
75.138166 83.055955 122.271190 127.290187 57.877404 58.008722 58.167479 58.353450 52.821297 52.965153 53.138979 53.342485 35.183169 36.063149 37.096485 38.270757 39.573422 41.916075 43.977334 46.086415 48.237046 50.423911 52.642494 54.888949 46.875367 48.727288 50.638922 52.603758 54.616056 56.670759 58.763420 50.977548 51.577707 52.294479 53.123144 54.058556 6.350000 5.679613 5.236344 5.080000 3.810000 2.540000 1.270000 0.000000 
