44
# Circuit board instance
Size: large
Nodes: 44
0.000000 140.000000 140.000000 197.989899 159.770554 161.738285 163.721773 165.720451 167.733778 11.030392 11.865884 12.773200 13.738119 15.327765 15.939574 16.626048 17.378341 31.782597 34.240848 36.710232 39.188643 41.674471 44.166464 46.663634 34.564642 36.837708 39.143609 41.476870 43.833122 46.208847 48.601191 69.415804 70.388791 71.371112 72.362387 72.806461 73.734719 74.673037 75.621042 124.629076 127.060697 129.496479 131.936192 134.379622 
140.000000 0.000000 197.989899 140.000000 103.015316 102.633318 102.312971 102.054854 101.859440 131.572157 131.644833 131.729714 131.826776 126.499420 126.575009 126.663288 126.764229 135.224558 135.823354 136.466805 137.154283 137.885131 138.658661 139.474164 127.814953 128.448295 129.128501 129.854836 130.626530 131.442783 132.302772 108.811930 109.435205 110.069604 110.714937 104.402409 105.051849 105.712557 106.384323 41.891975 40.690930 39.616528 38.679321 37.889494 
140.000000 197.989899 0.000000 140.000000 129.094729 131.522210 133.953864 136.389468 138.828813 133.381742 132.114415 130.847140 129.579919 133.805679 132.542406 131.279263 130.016254 109.635497 107.102962 104.570789 102.039004 99.507639 96.976725 94.446299 110.474084 107.961222 105.449660 102.939494 100.430828 97.923778 95.418470 97.985448 96.858536 95.735207 94.615587 100.416010 99.316680 98.221468 97.130511 157.955094 159.880662 161.823186 163.782063 165.756713 
197.989899 140.000000 140.000000 0.000000 41.844644 40.895196 40.084448 39.420961 38.912268 187.030083 186.128401 185.231037 184.338055 183.496929 182.577798 181.662896 180.752287 171.159253 169.548200 167.960107 166.395631 164.855446 163.340237 161.850706 165.367684 163.699643 162.054246 160.432189 158.834187 157.260974 155.713301 128.928780 128.074424 127.227009 126.386674 125.229618 124.349850 123.476876 122.610841 105.699304 105.229069 104.818293 104.467675 104.177824 
159.770554 103.015316 129.094729 41.844644 0.000000 2.540000 5.080000 7.620000 10.160000 148.741351 147.935579 147.136357 146.343791 144.861582 144.034107 143.213114 142.398714 135.104541 133.787787 132.506643 131.262149 130.055359 128.887332 127.759130 128.682728 127.299566 125.952443 124.642526 123.371001 122.139067 120.947935 92.260363 91.595955 90.944429 90.306064 87.987608 87.290684 86.606776 85.936195 65.406841 65.298376 65.288622 65.377623 65.564977 
161.738285 102.633318 131.522210 40.895196 2.540000 0.000000 2.540000 5.080000 7.620000 150.707996 149.912795 149.124170 148.342225 146.792310 145.975780 145.165768 144.362384 137.272385 135.976625 134.716298 133.492406 132.305960 131.157977 130.049475 130.809042 129.448602 128.124076 126.836589 125.587280 124.377300 123.207808 94.426729 93.777671 93.141407 92.518202 90.113513 89.433157 88.765758 88.111610 65.613527 65.406841 65.298376 65.288622 65.377623 
163.721773 102.312971 133.953864 40.084448 5.080000 2.540000 0.000000 2.540000 5.080000 152.691564 151.906747 151.128527 150.357007 148.741351 147.935579 147.136357 146.343791 139.452793 138.177482 136.937412 135.733548 134.566864 133.438333 132.348932 132.949876 131.611567 130.309029 129.043343 127.815606 126.626920 125.478397 96.611298 95.977014 95.355427 94.746786 92.260363 91.595955 90.944429 90.306064 65.917511 65.613527 65.406841 65.298376 65.288622 
165.720451 102.054854 136.389468 39.420961 7.620000 5.080000 2.540000 0.000000 2.540000 154.691405 153.916786 153.148780 152.387488 150.707996 149.912795 149.124170 148.342225 141.645185 140.389791 139.169435 137.985047 136.837560 135.727910 134.657034 135.104541 133.787787 132.506643 131.262149 130.055359 128.887332 127.759130 98.812863 98.192801 97.585329 96.990682 94.426729 93.777671 93.141407 92.518202 66.317455 65.917511 65.613527 65.406841 65.298376 
167.733778 101.859440 138.828813 38.912268 10.160000 7.620000 5.080000 2.540000 0.000000 156.706895 155.942288 155.184306 154.433049 152.691564 151.906747 151.128527 150.357007 143.849013 142.613020 141.411852 140.246402 139.117569 138.026251 136.973344 137.272385 135.976625 134.716298 133.492406 132.305960 131.157977 130.049475 101.030312 100.423943 99.830048 99.248851 96.611298 95.977014 95.355427 94.746786 66.811635 66.317455 65.917511 65.613527 65.406841 
11.030392 131.572157 133.381742 187.030083 148.741351 150.707996 152.691564 154.691405 156.706895 0.000000 1.270000 2.540000 3.810000 5.080000 5.236344 5.679613 6.350000 23.784878 26.324687 28.864529 31.404397 33.944285 36.484188 39.024104 24.881817 27.319837 29.774913 32.243147 34.721734 37.208606 39.702205 58.624739 59.626933 60.639164 61.660935 61.900101 62.850089 63.811211 64.782972 114.455577 116.911767 119.371464 121.834457 124.300549 
11.865884 131.644833 132.114415 186.128401 147.935579 149.912795 151.906747 153.916786 155.942288 1.270000 0.000000 1.270000 2.540000 5.236344 5.080000 5.236344 5.679613 22.514990 25.054778 27.594604 30.134460 32.674339 35.214235 37.754145 23.670850 26.098396 28.545517 31.007581 33.481290 35.964242 38.454646 57.633103 58.624739 59.626933 60.639164 60.961767 61.900101 62.850089 63.811211 114.135175 116.598114 119.064291 121.533509 124.005586 
12.773200 131.729714 130.847140 185.231037 147.136357 149.124170 151.128527 153.148780 155.184306 2.540000 1.270000 0.000000 1.270000 5.679613 5.236344 5.080000 5.236344 21.245115 23.784878 26.324687 28.864529 31.404397 33.944285 36.484188 22.466404 24.881817 27.319837 29.774913 32.243147 34.721734 37.208606 56.652582 57.633103 58.624739 59.626933 60.035635 60.961767 61.900101 62.850089 113.828041 116.297484 118.769904 121.245118 123.722957 
13.738119 131.826776 129.579919 184.338055 146.343791 148.342225 150.357007 152.387488 154.433049 3.810000 2.540000 1.270000 0.000000 6.350000 5.679613 5.236344 5.080000 19.975256 22.514990 25.054778 27.594604 30.134460 32.674339 35.214235 21.269585 23.670850 26.098396 28.545517 31.007581 33.481290 35.964242 55.683761 56.652582 57.633103 58.624739 59.122278 60.035635 60.961767 61.900101 113.534283 116.009980 118.488399 120.969373 123.452747 
15.327765 126.499420 133.805679 183.496929 144.861582 146.792310 148.741351 150.707996 152.691564 5.080000 5.236344 5.679613 6.350000 0.000000 1.270000 2.540000 3.810000 24.385382 26.868486 29.361326 31.861616 34.367730 36.878481 39.392983 23.887487 26.417432 28.949139 31.482181 34.016262 36.551164 39.086728 55.621132 56.676463 57.740441 58.812595 58.624739 59.626933 60.639164 61.660935 109.554665 112.003126 114.455577 116.911767 119.371464 
15.939574 126.575009 132.542406 182.577798 144.034107 145.975780 147.935579 149.912795 151.906747 5.236344 5.080000 5.236344 5.679613 1.270000 0.000000 1.270000 2.540000 23.148460 25.625540 28.113851 30.610654 33.114028 35.622587 38.135310 22.623359 25.152206 27.683096 30.215514 32.749107 35.283621 37.818871 54.574948 55.621132 56.676463 57.740441 57.633103 58.624739 59.626933 60.639164 109.219887 111.675688 114.135175 116.598114 119.064291 
16.626048 126.663288 131.279263 181.662896 143.213114 145.165768 147.136357 149.124170 151.128527 5.679613 5.236344 5.080000 5.236344 2.540000 1.270000 0.000000 1.270000 21.915322 24.385382 26.868486 29.361326 31.861616 34.367730 36.878481 21.359928 23.887487 26.417432 28.949139 31.482181 34.016262 36.551164 53.538447 54.574948 55.621132 56.676463 56.652582 57.633103 58.624739 59.626933 108.898891 111.361771 113.828041 116.297484 118.769904 
17.378341 126.764229 130.016254 180.752287 142.398714 144.362384 146.343791 148.342225 150.357007 6.350000 5.679613 5.236344 5.080000 3.810000 2.540000 1.270000 0.000000 20.686645 23.148460 25.625540 28.113851 30.610654 33.114028 35.622587 20.097325 22.623359 25.152206 27.683096 30.215514 32.749107 35.283621 52.512204 53.538447 54.574948 55.621132 55.683761 56.652582 57.633103 58.624739 108.591800 111.061490 113.534283 116.009980 118.488399 
31.782597 135.224558 109.635497 171.159253 135.104541 137.272385 139.452793 141.645185 143.849013 23.784878 22.514990 21.245115 19.975256 24.385382 23.148460 21.915322 20.686645 0.000000 2.540000 5.080000 7.620000 10.160000 12.700000 15.240000 7.620000 8.032185 9.158100 10.776307 12.700000 14.810618 17.038838 42.845841 43.518602 44.217611 44.941644 47.261491 47.872238 48.508552 49.169440 111.049354 113.586096 116.122979 118.659997 121.197139 
34.240848 135.823354 107.102962 169.548200 133.787787 135.976625 138.177482 140.389791 142.613020 26.324687 25.054778 23.784878 22.514990 26.868486 25.625540 24.385382 23.148460 2.540000 0.000000 2.540000 5.080000 7.620000 10.160000 12.700000 8.032185 7.620000 8.032185 9.158100 10.776307 12.700000 14.810618 41.584110 42.200583 42.845841 43.518602 46.120719 46.677315 47.261491 47.872238 110.948276 113.487277 116.026321 118.565407 121.104530 
36.710232 136.466805 104.570789 167.960107 132.506643 134.716298 136.937412 139.169435 141.411852 28.864529 27.594604 26.324687 25.054778 29.361326 28.113851 26.868486 25.625540 5.080000 2.540000 0.000000 2.540000 5.080000 7.620000 10.160000 9.158100 8.032185 7.620000 8.032185 9.158100 10.776307 12.700000 40.442719 40.997719 41.584110 42.200583 45.094302 45.592713 46.120719 46.677315 110.905293 113.445256 115.985220 118.525186 121.065153 
39.188643 137.154283 102.039004 166.395631 131.262149 133.492406 135.733548 137.985047 140.246402 31.404397 30.134460 28.864529 27.594604 31.861616 30.610654 29.361326 28.113851 7.620000 5.080000 2.540000 0.000000 2.540000 5.080000 7.620000 10.776307 9.158100 8.032185 7.620000 8.032185 9.158100 10.776307 39.432120 39.920420 40.442719 40.997719 44.190209 44.626477 45.094302 45.592713 110.920472 113.460095 115.999735 118.539390 121.079059 
41.674471 137.885131 99.507639 164.855446 130.055359 132.305960 134.566864 136.837560 139.117569 33.944285 32.674339 31.404397 30.134460 34.367730 33.114028 31.861616 30.610654 10.160000 7.620000 5.080000 2.540000 0.000000 2.540000 5.080000 12.700000 10.776307 9.158100 8.032185 7.620000 8.032185 9.158100 38.562596 38.979098 39.432120 39.920420 43.416084 43.786443 44.190209 44.626477 110.993791 113.531774 116.069845 118.607999 121.146230 
44.166464 138.658661 96.976725 163.340237 128.887332 131.157977 133.438333 135.727910 138.026251 36.484188 35.214235 33.944285 32.674339 36.878481 35.622587 34.367730 33.114028 12.700000 10.160000 7.620000 5.080000 2.540000 0.000000 2.540000 14.810618 12.700000 10.776307 9.158100 8.032185 7.620000 8.032185 37.843873 38.183811 38.562596 38.979098 42.778981 43.079994 43.416084 43.786443 111.125134 113.660184 116.195450 118.730919 121.266577 
46.663634 139.474164 94.446299 161.850706 127.759130 130.049475 132.348932 134.657034 136.973344 39.024104 37.754145 36.484188 35.214235 39.392983 38.135310 36.878481 35.622587 15.240000 12.700000 10.160000 7.620000 5.080000 2.540000 0.000000 17.038838 14.810618 12.700000 10.776307 9.158100 8.032185 7.620000 37.284674 37.543840 37.843873 38.183811 42.285097 42.513791 42.778981 43.079994 111.314295 113.845133 116.376370 118.907981 121.439942 
34.564642 127.814953 110.474084 165.367684 128.682728 130.809042 132.949876 135.104541 137.272385 24.881817 23.670850 22.466404 21.269585 23.887487 22.623359 21.359928 20.097325 7.620000 8.032185 9.158100 10.776307 12.700000 14.810618 17.038838 0.000000 2.540000 5.080000 7.620000 10.160000 12.700000 15.240000 36.547453 37.333885 38.146394 38.983351 40.696187 41.403892 42.137996 42.897144 103.440090 105.976340 108.512765 111.049354 113.586096 
36.837708 128.448295 107.961222 163.699643 127.299566 129.448602 131.611567 133.787787 135.976625 27.319837 26.098396 24.881817 23.670850 26.417432 25.152206 23.887487 22.623359 8.032185 7.620000 8.032185 9.158100 10.776307 12.700000 14.810618 2.540000 0.000000 2.540000 5.080000 7.620000 10.160000 12.700000 35.059784 35.788818 36.547453 37.333885 39.365617 40.016282 40.696187 41.403892 103.331568 105.870418 108.409322 110.948276 113.487277 
39.143609 129.128501 105.449660 162.054246 125.952443 128.124076 130.309029 132.506643 134.716298 29.774913 28.545517 27.319837 26.098396 28.949139 27.683096 26.417432 25.152206 9.158100 8.032185 7.620000 8.032185 9.158100 10.776307 12.700000 5.080000 2.540000 0.000000 2.540000 5.080000 7.620000 10.160000 33.698128 34.362236 35.059784 35.788818 38.157923 38.745665 39.365617 40.016282 103.285415 105.825373 108.365332 110.905293 113.445256 
41.476870 129.854836 102.939494 160.432189 124.642526 126.836589 129.043343 131.262149 133.492406 32.243147 31.007581 29.774913 28.545517 31.482181 30.215514 28.949139 27.683096 10.776307 9.158100 8.032185 7.620000 8.032185 9.158100 10.776307 7.620000 5.080000 2.540000 0.000000 2.540000 5.080000 7.620000 32.478337 33.069475 33.698128 34.362236 37.085113 37.603902 38.157923 38.745665 103.301715 105.841281 108.380867 110.920472 113.460095 
43.833122 130.626530 100.430828 158.834187 123.371001 125.587280 127.815606 130.055359 132.305960 34.721734 33.481290 32.243147 31.007581 34.016262 32.749107 31.482181 30.215514 12.700000 10.776307 9.158100 8.032185 7.620000 8.032185 9.158100 10.160000 7.620000 5.080000 2.540000 0.000000 2.540000 5.080000 31.416939 31.926796 32.478337 33.069475 36.159195 36.603055 37.085113 37.603902 103.380437 105.918115 108.455903 110.993791 113.531774 
46.208847 131.442783 97.923778 157.260974 122.139067 124.377300 126.626920 128.887332 131.157977 37.208606 35.964242 34.721734 33.481290 36.551164 35.283621 34.016262 32.749107 14.810618 12.700000 10.776307 9.158100 8.032185 7.620000 8.032185 12.700000 10.160000 7.620000 5.080000 2.540000 0.000000 2.540000 30.530461 30.950826 31.416939 31.926796 35.391698 35.754957 36.159195 36.603055 103.521439 106.055744 108.590315 111.125134 113.660184 
48.601191 132.302772 95.418470 155.713301 120.947935 123.207808 125.478397 127.759130 130.049475 39.702205 38.454646 37.208606 35.964242 39.086728 37.818871 36.551164 35.283621 17.038838 14.810618 12.700000 10.776307 9.158100 8.032185 7.620000 15.240000 12.700000 10.160000 7.620000 5.080000 2.540000 0.000000 29.834496 30.157755 30.530461 30.950826 34.793109 35.070693 35.391698 35.754957 103.724468 106.253930 108.783884 111.314295 113.845133 
69.415804 108.811930 97.985448 128.928780 92.260363 94.426729 96.611298 98.812863 101.030312 58.624739 57.633103 56.652582 55.683761 55.621132 54.574948 53.538447 52.512204 42.845841 41.584110 40.442719 39.432120 38.562596 37.843873 37.284674 36.547453 35.059784 33.698128 32.478337 31.416939 30.530461 29.834496 0.000000 1.270000 2.540000 3.810000 5.080000 5.236344 5.679613 6.350000 76.103937 78.585070 81.069849 83.557949 86.049081 
70.388791 109.435205 96.858536 128.074424 91.595955 93.777671 95.977014 98.192801 100.423943 59.626933 58.624739 57.633103 56.652582 56.676463 55.621132 54.574948 53.538447 43.518602 42.200583 40.997719 39.920420 38.979098 38.183811 37.543840 37.333885 35.788818 34.362236 33.069475 31.926796 30.950826 30.157755 1.270000 0.000000 1.270000 2.540000 5.236344 5.080000 5.236344 5.679613 76.390225 78.862351 81.338660 83.818781 86.302385 
71.371112 110.069604 95.735207 127.227009 90.944429 93.141407 95.355427 97.585329 99.830048 60.639164 59.626933 58.624739 57.633103 57.740441 56.676463 55.621132 54.574948 44.217611 42.845841 41.584110 40.442719 39.432120 38.562596 37.843873 38.146394 36.547453 35.059784 33.698128 32.478337 31.416939 30.530461 2.540000 1.270000 0.000000 1.270000 5.679613 5.236344 5.080000 5.236344 76.696476 79.159039 81.626348 84.097985 86.573580 
72.362387 110.714937 94.615587 126.386674 90.306064 92.518202 94.746786 96.990682 99.248851 61.660935 60.639164 59.626933 58.624739 58.812595 57.740441 56.676463 55.621132 44.941644 43.518602 42.200583 40.997719 39.920420 38.979098 38.183811 38.983351 37.333885 35.788818 34.362236 33.069475 31.926796 30.950826 3.810000 2.540000 1.270000 0.000000 6.350000 5.679613 5.236344 5.080000 77.022454 79.474916 81.932714 84.395379 86.862498 
72.806461 104.402409 100.416010 125.229618 87.987608 90.113513 92.260363 94.426729 96.611298 61.900101 60.961767 60.035635 59.122278 58.624739 57.633103 56.652582 55.683761 47.261491 46.120719 45.094302 44.190209 43.416084 42.778981 42.285097 40.696187 39.365617 38.157923 37.085113 36.159195 35.391698 34.793109 5.080000 5.236344 5.679613 6.350000 0.000000 1.270000 2.540000 3.810000 71.154134 73.626818 76.103937 78.585070 81.069849 
73.734719 105.051849 99.316680 124.349850 87.290684 89.433157 91.595955 93.777671 95.977014 62.850089 61.900101 60.961767 60.035635 59.626933 58.624739 57.633103 56.652582 47.872238 46.677315 45.592713 44.626477 43.786443 43.079994 42.513791 41.403892 40.016282 38.745665 37.603902 36.603055 35.754957 35.070693 5.236344 5.080000 5.236344 5.679613 1.270000 0.000000 1.270000 2.540000 71.460255 73.922700 76.390225 78.862351 81.338660 
74.673037 105.712557 98.221468 123.476876 86.606776 88.765758 90.944429 93.141407 95.355427 63.811211 62.850089 61.900101 60.961767 60.639164 59.626933 58.624739 57.633103 48.508552 47.261491 46.120719 45.094302 44.190209 43.416084 42.778981 42.137996 40.696187 39.365617 38.157923 37.085113 36.159195 35.391698 5.679613 5.236344 5.080000 5.236344 2.540000 1.270000 0.000000 1.270000 71.787541 74.239132 76.696476 79.159039 81.626348 
75.621042 106.384323 97.130511 122.610841 85.936195 88.111610 90.306064 92.518202 94.746786 64.782972 63.811211 62.850089 61.900101 61.660935 60.639164 59.626933 58.624739 49.169440 47.872238 46.677315 45.592713 44.626477 43.786443 43.079994 42.897144 41.403892 40.016282 38.745665 37.603902 36.603055 35.754957 6.350000 5.679613 5.236344 5.080000 3.810000 2.540000 1.270000 0.000000 72.135705 74.575851 77.022454 79.474916 81.932714 
124.629076 41.891975 157.955094 105.699304 65.406841 65.613527 65.917511 66.317455 66.811635 114.455577 114.135175 113.828041 113.534283 109.554665 109.219887 108.898891 108.591800 111.049354 110.948276 110.905293 110.920472 110.993791 111.125134 111.314295 103.440090 103.331568 103.285415 103.301715 103.380437 103.521439 103.724468 76.103937 76.390225 76.696476 77.022454 71.154134 71.460255 71.787541 72.135705 0.000000 2.540000 5.080000 7.620000 10.160000 
127.060697 40.690930 159.880662 105.229069 65.298376 65.406841 65.613527 65.917511 66.317455 116.911767 116.598114 116.297484 116.009980 112.003126 111.675688 111.361771 111.061490 113.586096 113.487277 113.445256 113.460095 113.531774 113.660184 113.845133 105.976340 105.870418 105.825373 105.841281 105.918115 106.055744 106.253930 78.585070 78.862351 79.159039 79.474916 73.626818 73.922700 74.239132 74.575851 2.540000 0.000000 2.540000 5.080000 7.620000 
129.496479 39.616528 161.823186 104.818293 65.288622 65.298376 65.406841 65.613527 65.917511 119.371464 119.064291 118.769904 118.488399 114.455577 114.135175 113.828041 113.534283 116.122979 116.026321 115.985220 115.999735 116.069845 116.195450 116.376370 108.512765 108.409322 108.365332 108.380867 108.455903 108.590315 108.783884 81.069849 81.338660 81.626348 81.932714 76.103937 76.390225 76.696476 77.022454 5.080000 2.540000 0.000000 2.540000 5.080000 
131.936192 38.679321 163.782063 104.467675 65.377623 65.288622 65.298376 65.406841 65.613527 121.834457 121.533509 121.245118 120.969373 116.911767 116.598114 116.297484 116.009980 118.659997 118.565407 118.525186 118.539390 118.607999 118.730919 118.907981 111.049354 110.948276 110.905293 110.920472 110.993791 111.125134 111.314295 83.557949 83.818781 84.097985 84.395379 78.585070 78.862351 79.159039 79.474916 7.620000 5.080000 2.540000 0.000000 2.540000 
134.379622 37.889494 165.756713 104.177824 65.564977 65.377623 65.288622 65.298376 65.406841 124.300549 124.005586 123.722957 123.452747 119.371464 119.064291 118.769904 118.488399 121.197139 121.104530 121.065153 121.079059 121.146230 121.266577 121.439942 113.586096 113.487277 113.445256 113.460095 113.531774 113.660184 113.845133 86.049081 86.302385 86.573580 86.862498 81.069849 81.338660 81.626348 81.932714 10.160000 7.620000 5.080000 2.540000 0.000000 
