65
# Circuit board instance
Size: large
Nodes: 65
0.000000 140.000000 140.000000 197.989899 122.044234 122.332699 122.673089 123.064971 123.507858 124.001201 124.544402 129.625861 129.897491 130.218107 130.587350 131.004808 131.470022 131.982487 115.420987 117.208179 119.022744 120.863448 122.729115 124.618625 126.530908 120.994163 122.700206 124.434709 126.196498 127.984448 129.797476 131.634547 160.108246 161.994071 163.897562 165.818111 167.755132 169.708061 171.676354 165.338684 167.165514 169.010772 170.873860 172.754203 174.651241 176.564438 91.691253 94.190691 96.692244 99.195751 101.701068 116.879532 116.955879 117.087289 117.273579 117.514486 117.809676 118.158742 124.498213 124.569890 124.693277 124.868220 125.094502 125.371846 125.699914 
140.000000 0.000000 197.989899 140.000000 22.476939 23.993894 25.673027 27.484630 29.404228 31.412029 33.492174 16.723683 18.712983 20.822418 23.018985 25.279981 27.589570 29.936509 98.900150 100.980160 103.080788 105.200800 107.339047 109.494461 111.666047 94.684860 96.855438 99.043587 101.248168 103.468132 105.702508 107.950401 122.584180 125.037234 127.493693 129.953364 132.416069 134.881640 137.349923 120.811884 123.300203 125.790588 128.282918 130.777083 133.272979 135.770511 52.487916 50.083749 47.693665 45.319892 42.965134 23.250586 23.631384 24.273403 25.156650 26.256794 27.547860 29.004364 15.683425 16.242610 17.163279 18.391224 19.869557 21.546801 23.380189 
140.000000 197.989899 0.000000 140.000000 175.968435 174.138405 172.326381 170.532936 168.758662 167.004170 165.270091 181.309015 179.533432 177.776406 176.038493 174.320265 172.622309 170.945231 101.794306 100.332616 98.914560 97.542040 96.217006 94.941446 93.717380 108.072494 106.696847 105.364479 104.077052 102.836256 101.643796 100.501395 110.045115 109.572607 109.157171 108.799463 108.500053 108.259424 108.077970 117.525136 117.082818 116.694122 116.359586 116.079678 115.854793 115.685253 152.890877 154.402787 155.941414 157.505973 159.095700 180.644472 178.715075 176.801113 174.903095 173.021544 171.157004 169.310037 185.664766 183.788079 181.927496 180.083516 178.256654 176.447443 174.656431 
197.989899 140.000000 140.000000 0.000000 128.745127 126.232333 123.720650 121.210147 118.700900 116.192988 113.686502 127.866245 125.335832 122.805815 120.276218 117.747070 115.218399 112.690237 82.591260 80.782852 79.014717 77.289618 75.610500 73.980494 72.402918 77.493866 75.563565 73.670270 71.816907 70.006648 68.242924 66.529435 38.757686 37.395013 36.159631 35.064997 34.124659 33.351669 32.757878 32.722903 31.096898 29.599814 28.252153 27.076234 26.095286 25.331969 133.128944 132.199532 131.312680 130.469257 129.670109 139.686041 137.181787 134.678872 132.177371 129.677367 127.178949 124.682210 138.627451 136.103721 133.580607 131.058145 128.536375 126.015336 123.495075 
122.044234 22.476939 175.968435 128.745127 0.000000 2.540000 5.080000 7.620000 10.160000 12.700000 15.240000 7.620000 8.032185 9.158100 10.776307 12.700000 14.810618 17.038838 78.232911 80.449356 82.684415 84.936620 87.204642 89.487278 91.783437 74.752706 77.069304 79.399567 81.742328 84.096542 86.461272 88.835680 106.555255 109.075243 111.596138 114.117880 116.640414 119.163691 121.687663 105.859568 108.395730 110.932068 113.468569 116.005224 118.542022 121.078954 31.451676 28.933378 26.419235 23.910558 21.409269 11.310763 9.041204 6.961075 5.298393 4.537904 5.100527 6.658932 10.812447 8.409460 6.118187 4.128997 3.093254 3.871824 5.772090 
122.332699 23.993894 174.138405 126.232333 2.540000 0.000000 2.540000 5.080000 7.620000 10.160000 12.700000 8.032185 7.620000 8.032185 9.158100 10.776307 12.700000 14.810618 76.036708 78.232911 80.449356 82.684415 84.936620 87.204642 89.487278 72.451085 74.752706 77.069304 79.399567 81.742328 84.096542 86.461272 104.036241 106.555255 109.075243 111.596138 114.117880 116.640414 119.163691 103.323595 105.859568 108.395730 110.932068 113.468569 116.005224 118.542022 31.235724 28.698482 26.161775 23.625776 21.090740 13.675765 11.310763 9.041204 6.961075 5.298393 4.537904 5.100527 13.266582 10.812447 8.409460 6.118187 4.128997 3.093254 3.871824 
122.673089 25.673027 172.326381 123.720650 5.080000 2.540000 0.000000 2.540000 5.080000 7.620000 10.160000 9.158100 8.032185 7.620000 8.032185 9.158100 10.776307 12.700000 73.862554 76.036708 78.232911 80.449356 82.684415 84.936620 87.204642 70.165915 72.451085 74.752706 77.069304 79.399567 81.742328 84.096542 101.518273 104.036241 106.555255 109.075243 111.596138 114.117880 116.640414 100.787824 103.323595 105.859568 108.395730 110.932068 113.468569 116.005224 31.225569 28.687429 26.149650 23.612348 21.075697 16.094190 13.675765 11.310763 9.041204 6.961075 5.298393 4.537904 15.747971 13.266582 10.812447 8.409460 6.118187 4.128997 3.093254 
123.064971 27.484630 170.532936 121.210147 7.620000 5.080000 2.540000 0.000000 2.540000 5.080000 7.620000 10.776307 9.158100 8.032185 7.620000 8.032185 9.158100 10.776307 71.712454 73.862554 76.036708 78.232911 80.449356 82.684415 84.936620 67.898857 70.165915 72.451085 74.752706 77.069304 79.399567 81.742328 99.001430 101.518273 104.036241 106.555255 109.075243 111.596138 114.117880 98.252272 100.787824 103.323595 105.859568 108.395730 110.932068 113.468569 31.421411 28.900475 26.383197 23.870733 21.364782 18.545149 16.094190 13.675765 11.310763 9.041204 6.961075 5.298393 18.245498 15.747971 13.266582 10.812447 8.409460 6.118187 4.128997 
123.507858 29.404228 168.758662 118.700900 10.160000 7.620000 5.080000 2.540000 0.000000 2.540000 5.080000 12.700000 10.776307 9.158100 8.032185 7.620000 8.032185 9.158100 69.588636 71.712454 73.862554 76.036708 78.232911 80.449356 82.684415 65.651787 67.898857 70.165915 72.451085 74.752706 77.069304 79.399567 96.485801 99.001430 101.518273 104.036241 106.555255 109.075243 111.596138 95.716955 98.252272 100.787824 103.323595 105.859568 108.395730 110.932068 31.819447 29.332739 26.856009 24.392294 21.945980 21.017263 18.545149 16.094190 13.675765 11.310763 9.041204 6.961075 20.753337 18.245498 15.747971 13.266582 10.812447 8.409460 6.118187 
124.001201 31.412029 167.004170 116.192988 12.700000 10.160000 7.620000 5.080000 2.540000 0.000000 2.540000 14.810618 12.700000 10.776307 9.158100 8.032185 7.620000 8.032185 67.493584 69.588636 71.712454 73.862554 76.036708 78.232911 80.449356 63.426828 65.651787 67.898857 70.165915 72.451085 74.752706 77.069304 93.971483 96.485801 99.001430 101.518273 104.036241 106.555255 109.075243 93.181894 95.716955 98.252272 100.787824 103.323595 105.859568 108.395730 32.412228 29.974738 27.555771 25.160671 22.796959 23.503858 21.017263 18.545149 16.094190 13.675765 11.310763 9.041204 23.268154 20.753337 18.245498 15.747971 13.266582 10.812447 8.409460 
124.544402 33.492174 165.270091 113.686502 15.240000 12.700000 10.160000 7.620000 5.080000 2.540000 0.000000 17.038838 14.810618 12.700000 10.776307 9.158100 8.032185 7.620000 65.430058 67.493584 69.588636 71.712454 73.862554 76.036708 78.232911 61.226394 63.426828 65.651787 67.898857 70.165915 72.451085 74.752706 91.458585 93.971483 96.485801 99.001430 101.518273 104.036241 106.555255 90.647109 93.181894 95.716955 98.252272 100.787824 103.323595 105.859568 33.189321 30.813364 28.465752 26.154117 23.888907 26.000780 23.503858 21.017263 18.545149 16.094190 13.675765 11.310763 25.787908 23.268154 20.753337 18.245498 15.747971 13.266582 10.812447 
129.625861 16.723683 181.309015 127.866245 7.620000 8.032185 9.158100 10.776307 12.700000 14.810618 17.038838 0.000000 2.540000 5.080000 7.620000 10.160000 12.700000 15.240000 82.273558 84.383937 86.517412 88.672315 90.847122 93.040437 95.250981 78.232911 80.449356 82.684415 84.936620 87.204642 89.487278 91.783437 107.786481 110.278337 112.772342 115.268355 117.766249 120.265907 122.767221 106.555255 109.075243 111.596138 114.117880 116.640414 119.163691 121.687663 39.023453 36.497297 33.973206 31.451676 28.933378 15.971428 14.453253 13.251782 12.458977 12.155070 12.376127 13.095592 11.310763 9.041204 6.961075 5.298393 4.537904 5.100527 6.658932 
129.897491 18.712983 179.533432 125.335832 8.032185 7.620000 8.032185 9.158100 10.776307 12.700000 14.810618 2.540000 0.000000 2.540000 5.080000 7.620000 10.160000 12.700000 80.188098 82.273558 84.383937 86.517412 88.672315 90.847122 93.040437 76.036708 78.232911 80.449356 82.684415 84.936620 87.204642 89.487278 105.296926 107.786481 110.278337 112.772342 115.268355 117.766249 120.265907 104.036241 106.555255 109.075243 111.596138 114.117880 116.640414 119.163691 38.849612 36.311365 33.773380 31.235724 28.698482 17.725115 15.971428 14.453253 13.251782 12.458977 12.155070 12.376127 13.675765 11.310763 9.041204 6.961075 5.298393 4.537904 5.100527 
130.218107 20.822418 177.776406 122.805815 9.158100 8.032185 7.620000 8.032185 9.158100 10.776307 12.700000 5.080000 2.540000 0.000000 2.540000 5.080000 7.620000 10.160000 78.129553 80.188098 82.273558 84.383937 86.517412 88.672315 90.847122 73.862554 76.036708 78.232911 80.449356 82.684415 84.936620 87.204642 102.809838 105.296926 107.786481 110.278337 112.772342 115.268355 117.766249 101.518273 104.036241 106.555255 109.075243 111.596138 114.117880 116.640414 38.841448 36.302630 33.763989 31.225569 28.687429 19.651364 17.725115 15.971428 14.453253 13.251782 12.458977 12.155070 16.094190 13.675765 11.310763 9.041204 6.961075 5.298393 4.537904 
130.587350 23.018985 176.038493 120.276218 10.776307 9.158100 8.032185 7.620000 8.032185 9.158100 10.776307 7.620000 5.080000 2.540000 0.000000 2.540000 5.080000 7.620000 76.100106 78.129553 80.188098 82.273558 84.383937 86.517412 88.672315 71.712454 73.862554 76.036708 78.232911 80.449356 82.684415 84.936620 100.325402 102.809838 105.296926 107.786481 110.278337 112.772342 115.268355 99.001430 101.518273 104.036241 106.555255 109.075243 111.596138 114.117880 38.999064 36.471219 33.945189 31.421411 28.900475 21.704278 19.651364 17.725115 15.971428 14.453253 13.251782 12.458977 18.545149 16.094190 13.675765 11.310763 9.041204 6.961075 5.298393 
131.004808 25.279981 174.320265 117.747070 12.700000 10.776307 9.158100 8.032185 7.620000 8.032185 9.158100 10.160000 7.620000 5.080000 2.540000 0.000000 2.540000 5.080000 74.102148 76.100106 78.129553 80.188098 82.273558 84.383937 86.517412 69.588636 71.712454 73.862554 76.036708 78.232911 80.449356 82.684415 97.843819 100.325402 102.809838 105.296926 107.786481 110.278337 112.772342 96.485801 99.001430 101.518273 104.036241 106.555255 109.075243 111.596138 39.320467 36.814697 34.313962 31.819447 29.332739 23.851174 21.704278 19.651364 17.725115 15.971428 14.453253 13.251782 21.017263 18.545149 16.094190 13.675765 11.310763 9.041204 6.961075 
131.470022 27.589570 172.622309 115.218399 14.810618 12.700000 10.776307 9.158100 8.032185 7.620000 8.032185 12.700000 10.160000 7.620000 5.080000 2.540000 0.000000 2.540000 72.138297 74.102148 76.100106 78.129553 80.188098 82.273558 84.383937 67.493584 69.588636 71.712454 73.862554 76.036708 78.232911 80.449356 95.365312 97.843819 100.325402 102.809838 105.296926 107.786481 110.278337 93.971483 96.485801 99.001430 101.518273 104.036241 106.555255 109.075243 39.801689 37.328237 34.864355 32.412228 29.974738 26.068842 23.851174 21.704278 19.651364 17.725115 15.971428 14.453253 23.503858 21.017263 18.545149 16.094190 13.675765 11.310763 9.041204 
131.982487 29.936509 170.945231 112.690237 17.038838 14.810618 12.700000 10.776307 9.158100 8.032185 7.620000 15.240000 12.700000 10.160000 7.620000 5.080000 2.540000 0.000000 70.211413 72.138297 74.102148 76.100106 78.129553 80.188098 82.273558 65.430058 67.493584 69.588636 71.712454 73.862554 76.036708 78.232911 92.890128 95.365312 97.843819 100.325402 102.809838 105.296926 107.786481 91.458585 93.971483 96.485801 99.001430 101.518273 104.036241 106.555255 40.437025 38.004944 35.587945 33.189321 30.813364 28.340672 26.068842 23.851174 21.704278 19.651364 17.725115 15.971428 26.000780 23.503858 21.017263 18.545149 16.094190 13.675765 11.310763 
115.420987 98.900150 101.794306 82.591260 78.232911 76.036708 73.862554 71.712454 69.588636 67.493584 65.430058 82.273558 80.188098 78.129553 76.100106 74.102148 72.138297 70.211413 0.000000 2.540000 5.080000 7.620000 10.160000 12.700000 15.240000 7.620000 8.032185 9.158100 10.776307 12.700000 14.810618 17.038838 45.394745 47.526941 49.697491 51.901582 54.135119 56.394602 58.677035 50.033931 51.976163 53.968064 56.004336 58.080310 60.191881 62.335429 64.472054 64.818259 65.261558 65.799987 66.431234 85.472724 83.151294 80.843008 78.549026 76.270638 74.009284 71.766574 88.797792 86.565576 84.350775 82.154798 79.979194 77.825673 75.696119 
117.208179 100.980160 100.332616 80.782852 80.449356 78.232911 76.036708 73.862554 71.712454 69.588636 67.493584 84.383937 82.273558 80.188098 78.129553 76.100106 74.102148 72.138297 2.540000 0.000000 2.540000 5.080000 7.620000 10.160000 12.700000 8.032185 7.620000 8.032185 9.158100 10.776307 12.700000 14.810618 43.306568 45.394745 47.526941 49.697491 51.901582 54.135119 56.394602 48.147380 50.033931 51.976163 53.968064 56.004336 58.080310 60.191881 66.995277 67.328509 67.755386 68.274151 68.882728 87.806257 85.472724 83.151294 80.843008 78.549026 76.270638 74.009284 91.046142 88.797792 86.565576 84.350775 82.154798 79.979194 77.825673 
119.022744 103.080788 98.914560 79.014717 82.684415 80.449356 78.232911 76.036708 73.862554 71.712454 69.588636 86.517412 84.383937 82.273558 80.188098 78.129553 76.100106 74.102148 5.080000 2.540000 0.000000 2.540000 5.080000 7.620000 10.160000 9.158100 8.032185 7.620000 8.032185 9.158100 10.776307 12.700000 41.269093 43.306568 45.394745 47.526941 49.697491 51.901582 54.135119 46.323314 48.147380 50.033931 51.976163 53.968064 56.004336 58.080310 69.519723 69.840911 70.252523 70.752981 71.340416 90.150951 87.806257 85.472724 83.151294 80.843008 78.549026 76.270638 93.309460 91.046142 88.797792 86.565576 84.350775 82.154798 79.979194 
120.863448 105.200800 97.542040 77.289618 84.936620 82.684415 80.449356 78.232911 76.036708 73.862554 71.712454 88.672315 86.517412 84.383937 82.273558 80.188098 78.129553 76.100106 7.620000 5.080000 2.540000 0.000000 2.540000 5.080000 7.620000 10.776307 9.158100 8.032185 7.620000 8.032185 9.158100 10.776307 39.290207 41.269093 43.306568 45.394745 47.526941 49.697491 51.901582 44.569404 46.323314 48.147380 50.033931 51.976163 53.968064 56.004336 72.045261 72.355239 72.752627 73.236003 73.803677 92.505959 90.150951 87.806257 85.472724 83.151294 80.843008 78.549026 95.586682 93.309460 91.046142 88.797792 86.565576 84.350775 82.154798 
122.729115 107.339047 96.217006 75.610500 87.204642 84.936620 82.684415 80.449356 78.232911 76.036708 73.862554 90.847122 88.672315 86.517412 84.383937 82.273558 80.188098 78.129553 10.160000 7.620000 5.080000 2.540000 0.000000 2.540000 5.080000 12.700000 10.776307 9.158100 8.032185 7.620000 8.032185 9.158100 37.379218 39.290207 41.269093 43.306568 45.394745 47.526941 49.697491 42.894257 44.569404 46.323314 48.147380 50.033931 51.976163 53.968064 74.571782 74.871300 75.255404 75.722805 76.271972 94.870513 92.505959 90.150951 87.806257 85.472724 83.151294 80.843008 97.876839 95.586682 93.309460 91.046142 88.797792 86.565576 84.350775 
124.618625 109.494461 94.941446 73.980494 89.487278 87.204642 84.936620 82.684415 80.449356 78.232911 76.036708 93.040437 90.847122 88.672315 86.517412 84.383937 82.273558 80.188098 12.700000 10.160000 7.620000 5.080000 2.540000 0.000000 2.540000 14.810618 12.700000 10.776307 9.158100 8.032185 7.620000 8.032185 35.547077 37.379218 39.290207 41.269093 43.306568 45.394745 47.526941 41.307457 42.894257 44.569404 46.323314 48.147380 50.033931 51.976163 77.099189 77.388926 77.760594 78.213026 78.744828 97.243916 94.870513 92.505959 90.150951 87.806257 85.472724 83.151294 100.179042 97.876839 95.586682 93.309460 91.046142 88.797792 86.565576 
126.530908 111.666047 93.717380 72.402918 91.783437 89.487278 87.204642 84.936620 82.684415 80.449356 78.232911 95.250981 93.040437 90.847122 88.672315 86.517412 84.383937 82.273558 15.240000 12.700000 10.160000 7.620000 5.080000 2.540000 0.000000 17.038838 14.810618 12.700000 10.776307 9.158100 8.032185 7.620000 33.806606 35.547077 37.379218 39.290207 41.269093 43.306568 45.394745 39.819568 41.307457 42.894257 44.569404 46.323314 48.147380 50.033931 79.627397 79.907968 80.267973 80.706349 81.221828 99.625535 97.243916 94.870513 92.505959 90.150951 87.806257 85.472724 102.492480 100.179042 97.876839 95.586682 93.309460 91.046142 88.797792 
120.994163 94.684860 108.072494 77.493866 74.752706 72.451085 70.165915 67.898857 65.651787 63.426828 61.226394 78.232911 76.036708 73.862554 71.712454 69.588636 67.493584 65.430058 7.620000 8.032185 9.158100 10.776307 12.700000 14.810618 17.038838 0.000000 2.540000 5.080000 7.620000 10.160000 12.700000 15.240000 41.642531 43.957111 46.295335 48.653794 51.029683 53.420676 55.824832 45.394745 47.526941 49.697491 51.901582 54.135119 56.394602 58.677035 64.029541 64.076778 64.224513 64.472054 64.818259 82.717919 80.316905 77.924704 75.542154 73.170197 70.809898 68.462462 85.472724 83.151294 80.843008 78.549026 76.270638 74.009284 71.766574 
122.700206 96.855438 106.696847 75.563565 77.069304 74.752706 72.451085 70.165915 67.898857 65.651787 63.426828 80.449356 78.232911 76.036708 73.862554 71.712454 69.588636 67.493584 8.032185 7.620000 8.032185 9.158100 10.776307 12.700000 14.810618 2.540000 0.000000 2.540000 5.080000 7.620000 10.160000 12.700000 39.355766 41.642531 43.957111 46.295335 48.653794 51.029683 53.420676 43.306568 45.394745 47.526941 49.697491 51.901582 54.135119 56.394602 66.569539 66.614975 66.757093 66.995277 67.328509 85.127001 82.717919 80.316905 77.924704 75.542154 73.170197 70.809898 87.806257 85.472724 83.151294 80.843008 78.549026 76.270638 74.009284 
124.434709 99.043587 105.364479 73.670270 79.399567 77.069304 74.752706 72.451085 70.165915 67.898857 65.651787 82.684415 80.449356 78.232911 76.036708 73.862554 71.712454 69.588636 9.158100 8.032185 7.620000 8.032185 9.158100 10.776307 12.700000 5.080000 2.540000 0.000000 2.540000 5.080000 7.620000 10.160000 37.101960 39.355766 41.642531 43.957111 46.295335 48.653794 51.029683 41.269093 43.306568 45.394745 47.526941 49.697491 51.901582 54.135119 69.109537 69.153304 69.290216 69.519723 69.840911 87.543484 85.127001 82.717919 80.316905 77.924704 75.542154 73.170197 90.150951 87.806257 85.472724 83.151294 80.843008 78.549026 76.270638 
126.196498 101.248168 104.077052 71.816907 81.742328 79.399567 77.069304 74.752706 72.451085 70.165915 67.898857 84.936620 82.684415 80.449356 78.232911 76.036708 73.862554 71.712454 10.776307 9.158100 8.032185 7.620000 8.032185 9.158100 10.776307 7.620000 5.080000 2.540000 0.000000 2.540000 5.080000 7.620000 34.887502 37.101960 39.355766 41.642531 43.957111 46.295335 48.653794 39.290207 41.269093 43.306568 45.394745 47.526941 49.697491 51.901582 71.649536 71.691752 71.823825 72.045261 72.355239 89.966772 87.543484 85.127001 82.717919 80.316905 77.924704 75.542154 92.505959 90.150951 87.806257 85.472724 83.151294 80.843008 78.549026 
127.984448 103.468132 102.836256 70.006648 84.096542 81.742328 79.399567 77.069304 74.752706 72.451085 70.165915 87.204642 84.936620 82.684415 80.449356 78.232911 76.036708 73.862554 12.700000 10.776307 9.158100 8.032185 7.620000 8.032185 9.158100 10.160000 7.620000 5.080000 2.540000 0.000000 2.540000 5.080000 32.720381 34.887502 37.101960 39.355766 41.642531 43.957111 46.295335 37.379218 39.290207 41.269093 43.306568 45.394745 47.526941 49.697491 74.189534 74.230306 74.357870 74.571782 74.871300 92.396330 89.966772 87.543484 85.127001 82.717919 80.316905 77.924704 94.870513 92.505959 90.150951 87.806257 85.472724 83.151294 80.843008 
129.797476 105.702508 101.643796 68.242924 86.461272 84.096542 81.742328 79.399567 77.069304 74.752706 72.451085 89.487278 87.204642 84.936620 82.684415 80.449356 78.232911 76.036708 14.810618 12.700000 10.776307 9.158100 8.032185 7.620000 8.032185 12.700000 10.160000 7.620000 5.080000 2.540000 0.000000 2.540000 30.610654 32.720381 34.887502 37.101960 39.355766 41.642531 43.957111 35.547077 37.379218 39.290207 41.269093 43.306568 45.394745 47.526941 76.729533 76.768956 76.892309 77.099189 77.388926 94.831675 92.396330 89.966772 87.543484 85.127001 82.717919 80.316905 97.243916 94.870513 92.505959 90.150951 87.806257 85.472724 83.151294 
131.634547 107.950401 100.501395 66.529435 88.835680 86.461272 84.096542 81.742328 79.399567 77.069304 74.752706 91.783437 89.487278 87.204642 84.936620 82.684415 80.449356 78.232911 17.038838 14.810618 12.700000 10.776307 9.158100 8.032185 7.620000 15.240000 12.700000 10.160000 7.620000 5.080000 2.540000 0.000000 28.571035 30.610654 32.720381 34.887502 37.101960 39.355766 41.642531 33.806606 35.547077 37.379218 39.290207 41.269093 43.306568 45.394745 79.269531 79.307692 79.427102 79.627397 79.907968 97.272374 94.831675 92.396330 89.966772 87.543484 85.127001 82.717919 99.625535 97.243916 94.870513 92.505959 90.150951 87.806257 85.472724 
160.108246 122.584180 110.045115 38.757686 106.555255 104.036241 101.518273 99.001430 96.485801 93.971483 91.458585 107.786481 105.296926 102.809838 100.325402 97.843819 95.365312 92.890128 45.394745 43.306568 41.269093 39.290207 37.379218 35.547077 33.806606 41.642531 39.355766 37.101960 34.887502 32.720381 30.610654 28.571035 0.000000 2.540000 5.080000 7.620000 10.160000 12.700000 15.240000 7.620000 8.032185 9.158100 10.776307 12.700000 14.810618 17.038838 103.288465 102.883683 102.540240 102.258753 102.039734 116.404660 113.872386 111.340464 108.808918 106.277777 103.747068 101.216824 117.238471 114.724603 112.211912 109.700479 107.190392 104.681748 102.174654 
161.994071 125.037234 109.572607 37.395013 109.075243 106.555255 104.036241 101.518273 99.001430 96.485801 93.971483 110.278337 107.786481 105.296926 102.809838 100.325402 97.843819 95.365312 47.526941 45.394745 43.306568 41.269093 39.290207 37.379218 35.547077 43.957111 41.642531 39.355766 37.101960 34.887502 32.720381 30.610654 2.540000 0.000000 2.540000 5.080000 7.620000 10.160000 12.700000 8.032185 7.620000 8.032185 9.158100 10.776307 12.700000 14.810618 105.791796 105.396629 105.061400 104.786686 104.572962 118.937263 116.404660 113.872386 111.340464 108.808918 106.277777 103.747068 119.753442 117.238471 114.724603 112.211912 109.700479 107.190392 104.681748 
163.897562 127.493693 109.157171 36.159631 111.596138 109.075243 106.555255 104.036241 101.518273 99.001430 96.485801 112.772342 110.278337 107.786481 105.296926 102.809838 100.325402 97.843819 49.697491 47.526941 45.394745 43.306568 41.269093 39.290207 37.379218 46.295335 43.957111 41.642531 39.355766 37.101960 34.887502 32.720381 5.080000 2.540000 0.000000 2.540000 5.080000 7.620000 10.160000 9.158100 8.032185 7.620000 8.032185 9.158100 10.776307 12.700000 108.296834 107.910841 107.583447 107.315189 107.106511 121.470175 118.937263 116.404660 113.872386 111.340464 108.808918 106.277777 122.269448 119.753442 117.238471 114.724603 112.211912 109.700479 107.190392 
165.818111 129.953364 108.799463 35.064997 114.117880 111.596138 109.075243 106.555255 104.036241 101.518273 99.001430 115.268355 112.772342 110.278337 107.786481 105.296926 102.809838 100.325402 51.901582 49.697491 47.526941 45.394745 43.306568 41.269093 39.290207 48.653794 46.295335 43.957111 41.642531 39.355766 37.101960 34.887502 7.620000 5.080000 2.540000 0.000000 2.540000 5.080000 7.620000 10.776307 9.158100 8.032185 7.620000 8.032185 9.158100 10.776307 110.803465 110.426234 110.106319 109.844223 109.640359 124.003378 121.470175 118.937263 116.404660 113.872386 111.340464 108.808918 124.786425 122.269448 119.753442 117.238471 114.724603 112.211912 109.700479 
167.755132 132.416069 108.500053 34.124659 116.640414 114.117880 111.596138 109.075243 106.555255 104.036241 101.518273 117.766249 115.268355 112.772342 110.278337 107.786481 105.296926 102.809838 54.135119 51.901582 49.697491 47.526941 45.394745 43.306568 41.269093 51.029683 48.653794 46.295335 43.957111 41.642531 39.355766 37.101960 10.160000 7.620000 5.080000 2.540000 0.000000 2.540000 5.080000 12.700000 10.776307 9.158100 8.032185 7.620000 8.032185 9.158100 113.311581 112.942728 112.629962 112.373751 112.174484 126.536852 124.003378 121.470175 118.937263 116.404660 113.872386 111.340464 127.304318 124.786425 122.269448 119.753442 117.238471 114.724603 112.211912 
169.708061 134.881640 108.259424 33.351669 119.163691 116.640414 114.117880 111.596138 109.075243 106.555255 104.036241 120.265907 117.766249 115.268355 112.772342 110.278337 107.786481 105.296926 56.394602 54.135119 51.901582 49.697491 47.526941 45.394745 43.306568 53.420676 51.029683 48.653794 46.295335 43.957111 41.642531 39.355766 12.700000 10.160000 7.620000 5.080000 2.540000 0.000000 2.540000 14.810618 12.700000 10.776307 9.158100 8.032185 7.620000 8.032185 115.821087 115.460251 115.154323 114.903742 114.708870 129.070584 126.536852 124.003378 121.470175 118.937263 116.404660 113.872386 129.823071 127.304318 124.786425 122.269448 119.753442 117.238471 114.724603 
171.676354 137.349923 108.077970 32.757878 121.687663 119.163691 116.640414 114.117880 111.596138 109.075243 106.555255 122.767221 120.265907 117.766249 115.268355 112.772342 110.278337 107.786481 58.677035 56.394602 54.135119 51.901582 49.697491 47.526941 45.394745 55.824832 53.420676 51.029683 48.653794 46.295335 43.957111 41.642531 15.240000 12.700000 10.160000 7.620000 5.080000 2.540000 0.000000 17.038838 14.810618 12.700000 10.776307 9.158100 8.032185 7.620000 118.331895 117.978738 117.679358 117.434164 117.243498 131.604557 129.070584 126.536852 124.003378 121.470175 118.937263 116.404660 132.342637 129.823071 127.304318 124.786425 122.269448 119.753442 117.238471 
165.338684 120.811884 117.525136 32.722903 105.859568 103.323595 100.787824 98.252272 95.716955 93.181894 90.647109 106.555255 104.036241 101.518273 99.001430 96.485801 93.971483 91.458585 50.033931 48.147380 46.323314 44.569404 42.894257 41.307457 39.819568 45.394745 43.306568 41.269093 39.290207 37.379218 35.547077 33.806606 7.620000 8.032185 9.158100 10.776307 12.700000 14.810618 17.038838 0.000000 2.540000 5.080000 7.620000 10.160000 12.700000 15.240000 104.863198 104.279077 103.753867 103.288465 102.883683 116.066185 113.526361 110.986546 108.446739 105.906941 103.367154 100.827377 116.404660 113.872386 111.340464 108.808918 106.277777 103.747068 101.216824 
167.165514 123.300203 117.082818 31.096898 108.395730 105.859568 103.323595 100.787824 98.252272 95.716955 93.181894 109.075243 106.555255 104.036241 101.518273 99.001430 96.485801 93.971483 51.976163 50.033931 48.147380 46.323314 44.569404 42.894257 41.307457 47.526941 45.394745 43.306568 41.269093 39.290207 37.379218 35.547077 8.032185 7.620000 8.032185 9.158100 10.776307 12.700000 14.810618 2.540000 0.000000 2.540000 5.080000 7.620000 10.160000 12.700000 107.329806 106.759182 106.246232 105.791796 105.396629 118.606016 116.066185 113.526361 110.986546 108.446739 105.906941 103.367154 118.937263 116.404660 113.872386 111.340464 108.808918 106.277777 103.747068 
169.010772 125.790588 116.694122 29.599814 110.932068 108.395730 105.859568 103.323595 100.787824 98.252272 95.716955 111.596138 109.075243 106.555255 104.036241 101.518273 99.001430 96.485801 53.968064 51.976163 50.033931 48.147380 46.323314 44.569404 42.894257 49.697491 47.526941 45.394745 43.306568 41.269093 39.290207 37.379218 9.158100 8.032185 7.620000 8.032185 9.158100 10.776307 12.700000 5.080000 2.540000 0.000000 2.540000 5.080000 7.620000 10.160000 109.799761 109.242040 108.740803 108.296834 107.910841 121.145854 118.606016 116.066185 113.526361 110.986546 108.446739 105.906941 121.470175 118.937263 116.404660 113.872386 111.340464 108.808918 106.277777 
170.873860 128.282918 116.359586 28.252153 113.468569 110.932068 108.395730 105.859568 103.323595 100.787824 98.252272 114.117880 111.596138 109.075243 106.555255 104.036241 101.518273 99.001430 56.004336 53.968064 51.976163 50.033931 48.147380 46.323314 44.569404 51.901582 49.697491 47.526941 45.394745 43.306568 41.269093 39.290207 10.776307 9.158100 8.032185 7.620000 8.032185 9.158100 10.776307 7.620000 5.080000 2.540000 0.000000 2.540000 5.080000 7.620000 112.272842 111.727466 111.237429 110.803465 110.426234 123.685699 121.145854 118.606016 116.066185 113.526361 110.986546 108.446739 124.003378 121.470175 118.937263 116.404660 113.872386 111.340464 108.808918 
172.754203 130.777083 116.079678 27.076234 116.005224 113.468569 110.932068 108.395730 105.859568 103.323595 100.787824 116.640414 114.117880 111.596138 109.075243 106.555255 104.036241 101.518273 58.080310 56.004336 53.968064 51.976163 50.033931 48.147380 46.323314 54.135119 51.901582 49.697491 47.526941 45.394745 43.306568 41.269093 12.700000 10.776307 9.158100 8.032185 7.620000 8.032185 9.158100 10.160000 7.620000 5.080000 2.540000 0.000000 2.540000 5.080000 114.748846 114.215294 113.735976 113.311581 112.942728 126.225550 123.685699 121.145854 118.606016 116.066185 113.526361 110.986546 126.536852 124.003378 121.470175 118.937263 116.404660 113.872386 111.340464 
174.651241 133.272979 115.854793 26.095286 118.542022 116.005224 113.468569 110.932068 108.395730 105.859568 103.323595 119.163691 116.640414 114.117880 111.596138 109.075243 106.555255 104.036241 60.191881 58.080310 56.004336 53.968064 51.976163 50.033931 48.147380 56.394602 54.135119 51.901582 49.697491 47.526941 45.394745 43.306568 14.810618 12.700000 10.776307 9.158100 8.032185 7.620000 8.032185 12.700000 10.160000 7.620000 5.080000 2.540000 0.000000 2.540000 117.227589 116.705370 116.236320 115.821087 115.460251 128.765407 126.225550 123.685699 121.145854 118.606016 116.066185 113.526361 129.070584 126.536852 124.003378 121.470175 118.937263 116.404660 113.872386 
176.564438 135.770511 115.685253 25.331969 121.078954 118.542022 116.005224 113.468569 110.932068 108.395730 105.859568 121.687663 119.163691 116.640414 114.117880 111.596138 109.075243 106.555255 62.335429 60.191881 58.080310 56.004336 53.968064 51.976163 50.033931 58.677035 56.394602 54.135119 51.901582 49.697491 47.526941 45.394745 17.038838 14.810618 12.700000 10.776307 9.158100 8.032185 7.620000 15.240000 12.700000 10.160000 7.620000 5.080000 2.540000 0.000000 119.708900 119.197552 118.738348 118.331895 117.978738 131.305269 128.765407 126.225550 123.685699 121.145854 118.606016 116.066185 131.604557 129.070584 126.536852 124.003378 121.470175 118.937263 116.404660 
91.691253 52.487916 152.890877 133.128944 31.451676 31.235724 31.225569 31.421411 31.819447 32.412228 33.189321 39.023453 38.849612 38.841448 38.999064 39.320467 39.801689 40.437025 64.472054 66.995277 69.519723 72.045261 74.571782 77.099189 79.627397 64.029541 66.569539 69.109537 71.649536 74.189534 76.729533 79.269531 103.288465 105.791796 108.296834 110.803465 113.311581 115.821087 118.331895 104.863198 107.329806 109.799761 112.272842 114.748846 117.227589 119.708900 0.000000 2.540000 5.080000 7.620000 10.160000 30.261641 29.147690 28.219000 27.494350 26.990180 26.718973 26.687833 37.152391 36.250808 35.508382 34.935261 34.539876 34.328366 34.304135 
94.190691 50.083749 154.402787 132.199532 28.933378 28.698482 28.687429 28.900475 29.332739 29.974738 30.813364 36.497297 36.311365 36.302630 36.471219 36.814697 37.328237 38.004944 64.818259 67.328509 69.840911 72.355239 74.871300 77.388926 79.907968 64.076778 66.614975 69.153304 71.691752 74.230306 76.768956 79.307692 102.883683 105.396629 107.910841 110.426234 112.942728 115.460251 117.978738 104.279077 106.759182 109.242040 111.727466 114.215294 116.705370 119.197552 2.540000 0.000000 2.540000 5.080000 7.620000 28.048689 26.843060 25.831647 25.037997 24.483297 24.183993 24.149585 34.821725 33.858137 33.062026 32.445722 32.019610 31.791337 31.765170 
96.692244 47.693665 155.941414 131.312680 26.419235 26.161775 26.149650 26.383197 26.856009 27.555771 28.465752 33.973206 33.773380 33.763989 33.945189 34.313962 34.864355 35.587945 65.261558 67.755386 70.252523 72.752627 75.255404 77.760594 80.267973 64.224513 66.757093 69.290216 71.823825 74.357870 76.892309 79.427102 102.540240 105.061400 107.583447 110.106319 112.629962 115.154323 117.679358 103.753867 106.246232 108.740803 111.237429 113.735976 116.236320 118.738348 5.080000 2.540000 0.000000 2.540000 5.080000 25.895832 24.584854 23.476353 22.600144 21.984017 21.650190 21.611748 32.522425 31.488554 30.630919 29.964654 29.502729 29.254824 29.226386 
99.195751 45.319892 157.505973 130.469257 23.910558 23.625776 23.612348 23.870733 24.392294 25.160671 26.154117 31.451676 31.235724 31.225569 31.421411 31.819447 32.412228 33.189321 65.799987 68.274151 70.752981 73.236003 75.722805 78.213026 80.706349 64.472054 66.995277 69.519723 72.045261 74.571782 77.099189 79.627397 102.258753 104.786686 107.315189 109.844223 112.373751 114.903742 117.434164 103.288465 105.791796 108.296834 110.803465 113.311581 115.821087 118.331895 7.620000 5.080000 2.540000 0.000000 2.540000 23.819373 22.387127 21.163827 20.187493 19.495266 19.118031 19.074487 30.261641 29.147690 28.219000 27.494350 26.990180 26.718973 26.687833 
101.701068 42.965134 159.095700 129.670109 21.409269 21.090740 21.075697 21.364782 21.945980 22.796959 23.888907 28.933378 28.698482 28.687429 28.900475 29.332739 29.974738 30.813364 66.431234 68.882728 71.340416 73.803677 76.271972 78.744828 81.221828 64.818259 67.328509 69.840911 72.355239 74.871300 77.388926 79.907968 102.039734 104.572962 107.106511 109.640359 112.174484 114.708870 117.243498 102.883683 105.396629 107.910841 110.426234 112.942728 115.460251 117.978738 10.160000 7.620000 5.080000 2.540000 0.000000 21.841111 20.269560 18.909764 17.810292 17.021663 16.588271 16.538066 28.048689 26.843060 25.831647 25.037997 24.483297 24.183993 24.149585 
116.879532 23.250586 180.644472 139.686041 11.310763 13.675765 16.094190 18.545149 21.017263 23.503858 26.000780 15.971428 17.725115 19.651364 21.704278 23.851174 26.068842 28.340672 85.472724 87.806257 90.150951 92.505959 94.870513 97.243916 99.625535 82.717919 85.127001 87.543484 89.966772 92.396330 94.831675 97.272374 116.404660 118.937263 121.470175 124.003378 126.536852 129.070584 131.604557 116.066185 118.606016 121.145854 123.685699 126.225550 128.765407 131.305269 30.261641 28.048689 25.895832 23.819373 21.841111 0.000000 2.540000 5.080000 7.620000 10.160000 12.700000 15.240000 7.620000 8.032185 9.158100 10.776307 12.700000 14.810618 17.038838 
116.955879 23.631384 178.715075 137.181787 9.041204 11.310763 13.675765 16.094190 18.545149 21.017263 23.503858 14.453253 15.971428 17.725115 19.651364 21.704278 23.851174 26.068842 83.151294 85.472724 87.806257 90.150951 92.505959 94.870513 97.243916 80.316905 82.717919 85.127001 87.543484 89.966772 92.396330 94.831675 113.872386 116.404660 118.937263 121.470175 124.003378 126.536852 129.070584 113.526361 116.066185 118.606016 121.145854 123.685699 126.225550 128.765407 29.147690 26.843060 24.584854 22.387127 20.269560 2.540000 0.000000 2.540000 5.080000 7.620000 10.160000 12.700000 8.032185 7.620000 8.032185 9.158100 10.776307 12.700000 14.810618 
117.087289 24.273403 176.801113 134.678872 6.961075 9.041204 11.310763 13.675765 16.094190 18.545149 21.017263 13.251782 14.453253 15.971428 17.725115 19.651364 21.704278 23.851174 80.843008 83.151294 85.472724 87.806257 90.150951 92.505959 94.870513 77.924704 80.316905 82.717919 85.127001 87.543484 89.966772 92.396330 111.340464 113.872386 116.404660 118.937263 121.470175 124.003378 126.536852 110.986546 113.526361 116.066185 118.606016 121.145854 123.685699 126.225550 28.219000 25.831647 23.476353 21.163827 18.909764 5.080000 2.540000 0.000000 2.540000 5.080000 7.620000 10.160000 9.158100 8.032185 7.620000 8.032185 9.158100 10.776307 12.700000 
117.273579 25.156650 174.903095 132.177371 5.298393 6.961075 9.041204 11.310763 13.675765 16.094190 18.545149 12.458977 13.251782 14.453253 15.971428 17.725115 19.651364 21.704278 78.549026 80.843008 83.151294 85.472724 87.806257 90.150951 92.505959 75.542154 77.924704 80.316905 82.717919 85.127001 87.543484 89.966772 108.808918 111.340464 113.872386 116.404660 118.937263 121.470175 124.003378 108.446739 110.986546 113.526361 116.066185 118.606016 121.145854 123.685699 27.494350 25.037997 22.600144 20.187493 17.810292 7.620000 5.080000 2.540000 0.000000 2.540000 5.080000 7.620000 10.776307 9.158100 8.032185 7.620000 8.032185 9.158100 10.776307 
117.514486 26.256794 173.021544 129.677367 4.537904 5.298393 6.961075 9.041204 11.310763 13.675765 16.094190 12.155070 12.458977 13.251782 14.453253 15.971428 17.725115 19.651364 76.270638 78.549026 80.843008 83.151294 85.472724 87.806257 90.150951 73.170197 75.542154 77.924704 80.316905 82.717919 85.127001 87.543484 106.277777 108.808918 111.340464 113.872386 116.404660 118.937263 121.470175 105.906941 108.446739 110.986546 113.526361 116.066185 118.606016 121.145854 26.990180 24.483297 21.984017 19.495266 17.021663 10.160000 7.620000 5.080000 2.540000 0.000000 2.540000 5.080000 12.700000 10.776307 9.158100 8.032185 7.620000 8.032185 9.158100 
117.809676 27.547860 171.157004 127.178949 5.100527 4.537904 5.298393 6.961075 9.041204 11.310763 13.675765 12.376127 12.155070 12.458977 13.251782 14.453253 15.971428 17.725115 74.009284 76.270638 78.549026 80.843008 83.151294 85.472724 87.806257 70.809898 73.170197 75.542154 77.924704 80.316905 82.717919 85.127001 103.747068 106.277777 108.808918 111.340464 113.872386 116.404660 118.937263 103.367154 105.906941 108.446739 110.986546 113.526361 116.066185 118.606016 26.718973 24.183993 21.650190 19.118031 16.588271 12.700000 10.160000 7.620000 5.080000 2.540000 0.000000 2.540000 14.810618 12.700000 10.776307 9.158100 8.032185 7.620000 8.032185 
118.158742 29.004364 169.310037 124.682210 6.658932 5.100527 4.537904 5.298393 6.961075 9.041204 11.310763 13.095592 12.376127 12.155070 12.458977 13.251782 14.453253 15.971428 71.766574 74.009284 76.270638 78.549026 80.843008 83.151294 85.472724 68.462462 70.809898 73.170197 75.542154 77.924704 80.316905 82.717919 101.216824 103.747068 106.277777 108.808918 111.340464 113.872386 116.404660 100.827377 103.367154 105.906941 108.446739 110.986546 113.526361 116.066185 26.687833 24.149585 21.611748 19.074487 16.538066 15.240000 12.700000 10.160000 7.620000 5.080000 2.540000 0.000000 17.038838 14.810618 12.700000 10.776307 9.158100 8.032185 7.620000 
124.498213 15.683425 185.664766 138.627451 10.812447 13.266582 15.747971 18.245498 20.753337 23.268154 25.787908 11.310763 13.675765 16.094190 18.545149 21.017263 23.503858 26.000780 88.797792 91.046142 93.309460 95.586682 97.876839 100.179042 102.492480 85.472724 87.806257 90.150951 92.505959 94.870513 97.243916 99.625535 117.238471 119.753442 122.269448 124.786425 127.304318 129.823071 132.342637 116.404660 118.937263 121.470175 124.003378 126.536852 129.070584 131.604557 37.152391 34.821725 32.522425 30.261641 28.048689 7.620000 8.032185 9.158100 10.776307 12.700000 14.810618 17.038838 0.000000 2.540000 5.080000 7.620000 10.160000 12.700000 15.240000 
124.569890 16.242610 183.788079 136.103721 8.409460 10.812447 13.266582 15.747971 18.245498 20.753337 23.268154 9.041204 11.310763 13.675765 16.094190 18.545149 21.017263 23.503858 86.565576 88.797792 91.046142 93.309460 95.586682 97.876839 100.179042 83.151294 85.472724 87.806257 90.150951 92.505959 94.870513 97.243916 114.724603 117.238471 119.753442 122.269448 124.786425 127.304318 129.823071 113.872386 116.404660 118.937263 121.470175 124.003378 126.536852 129.070584 36.250808 33.858137 31.488554 29.147690 26.843060 8.032185 7.620000 8.032185 9.158100 10.776307 12.700000 14.810618 2.540000 0.000000 2.540000 5.080000 7.620000 10.160000 12.700000 
