59
# Circuit board instance
Size: large
Nodes: 59
0.000000 140.000000 140.000000 197.989899 48.809046 49.712042 50.726270 51.845202 53.062215 54.370724 55.764287 56.052131 56.840175 57.729307 58.714933 59.792283 60.956493 62.202686 86.357982 86.518359 86.752839 87.060824 87.441535 87.894029 88.417202 93.969744 94.117152 94.332745 94.616059 94.966487 95.383290 95.865601 92.580868 94.893581 97.217640 99.552250 101.896687 104.250286 106.612442 96.020281 98.252069 100.498492 102.758590 105.031481 107.316352 109.612454 19.564762 20.294986 21.076500 21.903813 23.961863 24.561707 25.211304 25.906910 117.711278 120.003417 122.305349 124.616531 126.936458 
140.000000 0.000000 197.989899 140.000000 95.366221 95.831520 96.361546 96.955237 97.611433 98.328880 99.106250 87.867141 88.371934 88.946422 89.589266 90.299005 91.074075 91.912824 53.906527 54.163079 54.536847 55.025445 55.625845 56.334473 57.147303 46.313339 46.611702 47.045504 47.611041 48.303688 49.118067 50.048236 131.605705 133.242772 134.907798 136.599762 138.317675 140.060582 141.827562 125.837748 127.548867 129.287244 131.051793 132.841472 134.655279 136.492251 124.174978 124.292123 124.422121 124.564932 119.115138 119.237254 119.372757 119.521602 61.474061 60.106034 58.815930 57.608984 56.490528 
140.000000 197.989899 0.000000 140.000000 132.039344 129.661684 127.290297 124.925539 122.567794 120.217474 117.875023 134.884791 132.558179 130.239542 127.929311 125.627952 123.335961 121.053870 160.888556 158.750285 156.624014 154.510237 152.409476 150.322276 148.249210 165.099180 163.016148 160.946244 158.889978 156.847889 154.820536 152.808507 68.036777 65.964973 63.926954 61.926056 59.965996 58.050910 56.185396 72.647645 70.711066 68.813754 66.959045 65.150579 63.392314 61.688541 130.199776 128.939863 127.680150 126.420642 130.932703 129.679911 128.427457 127.175351 138.266351 140.222890 142.197881 144.190564 146.200217 
197.989899 140.000000 140.000000 0.000000 155.392347 153.377135 151.377716 149.394723 147.428821 145.480700 143.551086 150.906262 148.830319 146.768973 144.722845 142.692591 140.678899 138.682488 146.059372 143.700611 141.348131 139.002252 136.663313 134.331676 132.007730 143.430651 141.027931 138.630104 136.237431 133.850188 131.468669 129.093193 115.662645 114.456202 113.293866 112.177008 111.106999 110.085206 109.112984 109.054687 107.774299 106.539088 105.350645 104.210568 103.120463 102.081931 178.853647 177.938567 177.027868 176.121617 175.378499 174.445191 173.516157 172.591469 95.082591 94.203897 93.386040 92.630632 91.939212 
48.809046 95.366221 132.039344 155.392347 0.000000 2.540000 5.080000 7.620000 10.160000 12.700000 15.240000 7.620000 8.032185 9.158100 10.776307 12.700000 14.810618 17.038838 41.996542 41.339115 40.829383 40.472927 40.273817 40.234389 40.355111 49.344373 48.786064 48.354898 48.054297 47.886720 47.853565 47.955110 68.225484 70.751528 73.278537 75.806415 78.335077 80.864449 83.394468 67.837599 70.377567 72.917538 75.457510 77.997484 80.537459 83.077437 30.219199 30.017499 29.868485 29.772945 25.237966 24.996104 24.816957 24.701887 69.411916 71.617533 73.844643 76.091358 78.355992 
49.712042 95.831520 129.661684 153.377135 2.540000 0.000000 2.540000 5.080000 7.620000 10.160000 12.700000 8.032185 7.620000 8.032185 9.158100 10.776307 12.700000 14.810618 42.794857 41.996542 41.339115 40.829383 40.472927 40.273817 40.234389 50.025568 49.344373 48.786064 48.354898 48.054297 47.886720 47.853565 65.700515 68.225484 70.751528 73.278537 75.806415 78.335077 80.864449 65.297634 67.837599 70.377567 72.917538 75.457510 77.997484 80.537459 30.776237 30.472536 30.219199 30.017499 25.902350 25.540760 25.237966 24.996104 68.167729 70.412331 72.676383 74.958122 77.255982 
50.726270 96.361546 127.290297 151.377716 5.080000 2.540000 0.000000 2.540000 5.080000 7.620000 10.160000 9.158100 8.032185 7.620000 8.032185 9.158100 10.776307 12.700000 43.726346 42.794857 41.996542 41.339115 40.829383 40.472927 40.273817 50.824708 50.025568 49.344373 48.786064 48.354898 48.054297 47.886720 63.176752 65.700515 68.225484 70.751528 73.278537 75.806415 78.335077 62.757671 65.297634 67.837599 70.377567 72.917538 75.457510 77.997484 31.528665 31.128827 30.776237 30.472536 26.792008 26.320312 25.902350 25.540760 66.996775 69.279325 71.579223 73.894848 76.224768 
51.845202 96.955237 124.925539 149.394723 7.620000 5.080000 2.540000 0.000000 2.540000 5.080000 7.620000 10.776307 9.158100 8.032185 7.620000 8.032185 9.158100 10.776307 44.782698 43.726346 42.794857 41.996542 41.339115 40.829383 40.472927 51.736328 50.824708 50.025568 49.344373 48.786064 48.354898 48.054297 60.654345 63.176752 65.700515 68.225484 70.751528 73.278537 75.806415 60.217712 62.757671 65.297634 67.837599 70.377567 72.917538 75.457510 32.462901 31.973981 31.528665 31.128827 27.885389 27.314655 26.792008 26.320312 65.902955 68.222112 70.556480 72.904597 75.265178 
53.062215 97.611433 122.567794 147.428821 10.160000 7.620000 5.080000 2.540000 0.000000 2.540000 5.080000 12.700000 10.776307 9.158100 8.032185 7.620000 8.032185 9.158100 45.955303 44.782698 43.726346 42.794857 41.996542 41.339115 40.829383 52.754597 51.736328 50.824708 50.025568 49.344373 48.786064 48.354898 58.133469 60.654345 63.176752 65.700515 68.225484 70.751528 73.278537 57.677756 60.217712 62.757671 65.297634 67.837599 70.377567 72.917538 33.563765 32.993488 32.462901 31.973981 29.159583 28.501319 27.885389 27.314655 64.890172 67.244267 69.611434 71.990383 74.379983 
54.370724 98.328880 120.217474 145.480700 12.700000 10.160000 7.620000 5.080000 2.540000 0.000000 2.540000 14.810618 12.700000 10.776307 9.158100 8.032185 7.620000 8.032185 47.235506 45.955303 44.782698 43.726346 42.794857 41.996542 41.339115 53.873469 52.754597 51.736328 50.824708 50.025568 49.344373 48.786064 55.614334 58.133469 60.654345 63.176752 65.700515 68.225484 70.751528 55.137804 57.677756 60.217712 62.757671 65.297634 67.837599 70.377567 34.815455 34.171746 33.563765 32.993488 30.592007 29.857381 29.159583 28.501319 63.962274 66.349300 68.747290 71.155135 73.571869 
55.764287 99.106250 117.875023 143.551086 15.240000 12.700000 10.160000 7.620000 5.080000 2.540000 0.000000 17.038838 14.810618 12.700000 10.776307 9.158100 8.032185 7.620000 48.614805 47.235506 45.955303 44.782698 43.726346 42.794857 41.996542 55.086813 53.873469 52.754597 51.736328 50.824708 50.025568 49.344373 53.097187 55.614334 58.133469 60.654345 63.176752 65.700515 68.225484 52.597856 55.137804 57.677756 60.217712 62.757671 65.297634 67.837599 36.202330 35.492949 34.815455 34.171746 32.161525 31.360873 30.592007 29.857381 63.123005 65.540605 67.967133 70.401666 72.843402 
56.052131 87.867141 134.884791 150.906262 7.620000 8.032185 9.158100 10.776307 12.700000 14.810618 17.038838 0.000000 2.540000 5.080000 7.620000 10.160000 12.700000 15.240000 34.766085 33.969009 33.346809 32.909406 32.664223 32.615597 32.764403 41.996542 41.339115 40.829383 40.472927 40.273817 40.234389 40.355111 69.452301 71.935278 74.422104 76.912405 79.405855 81.902165 84.401083 68.225484 70.751528 73.278537 75.806415 78.335077 80.864449 83.394468 37.740449 37.579141 37.460218 37.384085 32.721205 32.535021 32.397588 32.309528 62.946501 65.073877 67.229905 69.411916 71.617533 
56.840175 88.371934 132.558179 148.830319 8.032185 7.620000 8.032185 9.158100 10.776307 12.700000 14.810618 2.540000 0.000000 2.540000 5.080000 7.620000 10.160000 12.700000 35.726334 34.766085 33.969009 33.346809 32.909406 32.664223 32.615597 42.794857 41.996542 41.339115 40.829383 40.472927 40.273817 40.234389 66.973601 69.452301 71.935278 74.422104 76.912405 79.405855 81.902165 65.700515 68.225484 70.751528 73.278537 75.806415 78.335077 80.864449 38.187934 37.943603 37.740449 37.579141 33.236337 32.955315 32.721205 32.535021 61.571806 63.745076 65.944563 68.167729 70.412331 
57.729307 88.946422 130.239542 146.768973 9.158100 8.032185 7.620000 8.032185 9.158100 10.776307 12.700000 5.080000 2.540000 0.000000 2.540000 5.080000 7.620000 10.160000 36.836998 35.726334 34.766085 33.969009 33.346809 32.909406 32.664223 43.726346 42.794857 41.996542 41.339115 40.829383 40.472927 40.273817 64.499671 66.973601 69.452301 71.935278 74.422104 76.912405 79.405855 63.176752 65.700515 68.225484 70.751528 73.278537 75.806415 78.335077 38.796885 38.472658 38.187934 37.943603 33.934261 33.563092 33.236337 32.955315 60.272845 62.491306 64.733407 66.996775 69.279325 
58.714933 89.589266 127.929311 144.722845 10.776307 9.158100 8.032185 7.620000 8.032185 9.158100 10.776307 7.620000 5.080000 2.540000 0.000000 2.540000 5.080000 7.620000 38.084920 36.836998 35.726334 34.766085 33.969009 33.346809 32.909406 44.782698 43.726346 42.794857 41.996542 41.339115 40.829383 40.472927 62.031082 64.499671 66.973601 69.452301 71.935278 74.422104 76.912405 60.654345 63.176752 65.700515 68.225484 70.751528 73.278537 75.806415 39.559847 39.159635 38.796885 38.472658 34.803983 34.348402 33.934261 33.563092 59.054614 61.317167 63.600673 65.902955 68.222112 
59.792283 90.299005 125.627952 142.692591 12.700000 10.776307 9.158100 8.032185 7.620000 8.032185 9.158100 10.160000 7.620000 5.080000 2.540000 0.000000 2.540000 5.080000 39.457078 38.084920 36.836998 35.726334 34.766085 33.969009 33.346809 45.955303 44.782698 43.726346 42.794857 41.996542 41.339115 40.829383 59.568497 62.031082 64.499671 66.973601 69.452301 71.935278 74.422104 58.133469 60.654345 63.176752 65.700515 68.225484 70.751528 73.278537 40.468109 39.996397 39.559847 39.159635 35.832996 35.299399 34.803983 34.348402 57.922210 60.227318 62.550624 64.890172 67.244267 
60.956493 91.074075 123.335961 140.678899 14.810618 12.700000 10.776307 9.158100 8.032185 7.620000 8.032185 12.700000 10.160000 7.620000 5.080000 2.540000 0.000000 2.540000 40.940984 39.457078 38.084920 36.836998 35.726334 34.766085 33.969009 47.235506 45.955303 44.782698 43.726346 42.794857 41.996542 41.339115 57.112693 59.568497 62.031082 64.499671 66.973601 69.452301 71.935278 55.614334 58.133469 60.654345 63.176752 65.700515 68.225484 70.751528 41.512136 40.973769 40.468109 39.996397 37.008016 36.403098 35.832996 35.299399 56.880757 59.226413 61.587487 63.962274 66.349300 
62.202686 91.912824 121.053870 138.682488 17.038838 14.810618 12.700000 10.776307 9.158100 8.032185 7.620000 15.240000 12.700000 10.160000 7.620000 5.080000 2.540000 0.000000 42.524939 40.940984 39.457078 38.084920 36.836998 35.726334 34.766085 48.614805 47.235506 45.955303 44.782698 43.726346 42.794857 41.996542 54.664584 57.112693 59.568497 62.031082 64.499671 66.973601 69.452301 53.097187 55.614334 58.133469 60.654345 63.176752 65.700515 68.225484 42.681966 42.081955 41.512136 40.973769 38.315611 37.646072 37.008016 36.403098 55.935336 58.319030 60.715401 63.123005 65.540605 
86.357982 53.906527 160.888556 146.059372 41.996542 42.794857 43.726346 44.782698 45.955303 47.235506 48.614805 34.766085 35.726334 36.836998 38.084920 39.457078 40.940984 42.524939 0.000000 2.540000 5.080000 7.620000 10.160000 12.700000 15.240000 7.620000 8.032185 9.158100 10.776307 12.700000 14.810618 17.038838 92.946909 95.138997 97.347998 99.572787 101.812329 104.065671 106.331936 89.293101 91.572696 93.865663 96.171045 98.487970 100.815643 103.153336 70.272764 70.404056 70.557966 70.734346 65.217233 65.358681 65.524443 65.714336 50.993279 52.028907 53.165807 54.397630 55.718079 
86.518359 54.163079 158.750285 143.700611 41.339115 41.996542 42.794857 43.726346 44.782698 45.955303 47.235506 33.969009 34.766085 35.726334 36.836998 38.084920 39.457078 40.940984 2.540000 0.000000 2.540000 5.080000 7.620000 10.160000 12.700000 8.032185 7.620000 8.032185 9.158100 10.776307 12.700000 14.810618 90.772960 92.946909 95.138997 97.347998 99.572787 101.812329 104.065671 87.027928 89.293101 91.572696 93.865663 96.171045 98.487970 100.815643 70.078524 70.164219 70.272764 70.404056 65.007889 65.100259 65.217233 65.358681 48.661084 49.745289 50.933188 52.217705 53.591893 
86.752839 54.536847 156.624014 141.348131 40.829383 41.339115 41.996542 42.794857 43.726346 44.782698 45.955303 33.346809 33.969009 34.766085 35.726334 36.836998 38.084920 39.457078 5.080000 2.540000 0.000000 2.540000 5.080000 7.620000 10.160000 9.158100 8.032185 7.620000 8.032185 9.158100 10.776307 12.700000 88.618485 90.772960 92.946909 95.138997 97.347998 99.572787 101.812329 84.778334 87.027928 89.293101 91.572696 93.865663 96.171045 98.487970 69.976002 70.015764 70.078524 70.164219 64.897357 64.940229 65.007889 65.100259 46.350738 47.487720 48.730683 50.071733 51.503211 
87.060824 55.025445 154.510237 139.002252 40.472927 40.829383 41.339115 41.996542 42.794857 43.726346 44.782698 32.909406 33.346809 33.969009 34.766085 35.726334 36.836998 38.084920 7.620000 5.080000 2.540000 0.000000 2.540000 5.080000 7.620000 10.776307 9.158100 8.032185 7.620000 8.032185 9.158100 10.776307 86.484939 88.618485 90.772960 92.946909 95.138997 97.347998 99.572787 82.545592 84.778334 87.027928 89.293101 91.572696 93.865663 96.171045 69.965601 69.959275 69.976002 70.015764 64.886142 64.879321 64.897357 64.940229 44.065678 45.260099 46.562565 47.964273 49.456787 
87.441535 55.625845 152.409476 136.663313 40.273817 40.472927 40.829383 41.339115 41.996542 42.794857 43.726346 32.664223 32.909406 33.346809 33.969009 34.766085 35.726334 36.836998 10.160000 7.620000 5.080000 2.540000 0.000000 2.540000 5.080000 12.700000 10.776307 9.158100 8.032185 7.620000 8.032185 9.158100 84.373910 86.484939 88.618485 90.772960 92.946909 95.138997 97.347998 80.331107 82.545592 84.778334 87.027928 89.293101 91.572696 93.865663 70.047362 69.994973 69.965601 69.959275 64.974296 64.917812 64.886142 64.879321 41.810048 43.067073 44.433868 45.900628 47.458086 
87.894029 56.334473 150.322276 134.331676 40.234389 40.273817 40.472927 40.829383 41.339115 41.996542 42.794857 32.615597 32.664223 32.909406 33.346809 33.969009 34.766085 35.726334 12.700000 10.160000 7.620000 5.080000 2.540000 0.000000 2.540000 14.810618 12.700000 10.776307 9.158100 8.032185 7.620000 8.032185 82.287131 84.373910 86.484939 88.618485 90.772960 92.946909 95.138997 78.136432 80.331107 82.545592 84.778334 87.027928 89.293101 91.572696 70.220965 70.122718 70.047362 69.994973 65.161415 65.055528 64.974296 64.917812 39.588881 40.914205 42.350538 43.886981 45.513397 
88.417202 57.147303 148.249210 132.007730 40.355111 40.234389 40.273817 40.472927 40.829383 41.339115 41.996542 32.764403 32.615597 32.664223 32.909406 33.346809 33.969009 34.766085 15.240000 12.700000 10.160000 7.620000 5.080000 2.540000 0.000000 17.038838 14.810618 12.700000 10.776307 9.158100 8.032185 7.620000 80.226494 82.287131 84.373910 86.484939 88.618485 90.772960 92.946909 75.963283 78.136432 80.331107 82.545592 84.778334 87.027928 89.293101 70.485729 70.342008 70.220965 70.122718 65.446651 65.291838 65.161415 65.055528 37.408316 38.808179 40.319606 41.930534 43.629943 
93.969744 46.313339 165.099180 143.430651 49.344373 50.025568 50.824708 51.736328 52.754597 53.873469 55.086813 41.996542 42.794857 43.726346 44.782698 45.955303 47.235506 48.614805 7.620000 8.032185 9.158100 10.776307 12.700000 14.810618 17.038838 0.000000 2.540000 5.080000 7.620000 10.160000 12.700000 15.240000 97.062489 99.163640 101.284903 103.425039 105.582901 107.757425 109.947621 92.946909 95.138997 97.347998 99.572787 101.812329 104.065671 106.331936 77.862033 77.980548 78.119532 78.278877 72.801807 72.928546 73.077139 73.247454 48.555698 49.250775 50.065208 50.993279 52.028907 
94.117152 46.611702 163.016148 141.027931 48.786064 49.344373 50.025568 50.824708 51.736328 52.754597 53.873469 41.339115 41.996542 42.794857 43.726346 44.782698 45.955303 47.235506 8.032185 7.620000 8.032185 9.158100 10.776307 12.700000 14.810618 2.540000 0.000000 2.540000 5.080000 7.620000 10.160000 12.700000 94.982783 97.062489 99.163640 101.284903 103.425039 105.582901 107.757425 90.772960 92.946909 95.138997 97.347998 99.572787 101.812329 104.065671 77.686771 77.764081 77.862033 77.980548 72.614332 72.697038 72.801807 72.928546 46.100351 46.831885 47.687647 48.661084 49.745289 
94.332745 47.045504 160.946244 138.630104 48.354898 48.786064 49.344373 50.025568 50.824708 51.736328 52.754597 40.829383 41.339115 41.996542 42.794857 43.726346 44.782698 45.955303 9.158100 8.032185 7.620000 8.032185 9.158100 10.776307 12.700000 5.080000 2.540000 0.000000 2.540000 5.080000 7.620000 10.160000 92.925964 94.982783 97.062489 99.163640 101.284903 103.425039 105.582901 88.618485 90.772960 92.946909 95.138997 97.347998 99.572787 101.812329 77.594301 77.630162 77.686771 77.764081 72.515395 72.553766 72.614332 72.697038 43.654693 44.426515 45.327712 46.350738 47.487720 
94.616059 47.611041 158.889978 136.237431 48.054297 48.354898 48.786064 49.344373 50.025568 50.824708 51.736328 40.472927 40.829383 41.339115 41.996542 42.794857 43.726346 44.782698 10.776307 9.158100 8.032185 7.620000 8.032185 9.158100 10.776307 7.620000 5.080000 2.540000 0.000000 2.540000 5.080000 7.620000 90.893584 92.925964 94.982783 97.062489 99.163640 101.284903 103.425039 86.484939 88.618485 90.772960 92.946909 95.138997 97.347998 99.572787 77.584922 77.579217 77.594301 77.630162 72.505359 72.499254 72.515395 72.553766 41.220446 42.036987 42.988306 44.065678 45.260099 
94.966487 48.303688 156.847889 133.850188 47.886720 48.054297 48.354898 48.786064 49.344373 50.025568 50.824708 40.273817 40.472927 40.829383 41.339115 41.996542 42.794857 43.726346 12.700000 10.776307 9.158100 8.032185 7.620000 8.032185 9.158100 10.160000 7.620000 5.080000 2.540000 0.000000 2.540000 5.080000 88.887319 90.893584 92.925964 94.982783 97.062489 99.163640 101.284903 84.373910 86.484939 88.618485 90.772960 92.946909 95.138997 97.347998 77.658662 77.611411 77.584922 77.579217 72.584260 72.533702 72.505359 72.499254 38.799760 39.666162 40.672972 41.810048 43.067073 
95.383290 49.118067 154.820536 131.468669 47.853565 47.886720 48.054297 48.354898 48.786064 49.344373 50.025568 40.234389 40.273817 40.472927 40.829383 41.339115 41.996542 42.794857 14.810618 12.700000 10.776307 9.158100 8.032185 7.620000 8.032185 12.700000 10.160000 7.620000 5.080000 2.540000 0.000000 2.540000 86.908980 88.887319 90.893584 92.925964 94.982783 97.062489 99.163640 82.287131 84.373910 86.484939 88.618485 90.772960 92.946909 95.138997 77.815286 77.726639 77.658662 77.611411 72.751808 72.656984 72.584260 72.533702 36.395340 37.317608 38.386066 39.588881 40.914205 
95.865601 50.048236 152.808507 129.093193 47.955110 47.853565 47.886720 48.054297 48.354898 48.786064 49.344373 40.355111 40.234389 40.273817 40.472927 40.829383 41.339115 41.996542 17.038838 14.810618 12.700000 10.776307 9.158100 8.032185 7.620000 15.240000 12.700000 10.160000 7.620000 5.080000 2.540000 0.000000 84.960515 86.908980 88.887319 90.893584 92.925964 94.982783 97.062489 80.226494 82.287131 84.373910 86.484939 88.618485 90.772960 92.946909 78.054294 77.924533 77.815286 77.726639 73.007395 72.868647 72.751808 72.656984 34.010636 34.995806 36.132986 37.408316 38.808179 
92.580868 131.605705 68.036777 115.662645 68.225484 65.700515 63.176752 60.654345 58.133469 55.614334 53.097187 69.452301 66.973601 64.499671 62.031082 59.568497 57.112693 54.664584 92.946909 90.772960 88.618485 86.484939 84.373910 82.287131 80.226494 97.062489 94.982783 92.925964 90.893584 88.887319 86.908980 84.960515 0.000000 2.540000 5.080000 7.620000 10.160000 12.700000 15.240000 7.620000 8.032185 9.158100 10.776307 12.700000 14.810618 17.038838 76.619806 75.406496 74.195084 72.985664 75.287739 74.052608 72.818676 71.586006 74.839880 77.129837 79.434999 81.754080 84.085928 
94.893581 133.242772 65.964973 114.456202 70.751528 68.225484 65.700515 63.176752 60.654345 58.133469 55.614334 71.935278 69.452301 66.973601 64.499671 62.031082 59.568497 57.112693 95.138997 92.946909 90.772960 88.618485 86.484939 84.373910 82.287131 99.163640 97.062489 94.982783 92.925964 90.893584 88.887319 86.908980 2.540000 0.000000 2.540000 5.080000 7.620000 10.160000 12.700000 8.032185 7.620000 8.032185 9.158100 10.776307 12.700000 14.810618 79.051767 77.834924 76.619806 75.406496 77.761372 76.524012 75.287739 74.052608 75.989758 78.246070 80.519282 82.808003 85.110981 
97.217640 134.907798 63.926954 113.293866 73.278537 70.751528 68.225484 65.700515 63.176752 60.654345 58.133469 74.422104 71.935278 69.452301 66.973601 64.499671 62.031082 59.568497 97.347998 95.138997 92.946909 90.772960 88.618485 86.484939 84.373910 101.284903 99.163640 97.062489 94.982783 92.925964 90.893584 88.887319 5.080000 2.540000 0.000000 2.540000 5.080000 7.620000 10.160000 9.158100 8.032185 7.620000 8.032185 9.158100 10.776307 12.700000 81.490321 80.270258 79.051767 77.834924 80.239152 78.999768 77.761372 76.524012 77.206103 79.427870 81.668193 83.925588 86.198712 
99.552250 136.599762 61.926056 112.177008 75.806415 73.278537 70.751528 68.225484 65.700515 63.176752 60.654345 76.912405 74.422104 71.935278 69.452301 66.973601 64.499671 62.031082 99.572787 97.347998 95.138997 92.946909 90.772960 88.618485 86.484939 103.425039 101.284903 99.163640 97.062489 94.982783 92.925964 90.893584 7.620000 5.080000 2.540000 0.000000 2.540000 5.080000 7.620000 10.776307 9.158100 8.032185 7.620000 8.032185 9.158100 10.776307 83.934892 82.711888 81.490321 80.270258 82.720706 81.479478 80.239152 78.999768 78.485824 80.672354 82.879044 85.104327 87.346781 
101.896687 138.317675 59.965996 111.106999 78.335077 75.806415 73.278537 70.751528 68.225484 65.700515 63.176752 79.405855 76.912405 74.422104 71.935278 69.452301 66.973601 64.499671 101.812329 99.572787 97.347998 95.138997 92.946909 90.772960 88.618485 105.582901 103.425039 101.284903 99.163640 97.062489 94.982783 92.925964 10.160000 7.620000 5.080000 2.540000 0.000000 2.540000 5.080000 12.700000 10.776307 9.158100 8.032185 7.620000 8.032185 9.158100 86.384970 85.159272 83.934892 82.711888 85.205704 83.962793 82.720706 81.479478 79.825873 81.976668 84.149161 86.341716 88.552841 
104.250286 140.060582 58.050910 110.085206 80.864449 78.335077 75.806415 73.278537 70.751528 68.225484 65.700515 81.902165 79.405855 76.912405 74.422104 71.935278 69.452301 66.973601 104.065671 101.812329 99.572787 97.347998 95.138997 92.946909 90.772960 107.757425 105.582901 103.425039 101.284903 99.163640 97.062489 94.982783 12.700000 10.160000 7.620000 5.080000 2.540000 0.000000 2.540000 14.810618 12.700000 10.776307 9.158100 8.032185 7.620000 8.032185 88.840098 87.611929 86.384970 85.159272 87.693854 86.449402 85.205704 83.962793 81.223264 83.338002 85.475903 87.635270 89.814555 
106.612442 141.827562 56.185396 109.112984 83.394468 80.864449 78.335077 75.806415 73.278537 70.751528 68.225484 84.401083 81.902165 79.405855 76.912405 74.422104 71.935278 69.452301 106.331936 104.065671 101.812329 99.572787 97.347998 95.138997 92.946909 109.947621 107.757425 105.582901 103.425039 101.284903 99.163640 97.062489 15.240000 12.700000 10.160000 7.620000 5.080000 2.540000 0.000000 17.038838 14.810618 12.700000 10.776307 9.158100 8.032185 7.620000 91.299870 90.069428 88.840098 87.611929 90.184896 88.939029 87.693854 86.449402 82.675089 84.753610 86.856674 88.982539 91.129611 
96.020281 125.837748 72.647645 109.054687 67.837599 65.297634 62.757671 60.217712 57.677756 55.137804 52.597856 68.225484 65.700515 63.176752 60.654345 58.133469 55.614334 53.097187 89.293101 87.027928 84.778334 82.545592 80.331107 78.136432 75.963283 92.946909 90.772960 88.618485 86.484939 84.373910 82.287131 80.226494 7.620000 8.032185 9.158100 10.776307 12.700000 14.810618 17.038838 0.000000 2.540000 5.080000 7.620000 10.160000 12.700000 15.240000 79.188983 78.015640 76.845370 75.678317 77.402357 76.201509 75.002939 73.806758 68.076534 70.311514 72.566567 74.839880 77.129837 
98.252069 127.548867 70.711066 107.774299 70.377567 67.837599 65.297634 62.757671 60.217712 57.677756 55.137804 70.751528 68.225484 65.700515 63.176752 60.654345 58.133469 55.614334 91.572696 89.293101 87.027928 84.778334 82.545592 80.331107 78.136432 95.138997 92.946909 90.772960 88.618485 86.484939 84.373910 82.287131 8.032185 7.620000 8.032185 9.158100 10.776307 12.700000 14.810618 2.540000 0.000000 2.540000 5.080000 7.620000 10.160000 12.700000 81.544358 80.365265 79.188983 78.015640 79.810477 78.605379 77.402357 76.201509 69.338663 71.534221 73.751898 75.989758 78.246070 
100.498492 129.287244 68.813754 106.539088 72.917538 70.377567 67.837599 65.297634 62.757671 60.217712 57.677756 73.278537 70.751528 68.225484 65.700515 63.176752 60.654345 58.133469 93.865663 91.572696 89.293101 87.027928 84.778334 82.545592 80.331107 97.347998 95.138997 92.946909 90.772960 88.618485 86.484939 84.373910 9.158100 8.032185 7.620000 8.032185 9.158100 10.776307 12.700000 5.080000 2.540000 0.000000 2.540000 5.080000 7.620000 10.160000 83.910505 82.726143 81.544358 80.365265 82.226533 81.017557 79.810477 78.605379 70.669578 72.825021 75.004543 77.206103 79.427870 
102.758590 131.051793 66.959045 105.350645 75.457510 72.917538 70.377567 67.837599 65.297634 62.757671 60.217712 75.806415 73.278537 70.751528 68.225484 65.700515 63.176752 60.654345 96.171045 93.865663 91.572696 89.293101 87.027928 84.778334 82.545592 99.572787 97.347998 95.138997 92.946909 90.772960 88.618485 86.484939 10.776307 9.158100 8.032185 7.620000 8.032185 9.158100 10.776307 7.620000 5.080000 2.540000 0.000000 2.540000 5.080000 7.620000 86.286537 85.097337 83.910505 82.726143 84.649846 83.437321 82.226533 81.017557 72.065466 74.180361 76.321187 78.485824 80.672354 
105.031481 132.841472 65.150579 104.210568 77.997484 75.457510 72.917538 70.377567 67.837599 65.297634 62.757671 78.335077 75.806415 73.278537 70.751528 68.225484 65.700515 63.176752 98.487970 96.171045 93.865663 91.572696 89.293101 87.027928 84.778334 101.812329 99.572787 97.347998 95.138997 92.946909 90.772960 88.618485 12.700000 10.776307 9.158100 8.032185 7.620000 8.032185 9.158100 10.160000 7.620000 5.080000 2.540000 0.000000 2.540000 5.080000 88.671661 87.478009 86.286537 85.097337 87.079810 85.864031 84.649846 83.437321 73.522628 75.596768 77.698578 79.825873 81.976668 
107.316352 134.655279 63.392314 103.120463 80.537459 77.997484 75.457510 72.917538 70.377567 67.837599 65.297634 80.864449 78.335077 75.806415 73.278537 70.751528 68.225484 65.700515 100.815643 98.487970 96.171045 93.865663 91.572696 89.293101 87.027928 104.065671 101.812329 99.572787 97.347998 95.138997 92.946909 90.772960 14.810618 12.700000 10.776307 9.158100 8.032185 7.620000 8.032185 12.700000 10.160000 7.620000 5.080000 2.540000 0.000000 2.540000 91.065161 89.867405 88.671661 87.478009 89.515883 88.297114 87.079810 85.864031 75.037493 77.070876 79.133543 81.223264 83.338002 
109.612454 136.492251 61.688541 102.081931 83.077437 80.537459 77.997484 75.457510 72.917538 70.377567 67.837599 83.394468 80.864449 78.335077 75.806415 73.278537 70.751528 68.225484 103.153336 100.815643 98.487970 96.171045 93.865663 91.572696 89.293101 106.331936 104.065671 101.812329 99.572787 97.347998 95.138997 92.946909 17.038838 14.810618 12.700000 10.776307 9.158100 8.032185 7.620000 15.240000 12.700000 10.160000 7.620000 5.080000 2.540000 0.000000 93.466394 92.264848 91.065161 89.867405 91.957581 90.736057 89.515883 88.297114 76.606639 78.599438 80.623008 82.675089 84.753610 
19.564762 124.174978 130.199776 178.853647 30.219199 30.776237 31.528665 32.462901 33.563765 34.815455 36.202330 37.740449 38.187934 38.796885 39.559847 40.468109 41.512136 42.681966 70.272764 70.078524 69.976002 69.965601 70.047362 70.220965 70.485729 77.862033 77.686771 77.594301 77.584922 77.658662 77.815286 78.054294 76.619806 79.051767 81.490321 83.934892 86.384970 88.840098 91.299870 79.188983 81.544358 83.910505 86.286537 88.671661 91.065161 93.466394 0.000000 1.270000 2.540000 3.810000 5.080000 5.236344 5.679613 6.350000 98.363547 100.685004 103.016776 105.358176 107.708578 
20.294986 124.292123 128.939863 177.938567 30.017499 30.472536 31.128827 31.973981 32.993488 34.171746 35.492949 37.579141 37.943603 38.472658 39.159635 39.996397 40.973769 42.081955 70.404056 70.164219 70.015764 69.959275 69.994973 70.122718 70.342008 77.980548 77.764081 77.630162 77.579217 77.611411 77.726639 77.924533 75.406496 77.834924 80.270258 82.711888 85.159272 87.611929 90.069428 78.015640 80.365265 82.726143 85.097337 87.478009 89.867405 92.264848 1.270000 0.000000 1.270000 2.540000 5.236344 5.080000 5.236344 5.679613 97.848988 100.182370 102.525574 104.877941 107.238868 
21.076500 124.422121 127.680150 177.027868 29.868485 30.219199 30.776237 31.528665 32.462901 33.563765 34.815455 37.460218 37.740449 38.187934 38.796885 39.559847 40.468109 41.512136 70.557966 70.272764 70.078524 69.976002 69.965601 70.047362 70.220965 78.119532 77.862033 77.686771 77.594301 77.584922 77.658662 77.815286 74.195084 76.619806 79.051767 81.490321 83.934892 86.384970 88.840098 76.845370 79.188983 81.544358 83.910505 86.286537 88.671661 91.065161 2.540000 1.270000 0.000000 1.270000 5.679613 5.236344 5.080000 5.236344 97.348279 99.693381 102.047813 104.410945 106.782198 
21.903813 124.564932 126.420642 176.121617 29.772945 30.017499 30.472536 31.128827 31.973981 32.993488 34.171746 37.384085 37.579141 37.943603 38.472658 39.159635 39.996397 40.973769 70.734346 70.404056 70.164219 70.015764 69.959275 69.994973 70.122718 78.278877 77.980548 77.764081 77.630162 77.579217 77.611411 77.726639 72.985664 75.406496 77.834924 80.270258 82.711888 85.159272 87.611929 75.678317 78.015640 80.365265 82.726143 85.097337 87.478009 89.867405 3.810000 2.540000 1.270000 0.000000 6.350000 5.679613 5.236344 5.080000 96.861634 99.218239 101.583684 103.957367 106.338735 
23.961863 119.115138 130.932703 175.378499 25.237966 25.902350 26.792008 27.885389 29.159583 30.592007 32.161525 32.721205 33.236337 33.934261 34.803983 35.832996 37.008016 38.315611 65.217233 65.007889 64.897357 64.886142 64.974296 65.161415 65.446651 72.801807 72.614332 72.515395 72.505359 72.584260 72.751808 73.007395 75.287739 77.761372 80.239152 82.720706 85.205704 87.693854 90.184896 77.402357 79.810477 82.226533 84.649846 87.079810 89.515883 91.957581 5.080000 5.236344 5.679613 6.350000 0.000000 1.270000 2.540000 3.810000 93.754634 96.053151 98.363547 100.685004 103.016776 
24.561707 119.237254 129.679911 174.445191 24.996104 25.540760 26.320312 27.314655 28.501319 29.857381 31.360873 32.535021 32.955315 33.563092 34.348402 35.299399 36.403098 37.646072 65.358681 65.100259 64.940229 64.879321 64.917812 65.055528 65.291838 72.928546 72.697038 72.553766 72.499254 72.533702 72.656984 72.868647 74.052608 76.524012 78.999768 81.479478 83.962793 86.449402 88.939029 76.201509 78.605379 81.017557 83.437321 85.864031 88.297114 90.736057 5.236344 5.080000 5.236344 5.679613 1.270000 0.000000 1.270000 2.540000 93.214637 95.526148 97.848988 100.182370 102.525574 
25.211304 119.372757 128.427457 173.516157 24.816957 25.237966 25.902350 26.792008 27.885389 29.159583 30.592007 32.397588 32.721205 33.236337 33.934261 34.803983 35.832996 37.008016 65.524443 65.217233 65.007889 64.897357 64.886142 64.974296 65.161415 73.077139 72.801807 72.614332 72.515395 72.505359 72.584260 72.751808 72.818676 75.287739 77.761372 80.239152 82.720706 85.205704 87.693854 75.002939 77.402357 79.810477 82.226533 84.649846 87.079810 89.515883 5.679613 5.236344 5.080000 5.236344 2.540000 1.270000 0.000000 1.270000 92.688896 95.013198 97.348279 99.693381 102.047813 
25.906910 119.521602 127.175351 172.591469 24.701887 24.996104 25.540760 26.320312 27.314655 28.501319 29.857381 32.309528 32.535021 32.955315 33.563092 34.348402 35.299399 36.403098 65.714336 65.358681 65.100259 64.940229 64.879321 64.917812 65.055528 73.247454 72.928546 72.697038 72.553766 72.499254 72.533702 72.656984 71.586006 74.052608 76.524012 78.999768 81.479478 83.962793 86.449402 73.806758 76.201509 78.605379 81.017557 83.437321 85.864031 88.297114 6.350000 5.679613 5.236344 5.080000 3.810000 2.540000 1.270000 0.000000 92.177656 94.514531 96.861634 99.218239 101.583684 
117.711278 61.474061 138.266351 95.082591 69.411916 68.167729 66.996775 65.902955 64.890172 63.962274 63.123005 62.946501 61.571806 60.272845 59.054614 57.922210 56.880757 55.935336 50.993279 48.661084 46.350738 44.065678 41.810048 39.588881 37.408316 48.555698 46.100351 43.654693 41.220446 38.799760 36.395340 34.010636 74.839880 75.989758 77.206103 78.485824 79.825873 81.223264 82.675089 68.076534 69.338663 70.669578 72.065466 73.522628 75.037493 76.606639 98.363547 97.848988 97.348279 96.861634 93.754634 93.214637 92.688896 92.177656 0.000000 2.540000 5.080000 7.620000 10.160000 
120.003417 60.106034 140.222890 94.203897 71.617533 70.412331 69.279325 68.222112 67.244267 66.349300 65.540605 65.073877 63.745076 62.491306 61.317167 60.227318 59.226413 58.319030 52.028907 49.745289 47.487720 45.260099 43.067073 40.914205 38.808179 49.250775 46.831885 44.426515 42.036987 39.666162 37.317608 34.995806 77.129837 78.246070 79.427870 80.672354 81.976668 83.338002 84.753610 70.311514 71.534221 72.825021 74.180361 75.596768 77.070876 78.599438 100.685004 100.182370 99.693381 99.218239 96.053151 95.526148 95.013198 94.514531 2.540000 0.000000 2.540000 5.080000 7.620000 
122.305349 58.815930 142.197881 93.386040 73.844643 72.676383 71.579223 70.556480 69.611434 68.747290 67.967133 67.229905 65.944563 64.733407 63.600673 62.550624 61.587487 60.715401 53.165807 50.933188 48.730683 46.562565 44.433868 42.350538 40.319606 50.065208 47.687647 45.327712 42.988306 40.672972 38.386066 36.132986 79.434999 80.519282 81.668193 82.879044 84.149161 85.475903 86.856674 72.566567 73.751898 75.004543 76.321187 77.698578 79.133543 80.623008 103.016776 102.525574 102.047813 101.583684 98.363547 97.848988 97.348279 96.861634 5.080000 2.540000 0.000000 2.540000 5.080000 
124.616531 57.608984 144.190564 92.630632 76.091358 74.958122 73.894848 72.904597 71.990383 71.155135 70.401666 69.411916 68.167729 66.996775 65.902955 64.890172 63.962274 63.123005 54.397630 52.217705 50.071733 47.964273 45.900628 43.886981 41.930534 50.993279 48.661084 46.350738 44.065678 41.810048 39.588881 37.408316 81.754080 82.808003 83.925588 85.104327 86.341716 87.635270 88.982539 74.839880 75.989758 77.206103 78.485824 79.825873 81.223264 82.675089 105.358176 104.877941 104.410945 103.957367 100.685004 100.182370 99.693381 99.218239 7.620000 5.080000 2.540000 0.000000 2.540000 
126.936458 56.490528 146.200217 91.939212 78.355992 77.255982 76.224768 75.265178 74.379983 73.571869 72.843402 71.617533 70.412331 69.279325 68.222112 67.244267 66.349300 65.540605 55.718079 53.591893 51.503211 49.456787 47.458086 45.513397 43.629943 52.028907 49.745289 47.487720 45.260099 43.067073 40.914205 38.808179 84.085928 85.110981 86.198712 87.346781 88.552841 89.814555 91.129611 77.129837 78.246070 79.427870 80.672354 81.976668 83.338002 84.753610 107.708578 107.238868 106.782198 106.338735 103.016776 102.525574 102.047813 101.583684 10.160000 7.620000 5.080000 2.540000 0.000000 
