47
# Circuit board instance
Size: large
Nodes: 47
0.000000 140.000000 140.000000 197.989899 76.648028 76.698992 76.770934 76.863795 81.725609 81.773409 81.840890 81.928005 123.294206 124.503993 125.714968 126.927097 124.941071 126.135064 127.330528 128.527422 140.935853 141.870899 142.844994 143.857346 144.907153 145.993606 147.115894 148.069415 148.959689 149.887723 150.852819 151.854272 152.891367 153.963383 107.879181 108.035279 108.206058 108.391450 112.925790 113.074921 113.238100 113.415267 187.015510 188.714025 190.431269 192.166742 193.919954 
140.000000 0.000000 197.989899 140.000000 63.437890 63.499457 63.586335 63.698420 58.361982 58.428898 58.523304 58.645067 155.712047 156.671710 157.635762 158.604125 152.422608 153.402851 154.387317 155.375926 51.496291 54.002826 56.512350 59.024481 61.538900 64.055337 66.573565 50.792766 53.332376 55.872021 58.411698 60.951401 63.491128 66.030876 35.208138 35.683565 36.197326 36.747813 30.520965 31.068201 31.656953 32.284951 140.552529 140.292535 140.078124 139.909503 139.786841 
140.000000 197.989899 0.000000 140.000000 157.452239 156.343925 155.238087 154.134780 159.985508 158.894864 157.806904 156.721682 43.957911 43.318369 42.707026 42.125109 48.384998 47.804719 47.251456 46.726169 158.881191 157.468950 156.085267 154.730909 153.406653 152.113284 150.851597 165.241853 163.884432 162.555368 161.255360 159.985118 158.745356 157.536794 166.434189 165.464325 164.498549 163.536931 169.748801 168.797984 167.851389 166.909090 124.356798 126.896790 129.436782 131.976774 134.516767 
197.989899 140.000000 140.000000 0.000000 151.461723 150.309243 149.158672 148.010055 149.406856 148.238402 147.071631 145.906584 104.771553 104.504839 104.252915 104.015889 99.817275 99.537287 99.272758 99.023811 89.622465 87.094336 84.566919 82.040280 79.514492 76.989638 74.465816 89.220083 86.680220 84.140365 81.600518 79.060682 76.520857 73.981043 131.537198 130.307860 129.079308 127.851567 130.360848 129.120311 127.880351 126.640987 15.646904 13.107541 10.568484 8.030025 5.492989 
76.648028 63.437890 157.452239 151.461723 0.000000 1.270000 2.540000 3.810000 5.080000 5.236344 5.679613 6.350000 121.355627 122.559248 123.764195 124.970430 119.823410 121.042268 122.262166 123.483075 73.119904 74.823480 76.573423 78.366627 80.200191 82.071409 83.977764 78.997686 80.577088 82.204642 83.877543 85.593134 87.348899 89.142464 32.184217 32.608670 33.076468 33.585798 37.037703 37.407125 37.815610 38.261906 145.306257 146.160583 147.053823 147.985273 148.954215 
76.698992 63.499457 156.343925 150.309243 1.270000 0.000000 1.270000 2.540000 5.236344 5.080000 5.236344 5.679613 120.153373 121.355627 122.559248 123.764195 118.605626 119.823410 121.042268 122.262166 72.286532 73.965693 75.692854 77.464803 79.278537 81.131254 83.020345 78.226956 79.781187 81.385025 83.035593 84.730163 86.466147 88.241100 31.804844 32.184217 32.608670 33.076468 36.708524 37.037703 37.407125 37.815610 144.107384 144.968776 145.869314 146.808279 147.784939 
76.770934 63.586335 155.238087 149.158672 2.540000 1.270000 0.000000 1.270000 5.679613 5.236344 5.080000 5.236344 118.952527 120.153373 121.355627 122.559248 117.388948 118.605626 119.823410 121.042268 71.466011 73.119904 74.823480 76.573423 78.366627 80.200191 82.071409 77.469380 78.997686 80.577088 82.204642 83.877543 85.593134 87.348899 31.472181 31.804844 32.184217 32.608670 36.420678 36.708524 37.037703 37.407125 142.909740 143.778307 144.686255 145.632848 146.617338 
76.863795 63.698420 154.134780 148.010055 3.810000 2.540000 1.270000 0.000000 6.350000 5.679613 5.236344 5.080000 117.753133 118.952527 120.153373 121.355627 116.173412 117.388948 118.605626 119.823410 70.658791 72.286532 73.965693 75.692854 77.464803 79.278537 81.131254 76.725346 78.226956 79.781187 81.385025 83.035593 84.730163 86.466147 31.187722 31.472181 31.804844 32.184217 36.175152 36.420678 36.708524 37.037703 141.713356 142.589211 143.504683 144.459018 145.451453 
81.725609 58.361982 159.985508 149.406856 5.080000 5.236344 5.679613 6.350000 0.000000 1.270000 2.540000 3.810000 123.078591 124.265524 125.454084 126.644225 121.355627 122.559248 123.764195 124.970430 69.389915 71.182814 73.020059 74.898386 76.814781 78.766465 80.750881 75.044355 76.705201 78.413161 80.165223 81.958559 83.790518 85.658623 27.412935 27.910044 28.455191 29.045671 32.184217 32.608670 33.076468 33.585798 143.717092 144.491536 145.306257 146.160583 147.053823 
81.773409 58.428898 158.894864 148.238402 5.236344 5.080000 5.236344 5.679613 1.270000 0.000000 1.270000 2.540000 121.893333 123.078591 124.265524 125.454084 120.153373 121.355627 122.559248 123.764195 68.511186 70.280607 72.096103 73.954281 75.852004 77.786377 79.754734 74.232590 75.868693 77.553485 79.283861 81.056902 82.869869 84.720201 26.966521 27.412935 27.910044 28.455191 31.804844 32.184217 32.608670 33.076468 142.504850 143.285846 144.107384 144.968776 145.869314 
81.840890 58.523304 157.806904 147.071631 5.679613 5.236344 5.080000 5.236344 2.540000 1.270000 0.000000 1.270000 120.709797 121.893333 123.078591 124.265524 118.952527 120.153373 121.355627 122.559248 67.644887 69.389915 71.182814 73.020059 74.898386 76.814781 78.766465 73.433818 75.044355 76.705201 78.413161 80.165223 81.958559 83.790518 26.573357 26.966521 27.412935 27.910044 31.472181 31.804844 32.184217 32.608670 141.293624 142.081277 142.909740 143.778307 144.686255 
81.928005 58.645067 156.721682 145.906584 6.350000 5.679613 5.236344 5.080000 3.810000 2.540000 1.270000 0.000000 119.528037 120.709797 121.893333 123.078591 117.753133 118.952527 120.153373 121.355627 66.791501 68.511186 70.280607 72.096103 73.954281 75.852004 77.786377 72.648465 74.232590 75.868693 77.553485 79.283861 81.056902 82.869869 26.235838 26.573357 26.966521 27.412935 31.187722 31.472181 31.804844 32.184217 140.083438 140.877858 141.713356 142.589211 143.504683 
123.294206 155.712047 43.957911 104.771553 121.355627 120.153373 118.952527 117.753133 123.078591 121.893333 120.709797 119.528037 0.000000 1.270000 2.540000 3.810000 5.080000 5.236344 5.679613 6.350000 115.018388 113.566396 112.153138 110.780095 109.448781 108.160738 106.917529 121.311010 119.935224 118.597883 117.300303 116.043816 114.829773 113.659534 125.680567 124.623988 123.571427 122.522989 128.557059 127.524315 126.495890 125.471891 89.479764 91.941875 94.408112 96.878162 99.351739 
124.503993 156.671710 43.318369 104.504839 122.559248 121.355627 120.153373 118.952527 124.265524 123.078591 121.893333 120.709797 1.270000 0.000000 1.270000 2.540000 5.236344 5.080000 5.236344 5.679613 115.758455 114.287642 112.854834 111.461495 110.109126 108.799254 107.533431 122.012916 120.618393 119.261666 117.944040 116.666839 115.431405 114.239093 126.741063 125.680567 124.623988 123.571427 129.594019 128.557059 127.524315 126.495890 89.171890 91.642273 94.116362 96.593872 99.074547 
125.714968 157.635762 42.707026 104.252915 123.764195 122.559248 121.355627 120.153373 125.454084 124.265524 123.078591 121.893333 2.540000 1.270000 0.000000 1.270000 5.679613 5.236344 5.080000 5.236344 116.507666 115.018388 113.566396 112.153138 110.780095 109.448781 108.160738 122.723949 121.311010 119.935224 118.597883 117.300303 116.043816 114.829773 127.805380 126.741063 125.680567 124.623988 130.635094 129.594019 128.557059 127.524315 88.881099 91.359345 93.840893 96.325489 98.812902 
126.927097 158.604125 42.125109 104.015889 124.970430 123.764195 122.559248 121.355627 126.644225 125.454084 124.265524 123.078591 3.810000 2.540000 1.270000 0.000000 6.350000 5.679613 5.236344 5.080000 117.265844 115.758455 114.287642 112.854834 111.461495 110.109126 108.799254 123.443953 122.012916 120.618393 119.261666 117.944040 116.666839 115.431405 128.873422 127.805380 126.741063 125.680567 131.680187 130.635094 129.594019 128.557059 88.607557 91.093245 93.581851 96.073146 98.566927 
124.941071 152.422608 48.384998 99.817275 119.823410 118.605626 117.388948 116.173412 121.355627 120.153373 118.952527 117.753133 5.080000 5.236344 5.679613 6.350000 0.000000 1.270000 2.540000 3.810000 110.915845 109.409421 107.941749 106.514433 105.129115 103.787476 102.491234 117.098407 115.672528 114.285317 112.938199 111.632626 110.370071 109.152028 122.946757 121.866478 120.789891 119.717095 125.680567 124.623988 123.571427 122.522989 84.569364 87.022130 89.479764 91.941875 94.408112 
126.135064 153.402851 47.804719 99.537287 121.042268 119.823410 118.605626 117.388948 122.559248 121.355627 120.153373 118.952527 5.236344 5.080000 5.236344 5.679613 1.270000 0.000000 1.270000 2.540000 111.683101 110.157887 108.670642 107.222945 105.816420 104.452729 103.133572 117.825410 116.380722 114.974000 113.606656 112.280127 110.995878 109.755392 124.030630 122.946757 121.866478 120.789891 126.741063 125.680567 124.623988 123.571427 84.243547 86.705530 89.171890 91.642273 94.116362 
127.330528 154.387317 47.251456 99.272758 122.262166 121.042268 119.823410 118.605626 123.764195 122.559248 121.355627 120.153373 5.679613 5.236344 5.080000 5.236344 2.540000 1.270000 0.000000 1.270000 112.459464 110.915845 109.409421 107.941749 106.514433 105.129115 103.787476 118.561560 117.098407 115.672528 114.285317 112.938199 111.632626 110.370071 125.118006 124.030630 122.946757 121.866478 127.805380 126.741063 125.680567 124.623988 83.935683 86.406439 88.881099 91.359345 93.840893 
128.527422 155.375926 46.726169 99.023811 123.483075 122.262166 121.042268 119.823410 124.970430 123.764195 122.559248 121.355627 6.350000 5.679613 5.236344 5.080000 3.810000 2.540000 1.270000 0.000000 113.244748 111.683101 110.157887 108.670642 107.222945 105.816420 104.452729 119.306686 117.825410 116.380722 114.974000 113.606656 112.280127 110.995878 126.208792 125.118006 124.030630 122.946757 128.873422 127.805380 126.741063 125.680567 83.645971 86.125038 88.607557 91.093245 93.581851 
140.935853 51.496291 158.881191 89.622465 73.119904 72.286532 71.466011 70.658791 69.389915 68.511186 67.644887 66.791501 115.018388 115.758455 116.507666 117.265844 110.915845 111.683101 112.459464 113.244748 0.000000 2.540000 5.080000 7.620000 10.160000 12.700000 15.240000 7.620000 8.032185 9.158100 10.776307 12.700000 14.810618 17.038838 45.248856 44.183367 43.128955 42.086450 42.732425 41.602538 40.480957 39.368394 89.178679 89.012141 88.917877 88.896118 88.946916 
141.870899 54.002826 157.468950 87.094336 74.823480 73.965693 73.119904 72.286532 71.182814 70.280607 69.389915 68.511186 113.566396 114.287642 115.018388 115.758455 109.409421 110.157887 110.915845 111.683101 2.540000 0.000000 2.540000 5.080000 7.620000 10.160000 12.700000 8.032185 7.620000 8.032185 9.158100 10.776307 12.700000 14.810618 47.410067 46.324657 45.248856 44.183367 45.014616 43.869979 42.732425 41.602538 86.647005 86.475592 86.378560 86.356161 86.408452 
142.844994 56.512350 156.085267 84.566919 76.573423 75.692854 74.823480 73.965693 73.020059 72.096103 71.182814 70.280607 112.153138 112.854834 113.566396 114.287642 107.941749 108.670642 109.409421 110.157887 5.080000 2.540000 0.000000 2.540000 5.080000 7.620000 10.160000 9.158100 8.032185 7.620000 8.032185 9.158100 10.776307 12.700000 49.607188 48.504442 47.410067 46.324657 47.323085 46.165811 45.014616 43.869979 84.115833 83.939251 83.839284 83.816206 83.870081 
143.857346 59.024481 154.730909 82.040280 78.366627 77.464803 76.573423 75.692854 74.898386 73.954281 73.020059 72.096103 110.780095 111.461495 112.153138 112.854834 106.514433 107.222945 107.941749 108.670642 7.620000 5.080000 2.540000 0.000000 2.540000 5.080000 7.620000 10.776307 9.158100 8.032185 7.620000 8.032185 9.158100 10.776307 51.835654 50.717760 49.607188 48.504442 49.654166 48.486002 47.323085 46.165811 81.585210 81.403139 81.300053 81.276254 81.331812 
144.907153 61.538900 153.406653 79.514492 80.200191 79.278537 78.366627 77.464803 76.814781 75.852004 74.898386 73.954281 109.448781 110.109126 110.780095 111.461495 105.129115 105.816420 106.514433 107.222945 10.160000 7.620000 5.080000 2.540000 0.000000 2.540000 5.080000 12.700000 10.776307 9.158100 8.032185 7.620000 8.032185 9.158100 54.091590 52.960406 51.835654 50.717760 52.004820 50.827216 49.654166 48.486002 79.055188 78.867276 78.760872 78.736306 78.793654 
145.993606 64.055337 152.113284 76.989638 82.071409 81.131254 80.200191 79.278537 78.766465 77.786377 76.814781 75.852004 108.160738 108.799254 109.448781 110.109126 103.787476 104.452729 105.129115 105.816420 12.700000 10.160000 7.620000 5.080000 2.540000 0.000000 2.540000 14.810618 12.700000 10.776307 9.158100 8.032185 7.620000 8.032185 56.371698 55.228809 54.091590 52.960406 54.372507 53.186676 52.004820 50.827216 76.525828 76.331689 76.221745 76.196360 76.255619 
147.115894 66.573565 150.851597 74.465816 83.977764 83.020345 82.071409 81.131254 80.750881 79.754734 78.766465 77.786377 106.917529 107.533431 108.160738 108.799254 102.491234 103.133572 103.787476 104.452729 15.240000 12.700000 10.160000 7.620000 5.080000 2.540000 0.000000 17.038838 14.810618 12.700000 10.776307 9.158100 8.032185 7.620000 58.673161 57.519920 56.371698 55.228809 56.755097 55.562059 54.372507 53.186676 73.997196 73.796406 73.682679 73.656419 73.717719 
148.069415 50.792766 165.241853 89.220083 78.997686 78.226956 77.469380 76.725346 75.044355 74.232590 73.433818 72.648465 121.311010 122.012916 122.723949 123.443953 117.098407 117.825410 118.561560 119.306686 7.620000 8.032185 9.158100 10.776307 12.700000 14.810618 17.038838 0.000000 2.540000 5.080000 7.620000 10.160000 12.700000 15.240000 49.762749 48.795924 47.843275 46.905666 46.663832 45.631394 44.611220 43.604168 90.107062 89.726793 89.417087 89.178679 89.012141 
148.959689 53.332376 163.884432 86.680220 80.577088 79.781187 78.997686 78.226956 76.705201 75.868693 75.044355 74.232590 119.935224 120.618393 121.311010 122.012916 115.672528 116.380722 117.098407 117.825410 8.032185 7.620000 8.032185 9.158100 10.776307 12.700000 14.810618 2.540000 0.000000 2.540000 5.080000 7.620000 10.160000 12.700000 51.735739 50.742941 49.762749 48.795924 48.762369 47.707736 46.663832 45.631394 87.602222 87.211032 86.892360 86.647005 86.475592 
149.887723 55.872021 162.555368 84.140365 82.204642 81.385025 80.577088 79.781187 78.413161 77.553485 76.705201 75.868693 118.597883 119.261666 119.935224 120.618393 114.285317 114.974000 115.672528 116.380722 9.158100 8.032185 7.620000 8.032185 9.158100 10.776307 12.700000 5.080000 2.540000 0.000000 2.540000 5.080000 7.620000 10.160000 53.756352 52.740432 51.735739 50.742941 50.901153 49.827052 48.762369 47.707736 85.099466 84.696718 84.368549 84.115833 83.939251 
150.852819 58.411698 161.255360 81.600518 83.877543 83.035593 82.204642 81.385025 80.165223 79.283861 78.413161 77.553485 117.300303 117.944040 118.597883 119.261666 112.938199 113.606656 114.285317 114.974000 10.776307 9.158100 8.032185 7.620000 8.032185 9.158100 10.776307 7.620000 5.080000 2.540000 0.000000 2.540000 5.080000 7.620000 55.819416 54.782875 53.756352 52.740432 53.075317 51.984088 50.901153 49.827052 82.598985 82.183984 81.845740 81.585210 81.403139 
151.854272 60.951401 159.985118 79.060682 85.593134 84.730163 83.877543 83.035593 81.958559 81.056902 80.165223 79.283861 116.043816 116.666839 117.300303 117.944040 111.632626 112.280127 112.938199 113.606656 12.700000 10.776307 9.158100 8.032185 7.620000 8.032185 9.158100 10.160000 7.620000 5.080000 2.540000 0.000000 2.540000 5.080000 57.920396 56.865428 55.819416 54.782875 55.280686 54.174338 53.075317 51.984088 80.100990 79.672978 79.324029 79.055188 78.867276 
152.891367 63.491128 158.745356 76.520857 87.348899 86.466147 85.593134 84.730163 83.790518 82.869869 81.958559 81.056902 114.829773 115.431405 116.043816 116.666839 110.370071 110.995878 111.632626 112.280127 14.810618 12.700000 10.776307 9.158100 8.032185 7.620000 8.032185 12.700000 10.160000 7.620000 5.080000 2.540000 0.000000 2.540000 60.055313 58.983841 57.920396 56.865428 57.513673 56.393932 55.280686 54.174338 77.605722 77.163871 76.803522 76.525828 76.331689 
153.963383 66.030876 157.536794 73.981043 89.142464 88.241100 87.348899 86.466147 85.658623 84.720201 83.790518 82.869869 113.659534 114.239093 114.829773 115.431405 109.152028 109.755392 110.370071 110.995878 17.038838 14.810618 12.700000 10.776307 9.158100 8.032185 7.620000 15.240000 12.700000 10.160000 7.620000 5.080000 2.540000 0.000000 62.220672 61.134388 60.055313 58.983841 59.771181 58.639538 57.513673 56.393932 75.113453 74.656853 74.284344 73.997196 73.796406 
107.879181 35.208138 166.434189 131.537198 32.184217 31.804844 31.472181 31.187722 27.412935 26.966521 26.573357 26.235838 125.680567 126.741063 127.805380 128.873422 122.946757 124.030630 125.118006 126.208792 45.248856 47.410067 49.607188 51.835654 54.091590 56.371698 58.673161 49.762749 51.735739 53.756352 55.819416 57.920396 60.055313 62.220672 0.000000 1.270000 2.540000 3.810000 5.080000 5.236344 5.679613 6.350000 128.206687 128.572476 128.987255 129.450552 129.961848 
108.035279 35.683565 165.464325 130.307860 32.608670 32.184217 31.804844 31.472181 27.910044 27.412935 26.966521 26.573357 124.623988 125.680567 126.741063 127.805380 121.866478 122.946757 124.030630 125.118006 44.183367 46.324657 48.504442 50.717760 52.960406 55.228809 57.519920 48.795924 50.742941 52.740432 54.782875 56.865428 58.983841 61.134388 1.270000 0.000000 1.270000 2.540000 5.236344 5.080000 5.236344 5.679613 126.948309 127.317713 127.736566 128.204383 128.720630 
108.206058 36.197326 164.498549 129.079308 33.076468 32.608670 32.184217 31.804844 28.455191 27.910044 27.412935 26.966521 123.571427 124.623988 125.680567 126.741063 120.789891 121.866478 122.946757 124.030630 43.128955 45.248856 47.410067 49.607188 51.835654 54.091590 56.371698 47.843275 49.762749 51.735739 53.756352 55.819416 57.920396 60.055313 2.540000 1.270000 0.000000 1.270000 5.679613 5.236344 5.080000 5.236344 125.690164 126.063256 126.486263 126.958687 127.479978 
108.391450 36.747813 163.536931 127.851567 33.585798 33.076468 32.608670 32.184217 29.045671 28.455191 27.910044 27.412935 122.522989 123.571427 124.623988 125.680567 119.717095 120.789891 121.866478 122.946757 42.086450 44.183367 46.324657 48.504442 50.717760 52.960406 55.228809 46.905666 48.795924 50.742941 52.740432 54.782875 56.865428 58.983841 3.810000 2.540000 1.270000 0.000000 6.350000 5.679613 5.236344 5.080000 124.432261 124.809112 125.236356 125.713477 126.239910 
112.925790 30.520965 169.748801 130.360848 37.037703 36.708524 36.420678 36.175152 32.184217 31.804844 31.472181 31.187722 128.557059 129.594019 130.635094 131.680187 125.680567 126.741063 127.805380 128.873422 42.732425 45.014616 47.323085 49.654166 52.004820 54.372507 56.755097 46.663832 48.762369 50.901153 53.075317 55.280686 57.513673 59.771181 5.080000 5.236344 5.679613 6.350000 0.000000 1.270000 2.540000 3.810000 127.623705 127.890307 128.206687 128.572476 128.987255 
113.074921 31.068201 168.797984 129.120311 37.407125 37.037703 36.708524 36.420678 32.608670 32.184217 31.804844 31.472181 127.524315 128.557059 129.594019 130.635094 124.623988 125.680567 126.741063 127.805380 41.602538 43.869979 46.165811 48.486002 50.827216 53.186676 55.562059 45.631394 47.707736 49.827052 51.984088 54.174338 56.393932 58.639538 5.236344 5.080000 5.236344 5.679613 1.270000 0.000000 1.270000 2.540000 126.359521 126.628785 126.948309 127.317713 127.736566 
113.238100 31.656953 167.851389 127.880351 37.815610 37.407125 37.037703 36.708524 33.076468 32.608670 32.184217 31.804844 126.495890 127.524315 128.557059 129.594019 123.571427 124.623988 125.680567 126.741063 40.480957 42.732425 45.014616 47.323085 49.654166 52.004820 54.372507 44.611220 46.663832 48.762369 50.901153 53.075317 55.280686 57.513673 5.679613 5.236344 5.080000 5.236344 2.540000 1.270000 0.000000 1.270000 125.095455 125.367434 125.690164 126.063256 126.486263 
113.415267 32.284951 166.909090 126.640987 38.261906 37.815610 37.407125 37.037703 33.585798 33.076468 32.608670 32.184217 125.471891 126.495890 127.524315 128.557059 122.522989 123.571427 124.623988 125.680567 39.368394 41.602538 43.869979 46.165811 48.486002 50.827216 53.186676 43.604168 45.631394 47.707736 49.827052 51.984088 54.174338 56.393932 6.350000 5.679613 5.236344 5.080000 3.810000 2.540000 1.270000 0.000000 123.831510 124.106259 124.432261 124.809112 125.236356 
187.015510 140.552529 124.356798 15.646904 145.306257 144.107384 142.909740 141.713356 143.717092 142.504850 141.293624 140.083438 89.479764 89.171890 88.881099 88.607557 84.569364 84.243547 83.935683 83.645971 89.178679 86.647005 84.115833 81.585210 79.055188 76.525828 73.997196 90.107062 87.602222 85.099466 82.598985 80.100990 77.605722 75.113453 128.206687 126.948309 125.690164 124.432261 127.623705 126.359521 125.095455 123.831510 0.000000 2.540000 5.080000 7.620000 10.160000 
188.714025 140.292535 126.896790 13.107541 146.160583 144.968776 143.778307 142.589211 144.491536 143.285846 142.081277 140.877858 91.941875 91.642273 91.359345 91.093245 87.022130 86.705530 86.406439 86.125038 89.012141 86.475592 83.939251 81.403139 78.867276 76.331689 73.796406 89.726793 87.211032 84.696718 82.183984 79.672978 77.163871 74.656853 128.572476 127.317713 126.063256 124.809112 127.890307 126.628785 125.367434 124.106259 2.540000 0.000000 2.540000 5.080000 7.620000 
190.431269 140.078124 129.436782 10.568484 147.053823 145.869314 144.686255 143.504683 145.306257 144.107384 142.909740 141.713356 94.408112 94.116362 93.840893 93.581851 89.479764 89.171890 88.881099 88.607557 88.917877 86.378560 83.839284 81.300053 78.760872 76.221745 73.682679 89.417087 86.892360 84.368549 81.845740 79.324029 76.803522 74.284344 128.987255 127.736566 126.486263 125.236356 128.206687 126.948309 125.690164 124.432261 5.080000 2.540000 0.000000 2.540000 5.080000 
192.166742 139.909503 131.976774 8.030025 147.985273 146.808279 145.632848 144.459018 146.160583 144.968776 143.778307 142.589211 96.878162 96.593872 96.325489 96.073146 91.941875 91.642273 91.359345 91.093245 88.896118 86.356161 83.816206 81.276254 78.736306 76.196360 73.656419 89.178679 86.647005 84.115833 81.585210 79.055188 76.525828 73.997196 129.450552 128.204383 126.958687 125.713477 128.572476 127.317713 126.063256 124.809112 7.620000 5.080000 2.540000 0.000000 2.540000 
193.919954 139.786841 134.516767 5.492989 148.954215 147.784939 146.617338 145.451453 147.053823 145.869314 144.686255 143.504683 99.351739 99.074547 98.812902 98.566927 94.408112 94.116362 93.840893 93.581851 88.946916 86.408452 83.870081 81.331812 78.793654 76.255619 73.717719 89.012141 86.475592 83.939251 81.403139 78.867276 76.331689 73.796406 129.961848 128.720630 127.479978 126.239910 128.987255 127.736566 126.486263 125.236356 10.160000 7.620000 5.080000 2.540000 0.000000 
