45
# Circuit board instance
Size: large
Nodes: 45
0.000000 115.000000 115.000000 162.634560 68.210993 70.548463 72.899484 75.262788 77.637252 80.021882 82.415798 71.585427 73.816119 76.066212 78.334035 80.618091 82.917040 85.229675 56.146799 57.072226 58.094046 59.207268 60.406840 61.687722 63.044961 63.354201 64.175781 65.086174 66.081710 67.158604 68.313007 69.541059 54.637723 55.914106 57.274750 58.713797 60.225626 129.548570 130.313915 131.087096 131.867976 133.649130 134.391125 135.140982 135.898569 
115.000000 0.000000 162.634560 115.000000 107.864255 109.357412 110.888650 112.456414 114.059198 115.695547 117.364056 101.753778 103.335266 104.954402 106.609469 108.298821 110.020877 111.774127 65.232389 66.030604 66.915767 67.884477 68.933213 70.058381 71.256359 57.999624 58.895946 59.886657 60.967156 62.132759 63.378770 64.700545 100.566892 98.339240 96.127082 93.931512 91.753719 78.485726 79.742672 81.000025 82.257767 77.915770 79.181764 80.447884 81.714125 
115.000000 162.634560 0.000000 115.000000 59.032889 56.789330 54.571762 52.383487 50.228332 48.110748 46.035922 62.901636 60.801002 58.735092 56.707702 54.723113 52.786153 50.902259 109.205159 106.987583 104.784646 102.597293 100.426541 98.273491 96.139331 113.079877 110.939779 108.816882 106.712213 104.626870 102.562034 100.518967 72.260026 73.229898 74.274004 75.389260 76.572558 110.202782 109.779040 109.368405 108.971024 114.995266 114.589247 114.195910 113.815386 
162.634560 115.000000 115.000000 0.000000 102.307575 101.029629 99.799976 98.620422 97.492785 96.418888 95.400545 95.843485 94.478144 93.162057 91.897341 90.686145 89.530642 88.433013 114.142755 112.022964 109.920989 107.837870 105.774722 103.732736 101.713188 110.169235 107.971461 105.789014 103.622864 101.474054 99.343708 97.233042 111.130240 109.118453 107.129112 105.163489 103.222941 39.010643 37.797021 36.587227 35.381652 37.850870 36.598810 35.348030 34.098670 
68.210993 107.864255 59.032889 102.307575 0.000000 2.540000 5.080000 7.620000 10.160000 12.700000 15.240000 7.620000 8.032185 9.158100 10.776307 12.700000 14.810618 17.038838 50.215258 48.046371 45.915559 43.828376 41.791360 39.812211 37.899997 54.490316 52.498345 50.555524 48.667741 46.841650 45.084749 43.405440 14.814076 14.922251 15.452944 16.365103 17.599515 78.015489 78.271028 78.546272 78.841016 83.005391 83.245614 83.504463 83.781766 
70.548463 109.357412 56.789330 101.029629 2.540000 0.000000 2.540000 5.080000 7.620000 10.160000 12.700000 8.032185 7.620000 8.032185 9.158100 10.776307 12.700000 14.810618 52.417495 50.215258 48.046371 45.915559 43.828376 41.791360 39.812211 56.526243 54.490316 52.498345 50.555524 48.667741 46.841650 45.084749 17.352072 17.444515 17.900588 18.693693 19.783338 77.564291 77.779849 78.015489 78.271028 82.581461 82.783956 83.005391 83.245614 
72.899484 110.888650 54.571762 99.799976 5.080000 2.540000 0.000000 2.540000 5.080000 7.620000 10.160000 9.158100 8.032185 7.620000 8.032185 9.158100 10.776307 12.700000 54.649049 52.417495 50.215258 48.046371 45.915559 43.828376 41.791360 58.601544 56.526243 54.490316 52.498345 50.555524 48.667741 46.841650 19.890579 19.971276 20.370856 21.071187 22.043621 77.194075 77.368982 77.564291 77.779849 82.233835 82.398045 82.581461 82.783956 
75.262788 112.456414 52.383487 98.620422 7.620000 5.080000 2.540000 0.000000 2.540000 5.080000 7.620000 10.776307 9.158100 8.032185 7.620000 8.032185 9.158100 10.776307 56.906472 54.649049 52.417495 50.215258 48.046371 45.915559 43.828376 60.712182 58.601544 56.526243 54.490316 52.498345 50.555524 48.667741 22.429425 22.501018 22.856416 23.482735 24.359088 76.906010 77.039710 77.194075 77.368982 81.963485 82.088948 82.233835 82.398045 
77.637252 114.059198 50.228332 97.492785 10.160000 7.620000 5.080000 2.540000 0.000000 2.540000 5.080000 12.700000 10.776307 9.158100 8.032185 7.620000 8.032185 9.158100 59.186804 56.906472 54.649049 52.417495 50.215258 48.046371 45.915559 62.854596 60.712182 58.601544 56.526243 54.490316 52.498345 50.555524 24.968505 25.032838 25.352769 25.918835 26.715395 76.701022 76.793083 76.906010 77.039710 81.771176 81.857535 81.963485 82.088948 
80.021882 115.695547 48.110748 96.418888 12.700000 10.160000 7.620000 5.080000 2.540000 0.000000 2.540000 14.810618 12.700000 10.776307 9.158100 8.032185 7.620000 8.032185 61.487496 59.186804 56.906472 54.649049 52.417495 50.215258 48.046371 65.025646 62.854596 60.712182 58.601544 56.526243 54.490316 52.498345 27.507755 27.566162 27.857014 28.373163 29.102623 76.579777 76.629900 76.701022 76.793083 81.657460 81.704468 81.771176 81.857535 
82.415798 117.364056 46.035922 95.400545 15.240000 12.700000 10.160000 7.620000 5.080000 2.540000 0.000000 17.038838 14.810618 12.700000 10.776307 9.158100 8.032185 7.620000 63.806346 61.487496 59.186804 56.906472 54.649049 52.417495 50.215258 67.222557 65.025646 62.854596 60.712182 58.601544 56.526243 54.490316 30.047132 30.100612 30.367199 30.841367 31.513747 76.542675 76.550694 76.579777 76.629900 81.622665 81.630186 81.657460 81.704468 
71.585427 101.753778 62.901636 95.843485 7.620000 8.032185 9.158100 10.776307 12.700000 14.810618 17.038838 0.000000 2.540000 5.080000 7.620000 10.160000 12.700000 15.240000 46.798275 44.463020 42.151453 39.867693 37.616807 35.405064 33.240279 50.215258 48.046371 45.915559 43.828376 41.791360 39.812211 37.899997 16.947740 15.866096 15.137481 14.814076 14.922251 70.554750 70.837209 71.141220 71.466511 75.525043 75.788979 76.073205 76.377493 
73.816119 103.335266 60.801002 94.478144 8.032185 7.620000 8.032185 9.158100 10.776307 12.700000 14.810618 2.540000 0.000000 2.540000 5.080000 7.620000 10.160000 12.700000 49.153842 46.798275 44.463020 42.151453 39.867693 37.616807 35.405064 52.417495 50.215258 48.046371 45.915559 43.828376 41.791360 39.812211 19.205818 18.258438 17.628978 17.352072 17.444515 70.055518 70.294106 70.554750 70.837209 75.058876 75.281608 75.525043 75.788979 
76.066212 104.954402 58.735092 93.162057 9.158100 8.032185 7.620000 8.032185 9.158100 10.776307 12.700000 5.080000 2.540000 0.000000 2.540000 5.080000 7.620000 10.160000 51.526934 49.153842 46.798275 44.463020 42.151453 39.867693 37.616807 54.649049 52.417495 50.215258 48.046371 45.915559 43.828376 41.791360 21.526825 20.686017 20.132601 19.890579 19.971276 69.645398 69.839213 70.055518 70.294106 74.676240 74.857030 75.058876 75.281608 
78.334035 106.609469 56.707702 91.897341 10.776307 9.158100 8.032185 7.620000 8.032185 9.158100 10.776307 7.620000 5.080000 2.540000 0.000000 2.540000 5.080000 7.620000 53.915239 51.526934 49.153842 46.798275 44.463020 42.151453 39.867693 56.906472 54.649049 52.417495 50.215258 48.046371 45.915559 43.828376 23.892428 23.137745 22.644328 22.429425 22.501018 69.325974 69.474263 69.645398 69.839213 74.378424 74.516659 74.676240 74.857030 
80.618091 108.298821 54.723113 90.686145 12.700000 10.776307 9.158100 8.032185 7.620000 8.032185 9.158100 10.160000 7.620000 5.080000 2.540000 0.000000 2.540000 5.080000 56.316820 53.915239 51.526934 49.153842 46.798275 44.463020 42.151453 59.186804 56.906472 54.649049 52.417495 50.215258 48.046371 45.915559 26.290593 25.606687 25.161731 24.968505 25.032838 69.098503 69.200679 69.325974 69.474263 74.166450 74.261654 74.378424 74.516659 
82.917040 110.020877 52.786153 89.530642 14.810618 12.700000 10.776307 9.158100 8.032185 7.620000 8.032185 12.700000 10.160000 7.620000 5.080000 2.540000 0.000000 2.540000 58.730048 56.316820 53.915239 51.526934 49.153842 46.798275 44.463020 61.487496 59.186804 56.906472 54.649049 52.417495 50.215258 48.046371 28.713161 28.088303 27.683263 27.507755 27.566162 68.963894 69.019547 69.098503 69.200679 74.041055 74.092896 74.166450 74.261654 
85.229675 111.774127 50.902259 88.433013 17.038838 14.810618 12.700000 10.776307 9.158100 8.032185 7.620000 15.240000 12.700000 10.160000 7.620000 5.080000 2.540000 0.000000 61.153546 58.730048 56.316820 53.915239 51.526934 49.153842 46.798275 63.806346 61.487496 59.186804 56.906472 54.649049 52.417495 50.215258 31.154441 30.579508 30.207890 30.047132 30.100612 68.922691 68.931597 68.963894 69.019547 74.002680 74.010975 74.041055 74.092896 
56.146799 65.232389 109.205159 114.142755 50.215258 52.417495 54.649049 56.906472 59.186804 61.487496 63.806346 46.798275 49.153842 51.526934 53.915239 56.316820 58.730048 61.153546 0.000000 2.540000 5.080000 7.620000 10.160000 12.700000 15.240000 7.620000 8.032185 9.158100 10.776307 12.700000 14.810618 17.038838 38.654446 36.980133 35.409003 33.955381 32.634975 77.454559 78.415120 79.384376 80.362012 80.888700 81.808949 82.738457 83.676915 
57.072226 66.030604 106.987583 112.022964 48.046371 50.215258 52.417495 54.649049 56.906472 59.186804 61.487496 44.463020 46.798275 49.153842 51.526934 53.915239 56.316820 58.730048 2.540000 0.000000 2.540000 5.080000 7.620000 10.160000 12.700000 8.032185 7.620000 8.032185 9.158100 10.776307 12.700000 14.810618 36.827078 35.065621 33.404566 31.859621 30.448467 75.560846 76.503020 77.454559 78.415120 79.077269 79.978030 80.888700 81.808949 
58.094046 66.915767 104.784646 109.920989 45.915559 48.046371 50.215258 52.417495 54.649049 56.906472 59.186804 42.151453 44.463020 46.798275 49.153842 51.526934 53.915239 56.316820 5.080000 2.540000 0.000000 2.540000 5.080000 7.620000 10.160000 9.158100 8.032185 7.620000 8.032185 9.158100 10.776307 12.700000 35.088523 33.235049 31.477544 29.832972 28.321015 73.706020 74.628389 75.560846 76.503020 77.306859 78.186761 79.077269 79.978030 
59.207268 67.884477 102.597293 107.837870 43.828376 45.915559 48.046371 50.215258 52.417495 54.649049 56.906472 39.867693 42.151453 44.463020 46.798275 49.153842 51.526934 53.915239 7.620000 5.080000 2.540000 0.000000 2.540000 5.080000 7.620000 10.776307 9.158100 8.032185 7.620000 8.032185 9.158100 10.776307 33.452629 31.503055 29.643038 27.890503 26.266972 71.893091 72.794121 73.706020 74.628389 75.580352 76.437930 77.306859 78.186761 
60.406840 68.933213 100.426541 105.774722 41.791360 43.828376 45.915559 48.046371 50.215258 52.417495 54.649049 37.616807 39.867693 42.151453 44.463020 46.798275 49.153842 51.526934 10.160000 7.620000 5.080000 2.540000 0.000000 2.540000 5.080000 12.700000 10.776307 9.158100 8.032185 7.620000 8.032185 9.158100 31.935177 29.886780 27.919292 26.051052 24.304958 70.125309 71.003344 71.893091 72.794121 73.900826 74.734516 75.580352 76.437930 
61.687722 70.058381 98.273491 103.732736 39.812211 41.791360 43.828376 45.915559 48.046371 50.215258 52.417495 35.405064 37.616807 39.867693 42.151453 44.463020 46.798275 49.153842 12.700000 10.160000 7.620000 5.080000 2.540000 0.000000 2.540000 14.810618 12.700000 10.776307 9.158100 8.032185 7.620000 8.032185 30.553820 28.405984 26.328069 24.337988 22.459103 68.406173 69.259431 70.125309 71.003344 72.271554 73.079696 73.900826 74.734516 
63.044961 71.256359 96.139331 101.713188 37.899997 39.812211 41.791360 43.828376 45.915559 48.046371 50.215258 33.240279 35.405064 37.616807 39.867693 42.151453 44.463020 46.798275 15.240000 12.700000 10.160000 7.620000 5.080000 2.540000 0.000000 17.038838 14.810618 12.700000 10.776307 9.158100 8.032185 7.620000 29.327793 27.082901 24.894794 22.779842 20.760416 66.739443 67.566012 68.406173 69.259431 70.696014 71.476843 72.271554 73.079696 
63.354201 57.999624 113.079877 110.169235 54.490316 56.526243 58.601544 60.712182 62.854596 65.025646 67.222557 50.215258 52.417495 54.649049 56.906472 59.186804 61.487496 63.806346 7.620000 8.032185 9.158100 10.776307 12.700000 14.810618 17.038838 0.000000 2.540000 5.080000 7.620000 10.160000 12.700000 15.240000 44.175708 42.262840 40.419121 38.654446 36.980133 72.665831 73.688841 74.719431 75.757292 75.806839 76.788015 77.777550 78.775131 
64.175781 58.895946 110.939779 107.971461 52.498345 54.490316 56.526243 58.601544 60.712182 62.854596 65.025646 48.046371 50.215258 52.417495 54.649049 56.906472 59.186804 61.487496 8.032185 7.620000 8.032185 9.158100 10.776307 12.700000 14.810618 2.540000 0.000000 2.540000 5.080000 7.620000 10.160000 12.700000 42.585922 40.598217 38.675223 36.827078 35.065621 70.643866 71.650726 72.665831 73.688841 73.870899 74.834353 75.806839 76.788015 
65.086174 59.886657 108.816882 105.789014 50.555524 52.498345 54.490316 56.526243 58.601544 60.712182 62.854596 45.915559 48.046371 50.215258 52.417495 54.649049 56.906472 59.186804 9.158100 8.032185 7.620000 8.032185 9.158100 10.776307 12.700000 5.080000 2.540000 0.000000 2.540000 5.080000 7.620000 10.160000 41.091745 39.028015 37.023555 35.088523 33.235049 68.656330 69.645609 70.643866 71.650726 71.972534 72.916834 73.870899 74.834353 
66.081710 60.967156 106.712213 103.622864 48.667741 50.555524 52.498345 54.490316 56.526243 58.601544 60.712182 43.828376 45.915559 48.046371 50.215258 52.417495 54.649049 56.906472 10.776307 9.158100 8.032185 7.620000 8.032185 9.158100 10.776307 7.620000 5.080000 2.540000 0.000000 2.540000 5.080000 7.620000 39.703973 37.564077 35.477000 33.452629 31.503055 66.706303 67.676424 68.656330 69.645609 70.114797 71.038386 71.972534 72.916834 
67.158604 62.132759 104.626870 101.474054 46.841650 48.667741 50.555524 52.498345 54.490316 56.526243 58.601544 41.791360 43.828376 45.915559 48.046371 50.215258 52.417495 54.649049 12.700000 10.776307 9.158100 8.032185 7.620000 8.032185 9.158100 10.160000 7.620000 5.080000 2.540000 0.000000 2.540000 5.080000 38.434133 36.219291 34.049885 31.935177 29.886780 64.797170 65.746400 66.706303 67.676424 68.301004 69.202190 70.114797 71.038386 
68.313007 63.378770 102.562034 99.343708 45.084749 46.841650 48.667741 50.555524 52.498345 54.490316 56.526243 39.812211 41.791360 43.828376 45.915559 48.046371 50.215258 52.417495 14.810618 12.700000 10.776307 9.158100 8.032185 7.620000 8.032185 12.700000 10.160000 7.620000 5.080000 2.540000 0.000000 2.540000 37.294275 35.007391 32.757824 30.553820 28.405984 62.932653 63.859088 64.797170 65.746400 66.534748 67.411698 68.301004 69.202190 
69.541059 64.700545 100.518967 97.233042 43.405440 45.084749 46.841650 48.667741 50.555524 52.498345 54.490316 37.899997 39.812211 41.791360 43.828376 45.915559 48.046371 50.215258 17.038838 14.810618 12.700000 10.776307 9.158100 8.032185 7.620000 15.240000 12.700000 10.160000 7.620000 5.080000 2.540000 0.000000 36.296646 33.942613 31.617378 29.327793 27.082901 61.116835 62.018387 62.932653 63.859088 64.819916 65.670649 66.534748 67.411698 
54.637723 100.566892 72.260026 111.130240 14.814076 17.352072 19.890579 22.429425 24.968505 27.507755 30.047132 16.947740 19.205818 21.526825 23.892428 26.290593 28.713161 31.154441 38.654446 36.827078 35.088523 33.452629 31.935177 30.553820 29.327793 44.175708 42.585922 41.091745 39.703973 38.434133 37.294275 36.296646 0.000000 2.540000 5.080000 7.620000 10.160000 82.764623 83.231683 83.715406 84.215504 87.521032 87.962840 88.420684 88.894315 
55.914106 98.339240 73.229898 109.118453 14.922251 17.444515 19.971276 22.501018 25.032838 27.566162 30.100612 15.866096 18.258438 20.686017 23.137745 25.606687 28.088303 30.579508 36.980133 35.065621 33.235049 31.503055 29.886780 28.405984 27.082901 42.262840 40.598217 39.028015 37.564077 36.219291 35.007391 33.942613 2.540000 0.000000 2.540000 5.080000 7.620000 80.401265 80.881974 81.379665 81.894028 85.138154 85.592263 86.062719 86.549255 
57.274750 96.127082 74.274004 107.129112 15.452944 17.900588 20.370856 22.856416 25.352769 27.857014 30.367199 15.137481 17.628978 20.132601 22.644328 25.161731 27.683263 30.207890 35.409003 33.404566 31.477544 29.643038 27.919292 26.328069 24.894794 40.419121 38.675223 37.023555 35.477000 34.049885 32.757824 31.617378 5.080000 2.540000 0.000000 2.540000 5.080000 78.049006 78.544113 79.056522 79.585901 82.764623 83.231683 83.715406 84.215504 
58.713797 93.931512 75.389260 105.163489 16.365103 18.693693 21.071187 23.482735 25.918835 28.373163 30.841367 14.814076 17.352072 19.890579 22.429425 24.968505 27.507755 30.047132 33.955381 31.859621 29.832972 27.890503 26.051052 24.337988 22.779842 38.654446 36.827078 35.088523 33.452629 31.935177 30.553820 29.327793 7.620000 5.080000 2.540000 0.000000 2.540000 75.708880 76.219189 76.747123 77.292320 80.401265 80.881974 81.379665 81.894028 
60.225626 91.753719 76.572558 103.222941 17.599515 19.783338 22.043621 24.359088 26.715395 29.102623 31.513747 14.922251 17.444515 19.971276 22.501018 25.032838 27.566162 30.100612 32.634975 30.448467 28.321015 26.266972 24.304958 22.459103 20.760416 36.980133 35.065621 33.235049 31.503055 29.886780 28.405984 27.082901 10.160000 7.620000 5.080000 2.540000 0.000000 73.382047 73.908423 74.452744 75.014619 78.049006 78.544113 79.056522 79.585901 
129.548570 78.485726 110.202782 39.010643 78.015489 77.564291 77.194075 76.906010 76.701022 76.579777 76.542675 70.554750 70.055518 69.645398 69.325974 69.098503 68.963894 68.922691 77.454559 75.560846 73.706020 71.893091 70.125309 68.406173 66.739443 72.665831 70.643866 68.656330 66.706303 64.797170 62.932653 61.116835 82.764623 80.401265 78.049006 75.708880 73.382047 0.000000 1.270000 2.540000 3.810000 5.080000 5.236344 5.679613 6.350000 
130.313915 79.742672 109.779040 37.797021 78.271028 77.779849 77.368982 77.039710 76.793083 76.629900 76.550694 70.837209 70.294106 69.839213 69.474263 69.200679 69.019547 68.931597 78.415120 76.503020 74.628389 72.794121 71.003344 69.259431 67.566012 73.688841 71.650726 69.645609 67.676424 65.746400 63.859088 62.018387 83.231683 80.881974 78.544113 76.219189 73.908423 1.270000 0.000000 1.270000 2.540000 5.236344 5.080000 5.236344 5.679613 
131.087096 81.000025 109.368405 36.587227 78.546272 78.015489 77.564291 77.194075 76.906010 76.701022 76.579777 71.141220 70.554750 70.055518 69.645398 69.325974 69.098503 68.963894 79.384376 77.454559 75.560846 73.706020 71.893091 70.125309 68.406173 74.719431 72.665831 70.643866 68.656330 66.706303 64.797170 62.932653 83.715406 81.379665 79.056522 76.747123 74.452744 2.540000 1.270000 0.000000 1.270000 5.679613 5.236344 5.080000 5.236344 
131.867976 82.257767 108.971024 35.381652 78.841016 78.271028 77.779849 77.368982 77.039710 76.793083 76.629900 71.466511 70.837209 70.294106 69.839213 69.474263 69.200679 69.019547 80.362012 78.415120 76.503020 74.628389 72.794121 71.003344 69.259431 75.757292 73.688841 71.650726 69.645609 67.676424 65.746400 63.859088 84.215504 81.894028 79.585901 77.292320 75.014619 3.810000 2.540000 1.270000 0.000000 6.350000 5.679613 5.236344 5.080000 
133.649130 77.915770 114.995266 37.850870 83.005391 82.581461 82.233835 81.963485 81.771176 81.657460 81.622665 75.525043 75.058876 74.676240 74.378424 74.166450 74.041055 74.002680 80.888700 79.077269 77.306859 75.580352 73.900826 72.271554 70.696014 75.806839 73.870899 71.972534 70.114797 68.301004 66.534748 64.819916 87.521032 85.138154 82.764623 80.401265 78.049006 5.080000 5.236344 5.679613 6.350000 0.000000 1.270000 2.540000 3.810000 
134.391125 79.181764 114.589247 36.598810 83.245614 82.783956 82.398045 82.088948 81.857535 81.704468 81.630186 75.788979 75.281608 74.857030 74.516659 74.261654 74.092896 74.010975 81.808949 79.978030 78.186761 76.437930 74.734516 73.079696 71.476843 76.788015 74.834353 72.916834 71.038386 69.202190 67.411698 65.670649 87.962840 85.592263 83.231683 80.881974 78.544113 5.236344 5.080000 5.236344 5.679613 1.270000 0.000000 1.270000 2.540000 
135.140982 80.447884 114.195910 35.348030 83.504463 83.005391 82.581461 82.233835 81.963485 81.771176 81.657460 76.073205 75.525043 75.058876 74.676240 74.378424 74.166450 74.041055 82.738457 80.888700 79.077269 77.306859 75.580352 73.900826 72.271554 77.777550 75.806839 73.870899 71.972534 70.114797 68.301004 66.534748 88.420684 86.062719 83.715406 81.379665 79.056522 5.679613 5.236344 5.080000 5.236344 2.540000 1.270000 0.000000 1.270000 
135.898569 81.714125 113.815386 34.098670 83.781766 83.245614 82.783956 82.398045 82.088948 81.857535 81.704468 76.377493 75.788979 75.281608 74.857030 74.516659 74.261654 74.092896 83.676915 81.808949 79.978030 78.186761 76.437930 74.734516 73.079696 78.775131 76.788015 74.834353 72.916834 71.038386 69.202190 67.411698 88.894315 86.549255 84.215504 81.894028 79.585901 6.350000 5.679613 5.236344 5.080000 3.810000 2.540000 1.270000 0.000000 
