41
# Circuit board instance
Size: large
Nodes: 41
0.000000 140.000000 140.000000 197.989899 78.468312 80.277377 82.125159 84.009103 85.926830 87.876130 89.854946 84.049600 85.740985 87.473429 89.244543 91.052069 92.893882 94.767983 79.116842 80.116951 81.124613 82.139550 82.363947 83.325092 84.294412 85.271629 106.311909 108.751356 111.195306 113.643469 116.095578 136.076659 138.223755 140.383970 142.556707 144.741403 48.168739 49.791126 51.487749 53.251513 55.075966 
140.000000 0.000000 197.989899 140.000000 100.791603 102.206303 103.663942 105.162733 106.700943 108.276892 109.888955 94.511409 96.018684 97.568807 99.159768 100.789635 102.456549 104.158733 110.091878 110.812783 111.543488 112.283804 105.934728 106.683728 107.442519 108.210894 48.382894 46.414867 44.504816 42.660526 40.890899 77.528582 76.736109 76.020280 75.383279 74.827119 116.258196 113.858232 111.464475 109.077332 106.697249 
140.000000 197.989899 0.000000 140.000000 101.410010 99.297388 97.205224 95.134869 93.087776 91.065516 89.069778 105.787755 103.764302 101.764015 99.788288 97.838608 95.916564 94.023851 92.097912 91.025692 89.958622 88.896887 94.901899 93.861716 92.827252 91.798701 150.050022 151.788157 153.548635 155.330696 157.133606 132.667413 134.868795 137.081890 139.306139 141.541016 106.637546 107.380142 108.177295 109.027805 109.930436 
197.989899 140.000000 140.000000 0.000000 119.522639 117.735476 115.976406 114.246726 112.547791 110.881014 109.247867 114.276508 112.405968 110.562136 108.746373 106.960107 105.204840 103.482151 119.761314 118.938739 118.124090 117.317532 115.951358 115.101558 114.259554 113.425519 116.420322 115.616292 114.862812 114.160885 113.511465 71.375532 70.513942 69.734271 69.039295 68.431596 150.224189 148.374647 146.545788 144.738396 142.953285 
78.468312 100.791603 101.410010 119.522639 0.000000 2.540000 5.080000 7.620000 10.160000 12.700000 15.240000 7.620000 8.032185 9.158100 10.776307 12.700000 14.810618 17.038838 9.504296 10.450742 11.459939 12.516716 6.977116 8.219886 9.469884 10.724583 52.761920 55.004159 57.271266 59.560403 61.869124 61.646224 64.079701 66.521142 68.969702 71.424650 31.136338 29.075800 27.096789 25.218505 23.465149 
80.277377 102.206303 99.297388 117.735476 2.540000 0.000000 2.540000 5.080000 7.620000 10.160000 12.700000 8.032185 7.620000 8.032185 9.158100 10.776307 12.700000 14.810618 7.888997 8.641242 9.504296 10.450742 4.537046 5.746265 6.977116 8.219886 54.026229 56.218064 58.438097 60.683233 62.950788 60.952567 63.412668 65.878834 68.350408 70.826824 32.638473 30.678991 28.810316 27.051273 25.424625 
82.125159 103.663942 97.205224 115.976406 5.080000 2.540000 0.000000 2.540000 5.080000 7.620000 10.160000 9.158100 8.032185 7.620000 8.032185 9.158100 10.776307 12.700000 6.858871 7.281984 7.888997 8.641242 2.322202 3.372803 4.537046 5.746265 55.378244 57.518581 59.690264 61.889993 64.114882 60.357908 62.841294 65.329033 67.820646 70.315722 34.263267 32.402192 30.638797 28.990911 27.479322 
84.009103 105.162733 95.134869 114.246726 7.620000 5.080000 2.540000 0.000000 2.540000 5.080000 7.620000 10.776307 9.158100 8.032185 7.620000 8.032185 9.158100 10.776307 6.689929 6.654828 6.858871 7.281984 1.761721 1.623342 2.322202 3.372803 56.811702 58.899972 61.022514 63.175872 65.357002 59.865198 62.368205 64.874089 67.382526 69.893244 35.994114 34.227282 32.562872 31.017377 29.609423 
85.926830 106.700943 93.087776 112.547791 10.160000 7.620000 5.080000 2.540000 0.000000 2.540000 5.080000 12.700000 10.776307 9.158100 8.032185 7.620000 8.032185 9.158100 7.441061 6.960558 6.689929 6.654828 3.703768 2.607274 1.761721 1.623342 58.320599 60.356686 62.429721 64.536142 66.672787 59.476970 61.995654 64.516009 67.037847 69.561007 37.816454 36.138827 34.566582 33.114735 31.799778 
87.876130 108.276892 91.065516 110.881014 12.700000 10.160000 7.620000 5.080000 2.540000 0.000000 2.540000 14.810618 12.700000 10.776307 9.158100 8.032185 7.620000 8.032185 8.881826 8.094147 7.441061 6.960558 6.102077 4.885051 3.703768 2.607274 59.899235 61.883403 63.906932 65.966201 68.057964 59.195281 61.725460 64.256414 66.788054 69.320307 39.717696 38.123824 36.636864 35.270339 34.038758 
89.854946 109.888955 89.069778 109.247867 15.240000 12.700000 10.160000 7.620000 5.080000 2.540000 0.000000 17.038838 14.810618 12.700000 10.776307 9.158100 8.032185 7.620000 10.738132 9.771604 8.881826 8.094147 8.582306 7.337081 6.102077 4.885051 61.542242 63.475072 65.449410 67.461610 69.508386 59.021655 61.558971 64.096499 66.634216 69.172100 41.687045 40.171387 38.763051 37.474140 36.317370 
84.049600 94.511409 105.787755 114.276508 7.620000 8.032185 9.158100 10.776307 12.700000 14.810618 17.038838 0.000000 2.540000 5.080000 7.620000 10.160000 12.700000 15.240000 15.798192 16.385031 17.046449 17.774122 11.424193 12.222870 13.096211 14.030279 46.220425 48.365849 50.547860 52.761920 55.004159 54.404253 56.807256 59.221694 61.646224 64.079701 37.670929 35.444603 33.263255 31.136338 29.075800 
85.740985 96.018684 103.764302 112.405968 8.032185 7.620000 8.032185 9.158100 10.776307 12.700000 14.810618 2.540000 0.000000 2.540000 5.080000 7.620000 10.160000 12.700000 14.882457 15.294518 15.798192 16.385031 10.120120 10.716884 11.424193 12.222870 47.658587 49.742020 51.866168 54.026229 56.218064 53.616987 56.053749 58.499295 60.952567 63.412668 38.921681 36.771161 34.673368 32.638473 30.678991 
87.473429 97.568807 101.764015 110.562136 9.158100 8.032185 7.620000 8.032185 9.158100 10.776307 12.700000 5.080000 2.540000 0.000000 2.540000 5.080000 7.620000 10.160000 14.362985 14.569781 14.882457 15.294518 9.339414 9.654421 10.120120 10.716884 49.185946 51.207275 53.273031 55.378244 57.518581 52.939994 55.406538 57.879436 60.357908 62.841294 40.293905 38.220673 36.206961 34.263267 32.402192 
89.244543 99.159768 99.788288 108.746373 10.776307 9.158100 8.032185 7.620000 8.032185 9.158100 10.776307 7.620000 5.080000 2.540000 0.000000 2.540000 5.080000 7.620000 14.283081 14.266673 14.362985 14.569781 9.216057 9.190608 9.339414 9.654421 50.794458 52.754190 54.761624 56.811702 58.899972 52.377551 54.869384 57.365443 59.865198 62.368205 41.775633 39.779701 37.849026 35.994114 34.227282 
91.052069 100.789635 97.838608 106.960107 12.700000 10.776307 9.158100 8.032185 7.620000 8.032185 9.158100 10.160000 7.620000 5.080000 2.540000 0.000000 2.540000 5.080000 14.649936 14.411822 14.283081 14.266673 9.774965 9.414346 9.216057 9.190608 52.476659 54.375798 56.325467 58.320599 60.356686 51.933379 54.445545 56.960180 59.476970 61.995654 43.355640 41.435885 39.586068 37.816454 36.138827 
92.893882 102.456549 95.916564 105.204840 14.810618 12.700000 10.776307 9.158100 8.032185 7.620000 8.032185 12.700000 10.160000 7.620000 5.080000 2.540000 0.000000 2.540000 15.431723 14.992213 14.649936 14.411822 10.911800 10.280844 9.774965 9.414346 54.225693 56.065617 57.958470 59.899235 61.883403 51.610533 54.137682 56.665981 59.195281 61.725460 45.023579 43.178047 41.406134 39.717696 38.123824 
94.767983 104.158733 94.023851 103.482151 17.038838 14.810618 12.700000 10.776307 9.158100 8.032185 7.620000 15.240000 12.700000 10.160000 7.620000 5.080000 2.540000 0.000000 16.569813 15.960435 15.431723 14.992213 12.469483 11.647523 10.911800 10.280844 56.035301 57.817667 59.654953 61.542242 63.475072 51.411299 53.947781 56.484581 59.021655 61.558971 46.770044 44.996201 43.298756 41.687045 40.171387 
79.116842 110.091878 92.097912 119.761314 9.504296 7.888997 6.858871 6.689929 7.441061 8.881826 10.738132 15.798192 14.882457 14.362985 14.283081 14.649936 15.431723 16.569813 0.000000 1.270000 2.540000 3.810000 5.080000 5.236344 5.679613 6.350000 61.912333 64.097607 66.308164 68.541558 70.795629 66.547101 69.052130 71.559625 74.069335 76.581042 30.948959 29.453313 28.108013 26.935597 25.959498 
80.116951 110.812783 91.025692 118.938739 10.450742 8.641242 7.281984 6.654828 6.960558 8.094147 9.771604 16.385031 15.294518 14.569781 14.266673 14.411822 14.992213 15.960435 1.270000 0.000000 1.270000 2.540000 5.236344 5.080000 5.236344 5.679613 62.580382 64.743111 66.932353 69.145589 71.380587 66.344980 68.857363 71.371701 73.887795 76.405470 31.959315 30.513233 29.216779 28.090677 27.156128 
81.124613 111.543488 89.958622 118.124090 11.459939 9.504296 7.888997 6.858871 6.689929 7.441061 8.881826 17.046449 15.798192 14.882457 14.362985 14.283081 14.649936 15.431723 2.540000 1.270000 0.000000 1.270000 5.679613 5.236344 5.080000 5.236344 63.266873 65.406906 67.574646 69.767510 71.983201 66.166623 68.685531 71.205936 73.727687 76.250649 32.987625 31.588653 30.338189 29.255285 28.359141 
82.139550 112.283804 88.896887 117.317532 12.516716 10.450742 8.641242 7.281984 6.654828 6.960558 8.094147 17.774122 16.385031 15.294518 14.569781 14.266673 14.411822 14.992213 3.810000 2.540000 1.270000 0.000000 6.350000 5.679613 5.236344 5.080000 63.971212 66.088442 68.234534 70.406848 72.603030 66.012222 68.536804 71.062485 73.589152 76.116706 34.032261 32.678041 31.470893 30.428327 29.567757 
82.363947 105.934728 94.901899 115.951358 6.977116 4.537046 2.322202 1.761721 3.703768 6.102077 8.582306 11.424193 10.120120 9.339414 9.216057 9.774965 10.911800 12.469483 5.080000 5.236344 5.679613 6.350000 0.000000 1.270000 2.540000 3.810000 57.629109 59.755117 61.912333 64.097607 66.308164 61.545642 64.044826 66.547101 69.052130 71.559625 34.310764 32.574249 30.948959 29.453313 28.108013 
83.325092 106.683728 93.861716 115.101558 8.219886 5.746265 3.372803 1.623342 2.607274 4.885051 7.337081 12.222870 10.716884 9.654421 9.190608 9.414346 10.280844 11.647523 5.236344 5.080000 5.236344 5.679613 1.270000 0.000000 1.270000 2.540000 58.346220 60.447012 62.580382 64.743111 66.932353 61.327041 63.834783 66.344980 68.857363 71.371701 35.224825 33.535675 31.959315 30.513233 29.216779 
84.294412 107.442519 92.827252 114.259554 9.469884 6.977116 4.537046 2.322202 1.761721 3.703768 6.102077 13.096211 11.424193 10.120120 9.339414 9.216057 9.774965 10.911800 5.679613 5.236344 5.080000 5.236344 2.540000 1.270000 0.000000 1.270000 59.081930 61.157454 63.266873 65.406906 67.574646 61.134046 63.649393 66.166623 68.685531 71.205936 36.160391 34.517054 32.987625 31.588653 30.338189 
85.271629 108.210894 91.798701 113.425519 10.724583 8.219886 5.746265 3.372803 1.623342 2.607274 4.885051 14.030279 12.222870 10.716884 9.654421 9.190608 9.414346 10.280844 6.350000 5.679613 5.236344 5.080000 3.810000 2.540000 1.270000 0.000000 59.835551 61.885806 63.971212 66.088442 68.234534 60.966900 63.488870 66.012222 68.536804 71.062485 37.115835 35.516734 34.032261 32.678041 31.470893 
106.311909 48.382894 150.050022 116.420322 52.761920 54.026229 55.378244 56.811702 58.320599 59.899235 61.542242 46.220425 47.658587 49.185946 50.794458 52.476659 54.225693 56.035301 61.912333 62.580382 63.266873 63.971212 57.629109 58.346220 59.081930 59.835551 0.000000 2.540000 5.080000 7.620000 10.160000 45.130013 45.907337 46.809745 47.830159 48.961200 72.402191 69.877194 67.353325 64.830717 62.309521 
108.751356 46.414867 151.788157 115.616292 55.004159 56.218064 57.518581 58.899972 60.356686 61.883403 63.475072 48.365849 49.742020 51.207275 52.754190 54.375798 56.065617 57.817667 64.097607 64.743111 65.406906 66.088442 59.755117 60.447012 61.157454 61.885806 2.540000 0.000000 2.540000 5.080000 7.620000 44.484332 45.130013 45.907337 46.809745 47.830159 74.928203 72.402191 69.877194 67.353325 64.830717 
111.195306 44.504816 153.548635 114.862812 57.271266 58.438097 59.690264 61.022514 62.429721 63.906932 65.449410 50.547860 51.866168 53.273031 54.761624 56.325467 57.958470 59.654953 66.308164 66.932353 67.574646 68.234534 61.912333 62.580382 63.266873 63.971212 5.080000 2.540000 0.000000 2.540000 5.080000 43.976093 44.484332 45.130013 45.907337 46.809745 77.455129 74.928203 72.402191 69.877194 67.353325 
113.643469 42.660526 155.330696 114.160885 59.560403 60.683233 61.889993 63.175872 64.536142 65.966201 67.461610 52.761920 54.026229 55.378244 56.811702 58.320599 59.899235 61.542242 68.541558 69.145589 69.767510 70.406848 64.097607 64.743111 65.406906 66.088442 7.620000 5.080000 2.540000 0.000000 2.540000 43.610101 43.976093 44.484332 45.130013 45.907337 79.982883 77.455129 74.928203 72.402191 69.877194 
116.095578 40.890899 157.133606 113.511465 61.869124 62.950788 64.114882 65.357002 66.672787 68.057964 69.508386 55.004159 56.218064 57.518581 58.899972 60.356686 61.883403 63.475072 70.795629 71.380587 71.983201 72.603030 66.308164 66.932353 67.574646 68.234534 10.160000 7.620000 5.080000 2.540000 0.000000 43.389956 43.610101 43.976093 44.484332 45.130013 82.511390 79.982883 77.455129 74.928203 72.402191 
136.076659 77.528582 132.667413 71.375532 61.646224 60.952567 60.357908 59.865198 59.476970 59.195281 59.021655 54.404253 53.616987 52.939994 52.377551 51.933379 51.610533 51.411299 66.547101 66.344980 66.166623 66.012222 61.545642 61.327041 61.134046 60.966900 45.130013 44.484332 43.976093 43.610101 43.389956 0.000000 2.540000 5.080000 7.620000 10.160000 91.830379 89.494411 87.169857 84.857654 82.558841 
138.223755 76.736109 134.868795 70.513942 64.079701 63.412668 62.841294 62.368205 61.995654 61.725460 61.558971 56.807256 56.053749 55.406538 54.869384 54.445545 54.137682 53.947781 69.052130 68.857363 68.685531 68.536804 64.044826 63.834783 63.649393 63.488870 45.907337 45.130013 44.484332 43.976093 43.610101 2.540000 0.000000 2.540000 5.080000 7.620000 94.176911 91.830379 89.494411 87.169857 84.857654 
140.383970 76.020280 137.081890 69.734271 66.521142 65.878834 65.329033 64.874089 64.516009 64.256414 64.096499 59.221694 58.499295 57.879436 57.365443 56.960180 56.665981 56.484581 71.559625 71.371701 71.205936 71.062485 66.547101 66.344980 66.166623 66.012222 46.809745 45.907337 45.130013 44.484332 43.976093 5.080000 2.540000 0.000000 2.540000 5.080000 96.533237 94.176911 91.830379 89.494411 87.169857 
142.556707 75.383279 139.306139 69.039295 68.969702 68.350408 67.820646 67.382526 67.037847 66.788054 66.634216 61.646224 60.952567 60.357908 59.865198 59.476970 59.195281 59.021655 74.069335 73.887795 73.727687 73.589152 69.052130 68.857363 68.685531 68.536804 47.830159 46.809745 45.907337 45.130013 44.484332 7.620000 5.080000 2.540000 0.000000 2.540000 98.898657 96.533237 94.176911 91.830379 89.494411 
144.741403 74.827119 141.541016 68.431596 71.424650 70.826824 70.315722 69.893244 69.561007 69.320307 69.172100 64.079701 63.412668 62.841294 62.368205 61.995654 61.725460 61.558971 76.581042 76.405470 76.250649 76.116706 71.559625 71.371701 71.205936 71.062485 48.961200 47.830159 46.809745 45.907337 45.130013 10.160000 7.620000 5.080000 2.540000 0.000000 101.272534 98.898657 96.533237 94.176911 91.830379 
48.168739 116.258196 106.637546 150.224189 31.136338 32.638473 34.263267 35.994114 37.816454 39.717696 41.687045 37.670929 38.921681 40.293905 41.775633 43.355640 45.023579 46.770044 30.948959 31.959315 32.987625 34.032261 34.310764 35.224825 36.160391 37.115835 72.402191 74.928203 77.455129 79.982883 82.511390 91.830379 94.176911 96.533237 98.898657 101.272534 0.000000 2.540000 5.080000 7.620000 10.160000 
49.791126 113.858232 107.380142 148.374647 29.075800 30.678991 32.402192 34.227282 36.138827 38.123824 40.171387 35.444603 36.771161 38.220673 39.779701 41.435885 43.178047 44.996201 29.453313 30.513233 31.588653 32.678041 32.574249 33.535675 34.517054 35.516734 69.877194 72.402191 74.928203 77.455129 79.982883 89.494411 91.830379 94.176911 96.533237 98.898657 2.540000 0.000000 2.540000 5.080000 7.620000 
51.487749 111.464475 108.177295 146.545788 27.096789 28.810316 30.638797 32.562872 34.566582 36.636864 38.763051 33.263255 34.673368 36.206961 37.849026 39.586068 41.406134 43.298756 28.108013 29.216779 30.338189 31.470893 30.948959 31.959315 32.987625 34.032261 67.353325 69.877194 72.402191 74.928203 77.455129 87.169857 89.494411 91.830379 94.176911 96.533237 5.080000 2.540000 0.000000 2.540000 5.080000 
53.251513 109.077332 109.027805 144.738396 25.218505 27.051273 28.990911 31.017377 33.114735 35.270339 37.474140 31.136338 32.638473 34.263267 35.994114 37.816454 39.717696 41.687045 26.935597 28.090677 29.255285 30.428327 29.453313 30.513233 31.588653 32.678041 64.830717 67.353325 69.877194 72.402191 74.928203 84.857654 87.169857 89.494411 91.830379 94.176911 7.620000 5.080000 2.540000 0.000000 2.540000 
55.075966 106.697249 109.930436 142.953285 23.465149 25.424625 27.479322 29.609423 31.799778 34.038758 36.317370 29.075800 30.678991 32.402192 34.227282 36.138827 38.123824 40.171387 25.959498 27.156128 28.359141 29.567757 28.108013 29.216779 30.338189 31.470893 62.309521 64.830717 67.353325 69.877194 72.402191 82.558841 84.857654 87.169857 89.494411 91.830379 10.160000 7.620000 5.080000 2.540000 0.000000 
