37
# Circuit board instance
Size: large
Nodes: 37
0.000000 90.000000 90.000000 127.279221 82.903241 85.089673 87.295251 89.518559 91.758309 94.013325 96.282534 87.077197 89.161334 91.268570 93.397342 95.546210 97.713848 99.899036 47.482663 47.607140 47.866266 48.257872 48.778769 57.681721 59.976632 62.290570 64.621490 66.967620 69.327414 71.699525 61.395386 63.556344 65.744411 67.956968 70.191699 72.446552 74.719705 
90.000000 0.000000 127.279221 90.000000 85.316665 87.442773 89.590440 91.758152 93.944522 96.148278 98.368249 81.343865 83.571104 85.815720 88.076384 90.351891 92.641147 94.943159 100.815683 98.582141 96.363780 94.161674 91.976991 83.006017 84.616868 86.272435 87.970193 89.707748 91.482831 93.293300 77.204996 78.934320 80.706539 82.518891 84.368789 86.253816 88.171720 
90.000000 127.279221 0.000000 90.000000 46.763200 45.791943 44.943414 44.224677 43.642145 43.201329 42.906596 53.817170 52.975400 52.243673 51.626669 51.128541 50.752790 50.502147 42.542378 42.681264 42.970106 43.405908 43.984302 45.697954 43.601818 41.555230 39.565883 37.642850 35.796822 34.040328 50.304229 48.407964 46.573057 44.807048 43.118403 41.516562 40.011953 
127.279221 90.000000 90.000000 0.000000 50.919377 50.028873 49.253391 48.598437 48.068939 47.669076 47.402131 43.939434 42.904301 41.997469 41.227406 40.601894 40.127693 39.810211 98.585255 96.299995 94.027808 91.769665 89.526630 75.173938 73.918444 72.730015 71.611989 70.567713 69.600506 68.713622 68.714870 67.339059 66.032322 64.798839 63.642867 62.568705 61.580633 
82.903241 85.316665 46.763200 50.919377 0.000000 2.540000 5.080000 7.620000 10.160000 12.700000 15.240000 7.620000 8.032185 9.158100 10.776307 12.700000 14.810618 17.038838 47.883501 45.689430 43.532993 41.420069 39.357667 25.968449 24.156205 22.485270 20.989418 19.708556 18.686945 17.968857 21.567251 19.347047 17.215497 15.209919 13.387052 11.831647 10.661415 
85.089673 87.442773 45.791943 50.028873 2.540000 0.000000 2.540000 5.080000 7.620000 10.160000 12.700000 8.032185 7.620000 8.032185 9.158100 10.776307 12.700000 14.810618 49.183158 47.049733 44.958590 42.915912 40.928955 27.894473 25.968449 24.156205 22.485270 20.989418 19.708556 18.686945 23.851365 21.567251 19.347047 17.215497 15.209919 13.387052 11.831647 
87.295251 89.590440 44.943414 49.253391 5.080000 2.540000 0.000000 2.540000 5.080000 7.620000 10.160000 9.158100 8.032185 7.620000 8.032185 9.158100 10.776307 12.700000 50.577066 48.504988 46.479365 44.506539 42.593848 29.912307 27.894473 25.968449 24.156205 22.485270 20.989418 19.708556 26.182668 23.851365 21.567251 19.347047 17.215497 15.209919 13.387052 
89.518559 91.758152 44.224677 48.598437 7.620000 5.080000 2.540000 0.000000 2.540000 5.080000 7.620000 10.776307 9.158100 8.032185 7.620000 8.032185 9.158100 10.776307 52.057655 50.046915 48.086288 46.182159 44.341805 32.004591 29.912307 27.894473 25.968449 24.156205 22.485270 20.989418 28.549602 26.182668 23.851365 21.567251 19.347047 17.215497 15.209919 
91.758309 93.944522 43.642145 48.068939 10.160000 7.620000 5.080000 2.540000 0.000000 2.540000 5.080000 12.700000 10.776307 9.158100 8.032185 7.620000 8.032185 9.158100 53.617743 51.667752 49.771017 47.933858 46.163390 34.157645 32.004591 29.912307 27.894473 25.968449 24.156205 22.485270 30.943993 28.549602 26.182668 23.851365 21.567251 19.347047 17.215497 
94.013325 96.148278 43.201329 47.669076 12.700000 10.160000 7.620000 5.080000 2.540000 0.000000 2.540000 14.810618 12.700000 10.776307 9.158100 8.032185 7.620000 8.032185 55.250597 53.360311 51.525918 49.753602 48.050232 36.360677 34.157645 32.004591 29.912307 27.894473 25.968449 24.156205 33.359928 30.943993 28.549602 26.182668 23.851365 21.567251 19.347047 
96.282534 98.368249 42.906596 47.402131 15.240000 12.700000 10.160000 7.620000 5.080000 2.540000 0.000000 17.038838 14.810618 12.700000 10.776307 9.158100 8.032185 7.620000 56.949959 55.117984 53.344068 51.634197 49.994941 38.605131 36.360677 34.157645 32.004591 29.912307 27.894473 25.968449 35.793045 33.359928 30.943993 28.549602 26.182668 23.851365 21.567251 
87.077197 81.343865 53.817170 43.939434 7.620000 8.032185 9.158100 10.776307 12.700000 14.810618 17.038838 0.000000 2.540000 5.080000 7.620000 10.160000 12.700000 15.240000 54.645824 52.365550 50.110265 47.883501 45.689430 31.618083 30.147390 28.825860 27.674872 26.716475 25.971999 25.460217 25.968449 24.156205 22.485270 20.989418 19.708556 18.686945 17.968857 
89.161334 83.571104 52.975400 42.904301 8.032185 7.620000 8.032185 9.158100 10.776307 12.700000 14.810618 2.540000 0.000000 2.540000 5.080000 7.620000 10.160000 12.700000 55.788166 53.556551 51.353598 49.183158 47.049733 33.218135 31.618083 30.147390 28.825860 27.674872 26.716475 25.971999 27.894473 25.968449 24.156205 22.485270 20.989418 19.708556 18.686945 
91.268570 85.815720 52.243673 41.997469 9.158100 8.032185 7.620000 8.032185 9.158100 10.776307 12.700000 5.080000 2.540000 0.000000 2.540000 5.080000 7.620000 10.160000 57.020839 54.839408 52.690118 50.577066 48.504988 34.929772 33.218135 31.618083 30.147390 28.825860 27.674872 26.716475 29.912307 27.894473 25.968449 24.156205 22.485270 20.989418 19.708556 
93.397342 88.076384 51.626669 41.227406 10.776307 9.158100 8.032185 7.620000 8.032185 9.158100 10.776307 7.620000 5.080000 2.540000 0.000000 2.540000 5.080000 7.620000 58.338116 56.207833 54.112922 52.057655 50.046915 36.737401 34.929772 33.218135 31.618083 30.147390 28.825860 27.674872 32.004591 29.912307 27.894473 25.968449 24.156205 22.485270 20.989418 
95.546210 90.351891 51.128541 40.601894 12.700000 10.776307 9.158100 8.032185 7.620000 8.032185 9.158100 10.160000 7.620000 5.080000 2.540000 0.000000 2.540000 5.080000 59.734402 57.655732 55.615387 53.617743 51.667752 38.627549 36.737401 34.929772 33.218135 31.618083 30.147390 28.825860 34.157645 32.004591 29.912307 27.894473 25.968449 24.156205 22.485270 
97.713848 92.641147 50.752790 40.127693 14.810618 12.700000 10.776307 9.158100 8.032185 7.620000 8.032185 12.700000 10.160000 7.620000 5.080000 2.540000 0.000000 2.540000 61.204288 59.177273 57.191236 55.250597 53.360311 40.588689 38.627549 36.737401 34.929772 33.218135 31.618083 30.147390 36.360677 34.157645 32.004591 29.912307 27.894473 25.968449 24.156205 
99.899036 94.943159 50.502147 39.810211 17.038838 14.810618 12.700000 10.776307 9.158100 8.032185 7.620000 15.240000 12.700000 10.160000 7.620000 5.080000 2.540000 0.000000 62.742603 60.766923 58.834572 56.949959 55.117984 42.611019 40.588689 38.627549 36.737401 34.929772 33.218135 31.618083 38.605131 36.360677 34.157645 32.004591 29.912307 27.894473 25.968449 
47.482663 100.815683 42.542378 98.585255 47.883501 49.183158 50.577066 52.057655 53.617743 55.250597 56.949959 54.645824 55.788166 57.020839 58.338116 59.734402 61.204288 62.742603 0.000000 2.540000 5.080000 7.620000 10.160000 24.546294 25.127360 25.945155 26.978161 28.202738 29.595116 31.132789 32.071460 32.518336 33.154322 33.968796 34.949283 36.082251 37.353829 
47.607140 98.582141 42.681264 96.299995 45.689430 47.049733 48.504988 50.046915 51.667752 53.360311 55.117984 52.365550 53.556551 54.839408 56.207833 57.655732 59.177273 60.766923 2.540000 0.000000 2.540000 5.080000 7.620000 22.052384 22.697385 23.599537 24.730714 26.061111 27.561894 29.206808 29.557672 30.041965 30.729246 31.606275 32.657769 33.867482 35.219114 
47.866266 96.363780 42.970106 94.027808 43.532993 44.958590 46.479365 48.086288 49.771017 51.525918 53.344068 50.110265 51.353598 52.690118 54.112922 55.615387 57.191236 58.834572 5.080000 2.540000 0.000000 2.540000 5.080000 19.570332 20.294373 21.298555 22.545476 23.997329 25.619295 27.381160 27.048783 27.577171 28.324322 29.273491 30.405765 31.701530 33.141616 
48.257872 94.161674 43.405908 91.769665 41.420069 42.915912 44.506539 46.182159 47.933858 49.753602 51.634197 47.883501 49.183158 50.577066 52.057655 53.617743 55.250597 56.949959 7.620000 5.080000 2.540000 0.000000 2.540000 17.105303 17.929167 19.058382 20.442407 22.033276 23.789530 25.677255 24.546294 25.127360 25.945155 26.978161 28.202738 29.595116 31.132789 
48.778769 91.976991 43.984302 89.526630 39.357667 40.928955 42.593848 44.341805 46.163390 48.050232 49.994941 45.689430 47.049733 48.504988 50.046915 51.667752 53.360311 55.117984 10.160000 7.620000 5.080000 2.540000 0.000000 14.665881 15.618954 16.903213 18.449625 20.198068 22.100643 24.120905 22.052384 22.697385 23.599537 24.730714 26.061111 27.561894 29.206808 
57.681721 83.006017 45.697954 75.173938 25.968449 27.894473 29.912307 32.004591 34.157645 36.360677 38.605131 31.618083 33.218135 34.929772 36.737401 38.627549 40.588689 42.611019 24.546294 22.052384 19.570332 17.105303 14.665881 0.000000 2.540000 5.080000 7.620000 10.160000 12.700000 15.240000 7.620000 8.032185 9.158100 10.776307 12.700000 14.810618 17.038838 
59.976632 84.616868 43.601818 73.918444 24.156205 25.968449 27.894473 29.912307 32.004591 34.157645 36.360677 30.147390 31.618083 33.218135 34.929772 36.737401 38.627549 40.588689 25.127360 22.697385 20.294373 17.929167 15.618954 2.540000 0.000000 2.540000 5.080000 7.620000 10.160000 12.700000 8.032185 7.620000 8.032185 9.158100 10.776307 12.700000 14.810618 
62.290570 86.272435 41.555230 72.730015 22.485270 24.156205 25.968449 27.894473 29.912307 32.004591 34.157645 28.825860 30.147390 31.618083 33.218135 34.929772 36.737401 38.627549 25.945155 23.599537 21.298555 19.058382 16.903213 5.080000 2.540000 0.000000 2.540000 5.080000 7.620000 10.160000 9.158100 8.032185 7.620000 8.032185 9.158100 10.776307 12.700000 
64.621490 87.970193 39.565883 71.611989 20.989418 22.485270 24.156205 25.968449 27.894473 29.912307 32.004591 27.674872 28.825860 30.147390 31.618083 33.218135 34.929772 36.737401 26.978161 24.730714 22.545476 20.442407 18.449625 7.620000 5.080000 2.540000 0.000000 2.540000 5.080000 7.620000 10.776307 9.158100 8.032185 7.620000 8.032185 9.158100 10.776307 
66.967620 89.707748 37.642850 70.567713 19.708556 20.989418 22.485270 24.156205 25.968449 27.894473 29.912307 26.716475 27.674872 28.825860 30.147390 31.618083 33.218135 34.929772 28.202738 26.061111 23.997329 22.033276 20.198068 10.160000 7.620000 5.080000 2.540000 0.000000 2.540000 5.080000 12.700000 10.776307 9.158100 8.032185 7.620000 8.032185 9.158100 
69.327414 91.482831 35.796822 69.600506 18.686945 19.708556 20.989418 22.485270 24.156205 25.968449 27.894473 25.971999 26.716475 27.674872 28.825860 30.147390 31.618083 33.218135 29.595116 27.561894 25.619295 23.789530 22.100643 12.700000 10.160000 7.620000 5.080000 2.540000 0.000000 2.540000 14.810618 12.700000 10.776307 9.158100 8.032185 7.620000 8.032185 
71.699525 93.293300 34.040328 68.713622 17.968857 18.686945 19.708556 20.989418 22.485270 24.156205 25.968449 25.460217 25.971999 26.716475 27.674872 28.825860 30.147390 31.618083 31.132789 29.206808 27.381160 25.677255 24.120905 15.240000 12.700000 10.160000 7.620000 5.080000 2.540000 0.000000 17.038838 14.810618 12.700000 10.776307 9.158100 8.032185 7.620000 
61.395386 77.204996 50.304229 68.714870 21.567251 23.851365 26.182668 28.549602 30.943993 33.359928 35.793045 25.968449 27.894473 29.912307 32.004591 34.157645 36.360677 38.605131 32.071460 29.557672 27.048783 24.546294 22.052384 7.620000 8.032185 9.158100 10.776307 12.700000 14.810618 17.038838 0.000000 2.540000 5.080000 7.620000 10.160000 12.700000 15.240000 
63.556344 78.934320 48.407964 67.339059 19.347047 21.567251 23.851365 26.182668 28.549602 30.943993 33.359928 24.156205 25.968449 27.894473 29.912307 32.004591 34.157645 36.360677 32.518336 30.041965 27.577171 25.127360 22.697385 8.032185 7.620000 8.032185 9.158100 10.776307 12.700000 14.810618 2.540000 0.000000 2.540000 5.080000 7.620000 10.160000 12.700000 
65.744411 80.706539 46.573057 66.032322 17.215497 19.347047 21.567251 23.851365 26.182668 28.549602 30.943993 22.485270 24.156205 25.968449 27.894473 29.912307 32.004591 34.157645 33.154322 30.729246 28.324322 25.945155 23.599537 9.158100 8.032185 7.620000 8.032185 9.158100 10.776307 12.700000 5.080000 2.540000 0.000000 2.540000 5.080000 7.620000 10.160000 
67.956968 82.518891 44.807048 64.798839 15.209919 17.215497 19.347047 21.567251 23.851365 26.182668 28.549602 20.989418 22.485270 24.156205 25.968449 27.894473 29.912307 32.004591 33.968796 31.606275 29.273491 26.978161 24.730714 10.776307 9.158100 8.032185 7.620000 8.032185 9.158100 10.776307 7.620000 5.080000 2.540000 0.000000 2.540000 5.080000 7.620000 
70.191699 84.368789 43.118403 63.642867 13.387052 15.209919 17.215497 19.347047 21.567251 23.851365 26.182668 19.708556 20.989418 22.485270 24.156205 25.968449 27.894473 29.912307 34.949283 32.657769 30.405765 28.202738 26.061111 12.700000 10.776307 9.158100 8.032185 7.620000 8.032185 9.158100 10.160000 7.620000 5.080000 2.540000 0.000000 2.540000 5.080000 
72.446552 86.253816 41.516562 62.568705 11.831647 13.387052 15.209919 17.215497 19.347047 21.567251 23.851365 18.686945 19.708556 20.989418 22.485270 24.156205 25.968449 27.894473 36.082251 33.867482 31.701530 29.595116 27.561894 14.810618 12.700000 10.776307 9.158100 8.032185 7.620000 8.032185 12.700000 10.160000 7.620000 5.080000 2.540000 0.000000 2.540000 
74.719705 88.171720 40.011953 61.580633 10.661415 11.831647 13.387052 15.209919 17.215497 19.347047 21.567251 17.968857 18.686945 19.708556 20.989418 22.485270 24.156205 25.968449 37.353829 35.219114 33.141616 31.132789 29.206808 17.038838 14.810618 12.700000 10.776307 9.158100 8.032185 7.620000 15.240000 12.700000 10.160000 7.620000 5.080000 2.540000 0.000000 
