44
# Circuit board instance
Size: large
Nodes: 44
0.000000 140.000000 140.000000 197.989899 26.099140 28.628082 31.158823 33.690958 36.224194 38.758315 41.293159 27.893697 30.273095 32.676681 35.099485 37.537786 39.988750 42.450184 99.716009 101.341364 103.003714 104.701295 106.432422 112.227721 112.326824 112.440186 112.567762 117.294962 117.389788 117.498264 117.620355 113.143111 114.388729 115.634878 116.881540 114.247841 115.481544 116.716025 117.951260 65.684855 67.856114 70.052177 72.270782 74.509916 
140.000000 0.000000 197.989899 140.000000 139.884864 140.378692 140.916580 141.498024 142.122491 142.789415 143.498206 132.404941 132.926560 133.494478 134.108105 134.766819 135.469961 136.216843 109.026836 107.249432 105.503240 103.789834 102.110866 29.219678 29.598036 30.025384 30.499662 24.381067 24.833255 25.341083 25.901278 161.831942 162.705241 163.583737 164.467347 158.172005 159.065398 159.963885 160.867379 91.041149 88.697479 86.364912 84.044372 81.736884 
140.000000 197.989899 0.000000 140.000000 114.053979 111.514627 108.975306 106.436016 103.896762 101.357545 98.818368 114.477960 111.948226 109.418967 106.890218 104.362016 101.834400 99.307417 88.963535 90.781608 92.633651 94.517667 96.431782 172.972976 172.006699 171.044394 170.086126 176.302857 175.354930 174.411099 173.471430 36.554899 35.553881 34.570536 33.606418 39.843019 38.926648 38.030612 37.156384 119.225737 120.435578 121.686415 122.976998 124.306089 
197.989899 140.000000 140.000000 0.000000 178.591490 176.980570 175.391640 173.825302 172.282173 170.762883 169.268072 172.795293 171.129820 169.486048 167.864615 166.266174 164.691394 163.140961 99.287860 97.332774 95.405250 93.506994 91.639823 134.827219 133.585302 132.343919 131.103084 133.861965 132.611009 131.360419 130.110205 121.344446 121.046654 120.761484 120.489025 116.418556 116.108130 115.810800 115.526667 134.865737 133.294857 131.754219 130.244895 128.767986 
26.099140 139.884864 114.053979 178.591490 0.000000 2.540000 5.080000 7.620000 10.160000 12.700000 15.240000 7.620000 8.032185 9.158100 10.776307 12.700000 14.810618 17.038838 79.311370 81.265861 83.251968 85.267481 87.310365 110.831827 110.634410 110.451245 110.282401 115.848413 115.659559 115.484364 115.322890 87.211874 88.449724 89.688472 90.928082 88.494241 89.714398 90.935920 92.158753 53.960009 56.468502 58.979692 61.493248 64.008892 
28.628082 140.378692 111.514627 176.980570 2.540000 0.000000 2.540000 5.080000 7.620000 10.160000 12.700000 8.032185 7.620000 8.032185 9.158100 10.776307 12.700000 14.810618 77.693550 79.687731 81.712205 83.764776 85.843427 111.269103 111.043418 110.831827 110.634410 116.266824 116.050858 115.848413 115.659559 84.739030 85.974963 87.211874 88.449724 86.058253 87.275506 88.494241 89.714398 53.610669 56.134775 58.660253 61.186933 63.714673 
31.158823 140.916580 108.975306 175.391640 5.080000 2.540000 0.000000 2.540000 5.080000 7.620000 10.160000 9.158100 8.032185 7.620000 8.032185 9.158100 10.776307 12.700000 76.126113 78.160296 80.223325 82.313031 84.427433 111.762409 111.508797 111.269103 111.043418 116.739012 116.496235 116.266824 116.050858 82.270278 83.504120 84.739030 85.974963 83.628454 84.842547 86.058253 87.275506 53.380037 55.914555 58.449549 60.984959 63.520737 
33.690958 141.498024 106.436016 173.825302 7.620000 5.080000 2.540000 0.000000 2.540000 5.080000 7.620000 10.776307 9.158100 8.032185 7.620000 8.032185 9.158100 10.776307 74.612236 76.686587 78.788213 80.914991 83.064987 112.311005 112.029845 111.762409 111.508797 117.264329 116.995073 116.739012 116.496235 79.805998 81.037554 82.270278 83.504120 81.205400 82.416047 83.628454 84.842547 53.269653 55.809185 58.348757 60.888365 63.428004 
36.224194 142.122491 103.896762 172.282173 10.160000 7.620000 5.080000 2.540000 0.000000 2.540000 5.080000 12.700000 10.776307 9.158100 8.032185 7.620000 8.032185 9.158100 73.155243 75.269758 77.409860 79.573485 81.758767 112.914087 112.605788 112.311005 112.029845 117.842064 117.546691 117.264329 116.995073 77.346617 78.575667 79.805998 81.037554 78.789713 79.996594 81.205400 82.416047 53.280267 55.819315 58.358447 60.897650 63.436918 
38.758315 142.789415 101.357545 170.762883 12.700000 10.160000 7.620000 5.080000 2.540000 0.000000 2.540000 14.810618 12.700000 10.776307 9.158100 8.032185 7.620000 8.032185 71.758600 73.913081 76.091349 78.291421 80.511509 113.570786 113.235791 112.914087 112.605788 118.471450 118.150350 117.842064 117.546691 74.892618 76.118912 77.346617 78.575667 76.382091 77.584847 78.789713 79.996594 53.411805 55.944884 58.478563 61.012768 63.547436 
41.293159 143.498206 98.818368 169.268072 15.240000 12.700000 10.160000 7.620000 5.080000 2.540000 0.000000 17.038838 14.810618 12.700000 10.776307 9.158100 8.032185 7.620000 70.425897 72.619926 74.835845 77.071765 79.325994 114.280177 113.918955 113.570786 113.235791 119.151667 118.805257 118.471450 118.150350 72.444548 73.667805 74.892618 76.118912 73.983323 75.181548 76.382091 77.584847 53.663378 56.185116 58.708429 61.233121 63.759030 
27.893697 132.404941 114.477960 172.795293 7.620000 8.032185 9.158100 10.776307 12.700000 14.810618 17.038838 0.000000 2.540000 5.080000 7.620000 10.160000 12.700000 15.240000 73.662557 75.507016 77.390890 79.311370 81.265861 103.318567 103.106766 102.910204 102.728967 108.325750 108.123758 107.936332 107.763548 85.817863 87.075531 88.333553 89.591912 86.675291 87.920695 89.166793 90.413556 46.455079 48.952772 51.454608 53.960009 56.468502 
30.273095 132.926560 111.948226 171.129820 8.032185 7.620000 8.032185 9.158100 10.776307 12.700000 14.810618 2.540000 0.000000 2.540000 5.080000 7.620000 10.160000 12.700000 71.917776 73.805851 75.732055 77.693550 79.687731 103.787503 103.545513 103.318567 103.106766 108.773102 108.542227 108.325750 108.123758 83.303648 84.560563 85.817863 87.075531 84.186687 85.430611 86.675291 87.920695 46.048840 48.567429 51.088139 53.610669 56.134775 
32.676681 133.494478 109.418967 169.486048 9.158100 8.032185 7.620000 8.032185 9.158100 10.776307 12.700000 5.080000 2.540000 0.000000 2.540000 5.080000 7.620000 10.160000 70.221535 72.154010 74.123151 76.126113 78.160296 104.316195 104.044434 103.787503 103.545513 109.277675 109.018283 108.773102 108.542227 80.791047 82.047137 83.303648 84.560563 81.701247 82.943554 84.186687 85.430611 45.780128 48.312728 50.846065 53.380037 55.914555 
35.099485 134.108105 106.890218 167.864615 10.776307 9.158100 8.032185 7.620000 8.032185 9.158100 10.776307 7.620000 5.080000 2.540000 0.000000 2.540000 5.080000 7.620000 68.577435 70.554956 72.567501 74.612236 76.686587 104.903739 104.602670 104.316195 104.044434 109.838683 109.551177 109.277675 109.018283 78.280214 79.535399 80.791047 82.047137 79.219267 80.459804 81.701247 82.943554 45.651372 48.190739 50.730169 53.269653 55.809185 
37.537786 134.766819 104.362016 166.266174 12.700000 10.776307 9.158100 8.032185 7.620000 8.032185 9.158100 10.160000 7.620000 5.080000 2.540000 0.000000 2.540000 5.080000 66.989316 69.012359 71.068601 73.155243 75.269758 105.549153 105.219277 104.903739 104.602670 110.455264 110.140083 109.838683 109.551177 75.771325 77.025515 78.280214 79.535399 76.741085 77.979679 79.219267 80.459804 45.663756 48.202471 50.741314 53.280267 55.819315 
39.988750 135.469961 101.834400 164.691394 14.810618 12.700000 10.776307 9.158100 8.032185 7.620000 8.032185 12.700000 10.160000 7.620000 5.080000 2.540000 0.000000 2.540000 65.461252 67.530088 69.630116 71.758600 73.913081 106.251381 105.893233 105.549153 105.219277 111.126494 110.784108 110.455264 110.140083 73.264581 74.517672 75.771325 77.025515 74.267080 75.503535 76.741085 77.979679 45.817166 48.347826 50.879416 53.411805 55.944884 
42.450184 136.216843 99.307417 163.140961 17.038838 14.810618 12.700000 10.776307 9.158100 8.032185 7.620000 15.240000 12.700000 10.160000 7.620000 5.080000 2.540000 0.000000 63.997545 66.112200 68.255867 70.425897 72.619926 107.009305 106.623453 106.251381 105.893233 111.851389 111.482297 111.126494 110.784108 70.760208 72.012082 73.264581 74.517672 71.797684 73.031777 74.267080 75.503535 46.110194 48.625606 51.143448 53.663378 56.185116 
99.716009 109.026836 88.963535 99.287860 79.311370 77.693550 76.126113 74.612236 73.155243 71.758600 70.425897 73.662557 71.917776 70.221535 68.577435 66.989316 65.461252 63.997545 0.000000 2.540000 5.080000 7.620000 10.160000 84.653212 83.619475 82.592328 81.572020 87.684302 86.686718 85.696343 84.713429 52.975766 53.792618 54.626783 55.477481 49.162598 50.041732 50.937360 51.848628 43.216470 42.863472 42.659047 42.605336 42.702906 
101.341364 107.249432 90.781608 97.332774 81.265861 79.687731 78.160296 76.686587 75.269758 73.913081 72.619926 75.507016 73.805851 72.154010 70.554956 69.012359 67.530088 66.112200 2.540000 0.000000 2.540000 5.080000 7.620000 83.212594 82.160733 81.115116 80.075989 86.144646 85.129021 84.120309 83.118759 54.959276 55.747071 56.552415 57.374568 51.041599 51.888908 52.753184 53.633608 43.714443 43.216470 42.863472 42.659047 42.605336 
103.003714 105.503240 92.633651 95.405250 83.251968 81.712205 80.223325 78.788213 77.409860 76.091349 74.835845 77.390890 75.732055 74.123151 72.567501 71.068601 69.630116 68.255867 5.080000 2.540000 0.000000 2.540000 5.080000 81.825476 80.755549 79.691498 78.633559 84.653212 83.619475 82.592328 81.572020 56.986975 57.747115 58.524943 59.319764 52.975766 53.792618 54.626783 55.477481 44.352508 43.714443 43.216470 42.863472 42.659047 
104.701295 103.789834 94.517667 93.506994 85.267481 83.764776 82.313031 80.914991 79.573485 78.291421 77.071765 79.311370 77.693550 76.126113 74.612236 73.155243 71.758600 70.425897 7.620000 5.080000 2.540000 0.000000 2.540000 80.494623 79.406767 78.324394 77.247735 83.212594 82.160733 81.115116 80.075989 59.054313 59.788175 60.539785 61.308491 54.959276 55.747071 56.552415 57.374568 45.124723 44.352508 43.714443 43.216470 42.863472 
106.432422 102.110866 96.431782 91.639823 87.310365 85.843427 84.427433 83.064987 81.758767 80.511509 79.325994 81.265861 79.687731 78.160296 76.686587 75.269758 73.913081 72.619926 10.160000 7.620000 5.080000 2.540000 0.000000 79.222872 78.117308 77.016815 75.921615 81.825476 80.755549 79.691498 78.633559 61.157270 61.866191 62.592853 63.336647 56.986975 57.747115 58.524943 59.319764 46.024336 45.124723 44.352508 43.714443 43.216470 
112.227721 29.219678 172.972976 134.827219 110.831827 111.269103 111.762409 112.311005 112.914087 113.570786 114.280177 103.318567 103.787503 104.316195 104.903739 105.549153 106.251381 107.009305 84.653212 83.212594 81.825476 80.494623 79.222872 0.000000 1.270000 2.540000 3.810000 5.080000 5.236344 5.679613 6.350000 136.479863 137.439184 138.403511 139.372737 133.194286 134.177101 135.164703 136.156986 62.074048 59.787283 57.521772 55.280128 53.065375 
112.326824 29.598036 172.006699 133.585302 110.634410 111.043418 111.508797 112.029845 112.605788 113.235791 113.918955 103.106766 103.545513 104.044434 104.602670 105.219277 105.893233 106.623453 83.619475 82.160733 80.755549 79.406767 78.117308 1.270000 0.000000 1.270000 2.540000 5.236344 5.080000 5.236344 5.679613 135.525651 136.479863 137.439184 138.403511 132.216365 133.194286 134.177101 135.164703 61.542272 59.234981 56.947503 54.682322 52.442328 
112.440186 30.025384 171.044394 132.343919 110.451245 110.831827 111.269103 111.762409 112.311005 112.914087 113.570786 102.910204 103.318567 103.787503 104.316195 104.903739 105.549153 106.251381 82.592328 81.115116 79.691498 78.324394 77.016815 2.540000 1.270000 0.000000 1.270000 5.679613 5.236344 5.080000 5.236344 134.576659 135.525651 136.479863 137.439184 131.243447 132.216365 133.194286 134.177101 61.032293 58.704962 56.395990 54.107725 51.842910 
112.567762 30.499662 170.086126 131.103084 110.282401 110.634410 111.043418 111.508797 112.029845 112.605788 113.235791 102.728967 103.106766 103.545513 104.044434 104.602670 105.219277 105.893233 81.572020 80.075989 78.633559 77.247735 75.921615 3.810000 2.540000 1.270000 0.000000 6.350000 5.679613 5.236344 5.080000 133.632998 134.576659 135.525651 136.479863 130.275643 131.243447 132.216365 133.194286 60.544662 58.197835 55.867907 53.557084 51.267950 
117.294962 24.381067 176.302857 133.861965 115.848413 116.266824 116.739012 117.264329 117.842064 118.471450 119.151667 108.325750 108.773102 109.277675 109.838683 110.455264 111.126494 111.851389 87.684302 86.144646 84.653212 83.212594 81.825476 5.080000 5.236344 5.679613 6.350000 0.000000 1.270000 2.540000 3.810000 139.872802 140.809009 141.750413 142.696908 136.479863 137.439184 138.403511 139.372737 66.702574 64.379801 62.074048 59.787283 57.521772 
117.389788 24.833255 175.354930 132.611009 115.659559 116.050858 116.496235 116.995073 117.546691 118.150350 118.805257 108.123758 108.542227 109.018283 109.551177 110.140083 110.784108 111.482297 86.686718 85.129021 83.619475 82.160733 80.755549 5.236344 5.080000 5.236344 5.679613 1.270000 0.000000 1.270000 2.540000 138.941894 139.872802 140.809009 141.750413 135.525651 136.479863 137.439184 138.403511 66.207984 63.867226 61.542272 59.234981 56.947503 
117.498264 25.341083 174.411099 131.360419 115.484364 115.848413 116.266824 116.739012 117.264329 117.842064 118.471450 107.936332 108.325750 108.773102 109.277675 109.838683 110.455264 111.126494 85.696343 84.120309 82.592328 81.115116 79.691498 5.679613 5.236344 5.080000 5.236344 2.540000 1.270000 0.000000 1.270000 138.016394 138.941894 139.872802 140.809009 134.576659 135.525651 136.479863 137.439184 65.734212 63.375959 61.032293 58.704962 56.395990 
117.620355 25.901278 173.471430 130.110205 115.322890 115.659559 116.050858 116.496235 116.995073 117.546691 118.150350 107.763548 108.123758 108.542227 109.018283 109.551177 110.140083 110.784108 84.713429 83.118759 81.572020 80.075989 78.633559 6.350000 5.679613 5.236344 5.080000 3.810000 2.540000 1.270000 0.000000 137.096411 138.016394 138.941894 139.872802 133.632998 134.576659 135.525651 136.479863 65.281713 62.906498 60.544662 58.197835 55.867907 
113.143111 161.831942 36.554899 121.344446 87.211874 84.739030 82.270278 79.805998 77.346617 74.892618 72.444548 85.817863 83.303648 80.791047 78.280214 75.771325 73.264581 70.760208 52.975766 54.959276 56.986975 59.054313 61.157270 136.479863 135.525651 134.576659 133.632998 139.872802 138.941894 138.016394 137.096411 0.000000 1.270000 2.540000 3.810000 5.080000 5.236344 5.679613 6.350000 83.384026 84.440205 85.558775 86.737321 87.973433 
114.388729 162.705241 35.553881 121.046654 88.449724 85.974963 83.504120 81.037554 78.575667 76.118912 73.667805 87.075531 84.560563 82.047137 79.535399 77.025515 74.517672 72.012082 53.792618 55.747071 57.747115 59.788175 61.866191 137.439184 136.479863 135.525651 134.576659 140.809009 139.872802 138.941894 138.016394 1.270000 0.000000 1.270000 2.540000 5.236344 5.080000 5.236344 5.679613 84.547757 85.589577 86.693318 87.856646 89.077227 
115.634878 163.583737 34.570536 120.761484 89.688472 87.211874 84.739030 82.270278 79.805998 77.346617 74.892618 88.333553 85.817863 83.303648 80.791047 78.280214 75.771325 73.264581 54.626783 56.552415 58.524943 60.539785 62.592853 138.403511 137.439184 136.479863 135.525651 141.750413 140.809009 139.872802 138.941894 2.540000 1.270000 0.000000 1.270000 5.679613 5.236344 5.080000 5.236344 85.714505 86.742313 87.831569 88.980017 90.185396 
116.881540 164.467347 33.606418 120.489025 90.928082 88.449724 85.974963 83.504120 81.037554 78.575667 76.118912 89.591912 87.075531 84.560563 82.047137 79.535399 77.025515 74.517672 55.477481 57.374568 59.319764 61.308491 63.336647 139.372737 138.403511 137.439184 136.479863 142.696908 141.750413 140.809009 139.872802 3.810000 2.540000 1.270000 0.000000 6.350000 5.679613 5.236344 5.080000 86.884149 87.898281 88.973387 90.107283 91.297780 
114.247841 158.172005 39.843019 116.418556 88.494241 86.058253 83.628454 81.205400 78.789713 76.382091 73.983323 86.675291 84.186687 81.701247 79.219267 76.741085 74.267080 71.797684 49.162598 51.041599 52.975766 54.959276 56.986975 133.194286 132.216365 131.243447 130.275643 136.479863 135.525651 134.576659 133.632998 5.080000 5.236344 5.679613 6.350000 0.000000 1.270000 2.540000 3.810000 81.468401 82.392636 83.384026 84.440205 85.558775 
115.481544 159.065398 38.926648 116.108130 89.714398 87.275506 84.842547 82.416047 79.996594 77.584847 75.181548 87.920695 85.430611 82.943554 80.459804 77.979679 75.503535 73.031777 50.041732 51.888908 53.792618 55.747071 57.747115 134.177101 133.194286 132.216365 131.243447 137.439184 136.479863 135.525651 134.576659 5.236344 5.080000 5.236344 5.679613 1.270000 0.000000 1.270000 2.540000 82.659106 83.570173 84.547757 85.589577 86.693318 
116.716025 159.963885 38.030612 115.810800 90.935920 88.494241 86.058253 83.628454 81.205400 78.789713 76.382091 89.166793 86.675291 84.186687 81.701247 79.219267 76.741085 74.267080 50.937360 52.753184 54.626783 56.552415 58.524943 135.164703 134.177101 133.194286 132.216365 138.403511 137.439184 136.479863 135.525651 5.679613 5.236344 5.080000 5.236344 2.540000 1.270000 0.000000 1.270000 83.852137 84.750381 85.714505 86.742313 87.831569 
117.951260 160.867379 37.156384 115.526667 92.158753 89.714398 87.275506 84.842547 82.416047 79.996594 77.584847 90.413556 87.920695 85.430611 82.943554 80.459804 77.979679 75.503535 51.848628 53.633608 55.477481 57.374568 59.319764 136.156986 135.164703 134.177101 133.194286 139.372737 138.403511 137.439184 136.479863 6.350000 5.679613 5.236344 5.080000 3.810000 2.540000 1.270000 0.000000 85.047398 85.933149 86.884149 87.898281 88.973387 
65.684855 91.041149 119.225737 134.865737 53.960009 53.610669 53.380037 53.269653 53.280267 53.411805 53.663378 46.455079 46.048840 45.780128 45.651372 45.663756 45.817166 46.110194 43.216470 43.714443 44.352508 45.124723 46.024336 62.074048 61.542272 61.032293 60.544662 66.702574 66.207984 65.734212 65.281713 83.384026 84.547757 85.714505 86.884149 81.468401 82.659106 83.852137 85.047398 0.000000 2.540000 5.080000 7.620000 10.160000 
67.856114 88.697479 120.435578 133.294857 56.468502 56.134775 55.914555 55.809185 55.819315 55.944884 56.185116 48.952772 48.567429 48.312728 48.190739 48.202471 48.347826 48.625606 42.863472 43.216470 43.714443 44.352508 45.124723 59.787283 59.234981 58.704962 58.197835 64.379801 63.867226 63.375959 62.906498 84.440205 85.589577 86.742313 87.898281 82.392636 83.570173 84.750381 85.933149 2.540000 0.000000 2.540000 5.080000 7.620000 
70.052177 86.364912 121.686415 131.754219 58.979692 58.660253 58.449549 58.348757 58.358447 58.478563 58.708429 51.454608 51.088139 50.846065 50.730169 50.741314 50.879416 51.143448 42.659047 42.863472 43.216470 43.714443 44.352508 57.521772 56.947503 56.395990 55.867907 62.074048 61.542272 61.032293 60.544662 85.558775 86.693318 87.831569 88.973387 83.384026 84.547757 85.714505 86.884149 5.080000 2.540000 0.000000 2.540000 5.080000 
72.270782 84.044372 122.976998 130.244895 61.493248 61.186933 60.984959 60.888365 60.897650 61.012768 61.233121 53.960009 53.610669 53.380037 53.269653 53.280267 53.411805 53.663378 42.605336 42.659047 42.863472 43.216470 43.714443 55.280128 54.682322 54.107725 53.557084 59.787283 59.234981 58.704962 58.197835 86.737321 87.856646 88.980017 90.107283 84.440205 85.589577 86.742313 87.898281 7.620000 5.080000 2.540000 0.000000 2.540000 
74.509916 81.736884 124.306089 128.767986 64.008892 63.714673 63.520737 63.428004 63.436918 63.547436 63.759030 56.468502 56.134775 55.914555 55.809185 55.819315 55.944884 56.185116 42.702906 42.605336 42.659047 42.863472 43.216470 53.065375 52.442328 51.842910 51.267950 57.521772 56.947503 56.395990 55.867907 87.973433 89.077227 90.185396 91.297780 85.558775 86.693318 87.831569 88.973387 10.160000 7.620000 5.080000 2.540000 0.000000 
