37
# Circuit board instance
Size: large
Nodes: 37
0.000000 90.000000 90.000000 127.279221 45.120154 47.399228 49.703607 52.029929 54.375377 88.704183 90.611840 92.549890 94.516464 96.509819 98.528327 100.570477 93.960436 95.763443 97.599250 99.466042 101.362106 103.285830 105.235698 24.122562 25.988992 27.961770 30.019938 32.147099 34.330430 36.559870 29.977092 31.498504 33.144964 34.898778 36.744578 38.669193 40.661434 
90.000000 0.000000 127.279221 90.000000 53.787199 51.446295 49.125177 46.826787 44.554642 72.897851 75.207514 77.531586 79.868809 82.218062 84.578342 86.948751 70.018770 72.420312 74.830998 77.249972 79.676478 82.109849 84.549493 75.012101 75.632962 76.333334 77.111049 77.963794 78.889135 79.884550 67.616147 68.304268 69.078983 69.937415 70.876521 71.893141 72.984036 
90.000000 127.279221 0.000000 90.000000 80.381344 81.682428 83.040838 84.453808 85.918646 63.846063 62.938010 62.120607 61.397472 60.771973 60.247148 59.825649 70.967959 70.152153 69.419747 68.773404 68.215571 67.748434 67.373881 74.809451 72.337982 69.871429 67.410330 64.955307 62.507075 60.066464 76.897218 74.495045 72.102321 69.720017 67.349239 64.991249 62.647491 
127.279221 90.000000 90.000000 0.000000 85.547617 84.095502 82.695920 81.351583 80.065275 39.012617 37.508102 36.119723 34.861357 33.747552 32.793040 32.012075 33.324402 31.549789 29.885880 28.352172 26.970887 25.766547 24.764983 103.157022 101.378997 99.633999 97.923796 96.250243 94.615283 93.020951 97.910670 96.035561 94.191623 92.380723 90.604841 88.866078 87.166653 
45.120154 53.787199 80.381344 85.547617 0.000000 2.540000 5.080000 7.620000 10.160000 49.430461 51.785487 54.157234 56.543598 58.942805 61.353347 63.773939 52.823112 55.033147 57.270556 59.532253 61.815572 64.118202 66.438137 23.494071 23.276464 23.334938 23.667449 24.262731 25.102098 26.162067 15.983699 15.662088 15.748860 16.237469 17.093490 18.265338 19.696725 
47.399228 51.446295 81.682428 84.095502 2.540000 0.000000 2.540000 5.080000 7.620000 48.513297 50.910766 53.321436 55.743592 58.175801 60.616852 63.065719 51.592064 53.852643 56.137123 58.442699 60.766971 63.107874 65.463623 26.011703 25.815326 25.868063 26.168406 26.708004 27.472762 28.444526 18.477184 18.199690 18.274417 18.697142 19.445182 20.482927 21.768985 
49.703607 49.125177 83.040838 82.695920 5.080000 2.540000 0.000000 2.540000 5.080000 47.713863 50.149565 52.595135 55.049257 57.510838 59.978958 62.452843 50.458935 52.768080 55.097547 57.444862 59.807925 62.184941 64.574368 28.533300 28.354393 28.402415 28.676227 29.169470 29.871277 30.767378 20.981831 20.737879 20.803491 21.175789 21.839094 22.767987 23.931561 
52.029929 46.826787 84.453808 81.351583 7.620000 5.080000 2.540000 0.000000 2.540000 47.038161 49.507118 51.982921 54.464637 56.951492 59.442841 61.938143 49.430461 51.785487 54.157234 56.543598 58.942805 61.353347 63.773939 31.057896 30.893613 30.937694 31.189256 31.643351 32.291437 33.122127 23.494071 23.276464 23.334938 23.667449 24.262731 25.102098 26.162067 
54.375377 44.554642 85.918646 80.065275 10.160000 7.620000 5.080000 2.540000 0.000000 46.491588 48.988100 51.488865 53.993294 56.500899 59.011274 61.524082 48.513297 50.910766 53.321436 55.743592 58.175801 60.616852 63.065719 33.584815 33.432951 33.473688 33.706329 34.126948 34.728717 35.502425 26.011703 25.815326 25.868063 26.168406 26.708004 27.472762 28.444526 
88.704183 72.897851 63.846063 39.012617 49.430461 48.513297 47.713863 47.038161 46.491588 0.000000 2.540000 5.080000 7.620000 10.160000 12.700000 15.240000 7.620000 8.032185 9.158100 10.776307 12.700000 14.810618 17.038838 64.622849 62.721770 60.867327 59.063913 57.316343 55.629883 54.010256 59.923064 57.867793 55.852418 53.881414 51.959833 50.093362 48.288391 
90.611840 75.207514 62.938010 37.508102 51.785487 50.910766 50.149565 49.507118 48.988100 2.540000 0.000000 2.540000 5.080000 7.620000 10.160000 12.700000 8.032185 7.620000 8.032185 9.158100 10.776307 12.700000 14.810618 66.566568 64.622849 62.721770 60.867327 59.063913 57.316343 55.629883 62.014264 59.923064 57.867793 55.852418 53.881414 51.959833 50.093362 
92.549890 77.531586 62.120607 36.119723 54.157234 53.321436 52.595135 51.982921 51.488865 5.080000 2.540000 0.000000 2.540000 5.080000 7.620000 10.160000 9.158100 8.032185 7.620000 8.032185 9.158100 10.776307 12.700000 68.549300 66.566568 64.622849 62.721770 60.867327 59.063913 57.316343 64.137879 62.014264 59.923064 57.867793 55.852418 53.881414 51.959833 
94.516464 79.868809 61.397472 34.861357 56.543598 55.743592 55.049257 54.464637 53.993294 7.620000 5.080000 2.540000 0.000000 2.540000 5.080000 7.620000 10.776307 9.158100 8.032185 7.620000 8.032185 9.158100 10.776307 70.567757 68.549300 66.566568 64.622849 62.721770 60.867327 59.063913 66.290794 64.137879 62.014264 59.923064 57.867793 55.852418 53.881414 
96.509819 82.218062 60.771973 33.747552 58.942805 58.175801 57.510838 56.951492 56.500899 10.160000 7.620000 5.080000 2.540000 0.000000 2.540000 5.080000 12.700000 10.776307 9.158100 8.032185 7.620000 8.032185 9.158100 72.618959 70.567757 68.549300 66.566568 64.622849 62.721770 60.867327 68.470244 66.290794 64.137879 62.014264 59.923064 57.867793 55.852418 
98.528327 84.578342 60.247148 32.793040 61.353347 60.616852 59.978958 59.442841 59.011274 12.700000 10.160000 7.620000 5.080000 2.540000 0.000000 2.540000 14.810618 12.700000 10.776307 9.158100 8.032185 7.620000 8.032185 74.700210 72.618959 70.567757 68.549300 66.566568 64.622849 62.721770 70.673775 68.470244 66.290794 64.137879 62.014264 59.923064 57.867793 
100.570477 86.948751 59.825649 32.012075 63.773939 63.065719 62.452843 61.938143 61.524082 15.240000 12.700000 10.160000 7.620000 5.080000 2.540000 0.000000 17.038838 14.810618 12.700000 10.776307 9.158100 8.032185 7.620000 76.809067 74.700210 72.618959 70.567757 68.549300 66.566568 64.622849 72.899203 70.673775 68.470244 66.290794 64.137879 62.014264 59.923064 
93.960436 70.018770 70.967959 33.324402 52.823112 51.592064 50.458935 49.430461 48.513297 7.620000 8.032185 9.158100 10.776307 12.700000 14.810618 17.038838 0.000000 2.540000 5.080000 7.620000 10.160000 12.700000 15.240000 69.839677 68.084420 66.379962 64.730314 63.139774 61.612918 60.154597 64.622849 62.721770 60.867327 59.063913 57.316343 55.629883 54.010256 
95.763443 72.420312 70.152153 31.549789 55.033147 53.852643 52.768080 51.785487 50.910766 8.032185 7.620000 8.032185 9.158100 10.776307 12.700000 14.810618 2.540000 0.000000 2.540000 5.080000 7.620000 10.160000 12.700000 71.641997 69.839677 68.084420 66.379962 64.730314 63.139774 61.612918 66.566568 64.622849 62.721770 60.867327 59.063913 57.316343 55.629883 
97.599250 74.830998 69.419747 29.885880 57.270556 56.137123 55.097547 54.157234 53.321436 9.158100 8.032185 7.620000 8.032185 9.158100 10.776307 12.700000 5.080000 2.540000 0.000000 2.540000 5.080000 7.620000 10.160000 73.487920 71.641997 69.839677 68.084420 66.379962 64.730314 63.139774 68.549300 66.566568 64.622849 62.721770 60.867327 59.063913 57.316343 
99.466042 77.249972 68.773404 28.352172 59.532253 58.442699 57.444862 56.543598 55.743592 10.776307 9.158100 8.032185 7.620000 8.032185 9.158100 10.776307 7.620000 5.080000 2.540000 0.000000 2.540000 5.080000 7.620000 75.374240 73.487920 71.641997 69.839677 68.084420 66.379962 64.730314 70.567757 68.549300 66.566568 64.622849 62.721770 60.867327 59.063913 
101.362106 79.676478 68.215571 26.970887 61.815572 60.766971 59.807925 58.942805 58.175801 12.700000 10.776307 9.158100 8.032185 7.620000 8.032185 9.158100 10.160000 7.620000 5.080000 2.540000 0.000000 2.540000 5.080000 77.298002 75.374240 73.487920 71.641997 69.839677 68.084420 66.379962 72.618959 70.567757 68.549300 66.566568 64.622849 62.721770 60.867327 
103.285830 82.109849 67.748434 25.766547 64.118202 63.107874 62.184941 61.353347 60.616852 14.810618 12.700000 10.776307 9.158100 8.032185 7.620000 8.032185 12.700000 10.160000 7.620000 5.080000 2.540000 0.000000 2.540000 79.256477 77.298002 75.374240 73.487920 71.641997 69.839677 68.084420 74.700210 72.618959 70.567757 68.549300 66.566568 64.622849 62.721770 
105.235698 84.549493 67.373881 24.764983 66.438137 65.463623 64.574368 63.773939 63.065719 17.038838 14.810618 12.700000 10.776307 9.158100 8.032185 7.620000 15.240000 12.700000 10.160000 7.620000 5.080000 2.540000 0.000000 81.247157 79.256477 77.298002 75.374240 73.487920 71.641997 69.839677 76.809067 74.700210 72.618959 70.567757 68.549300 66.566568 64.622849 
24.122562 75.012101 74.809451 103.157022 23.494071 26.011703 28.533300 31.057896 33.584815 64.622849 66.566568 68.549300 70.567757 72.618959 74.700210 76.809067 69.839677 71.641997 73.487920 75.374240 77.298002 79.256477 81.247157 0.000000 2.540000 5.080000 7.620000 10.160000 12.700000 15.240000 7.620000 8.032185 9.158100 10.776307 12.700000 14.810618 17.038838 
25.988992 75.632962 72.337982 101.378997 23.276464 25.815326 28.354393 30.893613 33.432951 62.721770 64.622849 66.566568 68.549300 70.567757 72.618959 74.700210 68.084420 69.839677 71.641997 73.487920 75.374240 77.298002 79.256477 2.540000 0.000000 2.540000 5.080000 7.620000 10.160000 12.700000 8.032185 7.620000 8.032185 9.158100 10.776307 12.700000 14.810618 
27.961770 76.333334 69.871429 99.633999 23.334938 25.868063 28.402415 30.937694 33.473688 60.867327 62.721770 64.622849 66.566568 68.549300 70.567757 72.618959 66.379962 68.084420 69.839677 71.641997 73.487920 75.374240 77.298002 5.080000 2.540000 0.000000 2.540000 5.080000 7.620000 10.160000 9.158100 8.032185 7.620000 8.032185 9.158100 10.776307 12.700000 
30.019938 77.111049 67.410330 97.923796 23.667449 26.168406 28.676227 31.189256 33.706329 59.063913 60.867327 62.721770 64.622849 66.566568 68.549300 70.567757 64.730314 66.379962 68.084420 69.839677 71.641997 73.487920 75.374240 7.620000 5.080000 2.540000 0.000000 2.540000 5.080000 7.620000 10.776307 9.158100 8.032185 7.620000 8.032185 9.158100 10.776307 
32.147099 77.963794 64.955307 96.250243 24.262731 26.708004 29.169470 31.643351 34.126948 57.316343 59.063913 60.867327 62.721770 64.622849 66.566568 68.549300 63.139774 64.730314 66.379962 68.084420 69.839677 71.641997 73.487920 10.160000 7.620000 5.080000 2.540000 0.000000 2.540000 5.080000 12.700000 10.776307 9.158100 8.032185 7.620000 8.032185 9.158100 
34.330430 78.889135 62.507075 94.615283 25.102098 27.472762 29.871277 32.291437 34.728717 55.629883 57.316343 59.063913 60.867327 62.721770 64.622849 66.566568 61.612918 63.139774 64.730314 66.379962 68.084420 69.839677 71.641997 12.700000 10.160000 7.620000 5.080000 2.540000 0.000000 2.540000 14.810618 12.700000 10.776307 9.158100 8.032185 7.620000 8.032185 
36.559870 79.884550 60.066464 93.020951 26.162067 28.444526 30.767378 33.122127 35.502425 54.010256 55.629883 57.316343 59.063913 60.867327 62.721770 64.622849 60.154597 61.612918 63.139774 64.730314 66.379962 68.084420 69.839677 15.240000 12.700000 10.160000 7.620000 5.080000 2.540000 0.000000 17.038838 14.810618 12.700000 10.776307 9.158100 8.032185 7.620000 
29.977092 67.616147 76.897218 97.910670 15.983699 18.477184 20.981831 23.494071 26.011703 59.923064 62.014264 64.137879 66.290794 68.470244 70.673775 72.899203 64.622849 66.566568 68.549300 70.567757 72.618959 74.700210 76.809067 7.620000 8.032185 9.158100 10.776307 12.700000 14.810618 17.038838 0.000000 2.540000 5.080000 7.620000 10.160000 12.700000 15.240000 
31.498504 68.304268 74.495045 96.035561 15.662088 18.199690 20.737879 23.276464 25.815326 57.867793 59.923064 62.014264 64.137879 66.290794 68.470244 70.673775 62.721770 64.622849 66.566568 68.549300 70.567757 72.618959 74.700210 8.032185 7.620000 8.032185 9.158100 10.776307 12.700000 14.810618 2.540000 0.000000 2.540000 5.080000 7.620000 10.160000 12.700000 
33.144964 69.078983 72.102321 94.191623 15.748860 18.274417 20.803491 23.334938 25.868063 55.852418 57.867793 59.923064 62.014264 64.137879 66.290794 68.470244 60.867327 62.721770 64.622849 66.566568 68.549300 70.567757 72.618959 9.158100 8.032185 7.620000 8.032185 9.158100 10.776307 12.700000 5.080000 2.540000 0.000000 2.540000 5.080000 7.620000 10.160000 
34.898778 69.937415 69.720017 92.380723 16.237469 18.697142 21.175789 23.667449 26.168406 53.881414 55.852418 57.867793 59.923064 62.014264 64.137879 66.290794 59.063913 60.867327 62.721770 64.622849 66.566568 68.549300 70.567757 10.776307 9.158100 8.032185 7.620000 8.032185 9.158100 10.776307 7.620000 5.080000 2.540000 0.000000 2.540000 5.080000 7.620000 
36.744578 70.876521 67.349239 90.604841 17.093490 19.445182 21.839094 24.262731 26.708004 51.959833 53.881414 55.852418 57.867793 59.923064 62.014264 64.137879 57.316343 59.063913 60.867327 62.721770 64.622849 66.566568 68.549300 12.700000 10.776307 9.158100 8.032185 7.620000 8.032185 9.158100 10.160000 7.620000 5.080000 2.540000 0.000000 2.540000 5.080000 
38.669193 71.893141 64.991249 88.866078 18.265338 20.482927 22.767987 25.102098 27.472762 50.093362 51.959833 53.881414 55.852418 57.867793 59.923064 62.014264 55.629883 57.316343 59.063913 60.867327 62.721770 64.622849 66.566568 14.810618 12.700000 10.776307 9.158100 8.032185 7.620000 8.032185 12.700000 10.160000 7.620000 5.080000 2.540000 0.000000 2.540000 
40.661434 72.984036 62.647491 87.166653 19.696725 21.768985 23.931561 26.162067 28.444526 48.288391 50.093362 51.959833 53.881414 55.852418 57.867793 59.923064 54.010256 55.629883 57.316343 59.063913 60.867327 62.721770 64.622849 17.038838 14.810618 12.700000 10.776307 9.158100 8.032185 7.620000 15.240000 12.700000 10.160000 7.620000 5.080000 2.540000 0.000000 
