50
# Circuit board instance
Size: large
Nodes: 50
0.000000 140.000000 140.000000 197.989899 121.050534 121.107022 121.216719 121.379481 121.595094 121.863279 122.183689 128.670039 128.723183 128.826395 128.979555 129.182484 129.434949 129.736660 135.195211 137.190894 139.204315 141.234713 143.281368 124.302706 126.773140 129.246271 131.721947 134.200027 136.680380 139.162886 126.308746 128.740691 131.176732 133.616645 136.060221 138.507267 140.957601 97.423608 97.753413 98.098553 98.458865 102.345633 102.659627 102.988326 103.331589 64.886701 67.140665 69.414386 71.705984 74.013800 
140.000000 0.000000 197.989899 140.000000 19.011137 19.367558 20.042068 21.004045 22.216176 23.640014 25.239756 11.426742 12.010388 13.070257 14.502311 16.208196 18.110699 20.154215 90.946857 90.020705 89.157317 88.358532 87.626116 163.955280 165.836064 167.734224 169.649175 171.580356 173.527224 175.489259 158.903966 160.843827 162.800204 164.772507 166.760172 168.762656 170.779438 52.005657 52.620897 53.259319 53.920099 47.596823 48.268292 48.963499 49.681449 88.111121 85.731876 83.362117 81.002678 78.654487 
140.000000 197.989899 0.000000 140.000000 183.996934 182.091599 180.201922 178.328400 176.471546 174.631894 172.809992 189.096850 187.243418 185.406256 183.585853 181.782711 179.997349 178.230302 119.536024 121.788577 124.052236 126.326403 128.610522 34.912102 33.584538 32.402017 31.380941 30.537508 29.886762 29.441482 41.492064 40.381403 39.403391 38.568121 37.885035 37.362482 37.007261 148.906692 147.925567 146.948868 145.976682 152.172508 151.212574 150.257243 149.306601 123.654166 124.851663 126.088960 127.364897 128.678325 
197.989899 140.000000 140.000000 0.000000 139.868020 137.351891 134.836658 132.322370 129.809084 127.296858 124.785756 139.040319 136.508934 133.977876 131.447163 128.916816 126.386855 123.857306 65.440407 64.147045 62.929668 61.792767 60.740861 112.467889 112.062895 111.714197 111.422325 111.187727 111.010764 110.891713 104.967436 104.533386 104.159485 103.846382 103.594628 103.404672 103.276854 124.042057 122.862535 121.684833 120.509007 122.259156 121.062263 119.866876 118.673038 137.272133 135.757222 134.273271 132.821319 131.402424 
121.050534 19.011137 183.996934 139.868020 0.000000 2.540000 5.080000 7.620000 10.160000 12.700000 15.240000 7.620000 8.032185 9.158100 10.776307 12.700000 14.810618 17.038838 84.225538 83.801215 83.452077 83.179071 82.982948 150.655417 152.676435 154.712753 156.763775 158.828932 160.907680 162.999498 146.133872 148.216556 150.313305 152.423538 154.546703 156.682275 158.829752 35.505340 36.350873 37.220539 38.112687 31.845093 32.785160 33.746841 34.728341 70.022527 67.718867 65.432704 63.165938 60.920735 
121.107022 19.367558 182.091599 137.351891 2.540000 0.000000 2.540000 5.080000 7.620000 10.160000 12.700000 8.032185 7.620000 8.032185 9.158100 10.776307 12.700000 14.810618 81.729129 81.291776 80.931813 80.650276 80.447989 148.650325 150.655417 152.676435 154.712753 156.763775 158.828932 160.907680 144.065863 146.133872 148.216556 150.313305 152.423538 154.546703 156.682275 33.893850 34.685706 35.505340 36.350873 30.037873 30.928611 31.845093 32.785160 69.009111 66.670444 64.347042 62.040623 59.753151 
121.216719 20.042068 180.201922 134.836658 5.080000 2.540000 0.000000 2.540000 5.080000 7.620000 10.160000 9.158100 8.032185 7.620000 8.032185 9.158100 10.776307 12.700000 79.235491 78.784296 78.412823 78.122209 77.913358 146.661810 148.650325 150.655417 152.676435 154.712753 156.763775 158.828932 142.013169 144.065863 146.133872 148.216556 150.313305 152.423538 154.546703 32.401545 33.131763 33.893850 34.685706 28.343269 29.175237 30.037873 30.928611 68.075427 65.703534 63.344677 61.000370 58.672356 
121.379481 21.004045 178.328400 132.322370 7.620000 5.080000 2.540000 0.000000 2.540000 5.080000 7.620000 10.776307 9.158100 8.032185 7.620000 8.032185 9.158100 10.776307 76.744893 76.278968 75.895233 75.594941 75.379089 144.690556 146.661810 148.650325 150.655417 152.676435 154.712753 156.763775 139.976466 142.013169 144.065863 146.133872 148.216556 150.313305 152.423538 31.045618 31.705400 32.401545 33.131763 26.782665 27.544748 28.343269 29.175237 67.224796 64.821785 62.429622 60.049602 57.683229 
121.595094 22.216176 176.471546 129.809084 10.160000 7.620000 5.080000 2.540000 0.000000 2.540000 5.080000 12.700000 10.776307 9.158100 8.032185 7.620000 8.032185 9.158100 74.257642 73.776011 73.379188 73.068557 72.845219 142.737280 144.690556 146.661810 148.650325 150.655417 152.676435 154.712753 137.956460 139.976466 142.013169 144.065863 146.133872 148.216556 150.313305 29.844662 30.424566 31.045618 31.705400 25.380793 26.060219 26.782665 27.544748 66.460409 64.028717 61.605766 59.192629 56.790559 
121.863279 23.640014 174.631894 127.296858 12.700000 10.160000 7.620000 5.080000 2.540000 0.000000 2.540000 14.810618 12.700000 10.776307 9.158100 8.032185 7.620000 8.032185 71.774087 71.275675 70.864852 70.543150 70.311791 140.802727 142.737280 144.690556 146.661810 148.650325 150.655417 152.676435 135.953896 137.956460 139.976466 142.013169 144.065863 146.133872 148.216556 28.818059 29.308349 29.844662 30.424566 24.165291 24.747931 25.380793 26.060219 65.785271 63.327659 60.876812 58.433580 55.998960 
122.183689 25.239756 172.809992 124.785756 15.240000 12.700000 10.160000 7.620000 5.080000 2.540000 0.000000 17.038838 14.810618 12.700000 10.776307 9.158100 8.032185 7.620000 69.294623 68.778245 68.352414 68.018830 67.778855 138.887682 140.802727 142.737280 144.690556 146.661810 148.650325 150.655417 133.969557 135.953896 137.956460 139.976466 142.013169 144.065863 146.133872 27.985003 28.376180 28.818059 29.308349 23.165517 23.636589 24.165291 24.747931 65.202154 62.721699 60.246206 57.776313 55.312770 
128.670039 11.426742 189.096850 139.040319 7.620000 8.032185 9.158100 10.776307 12.700000 14.810618 17.038838 0.000000 2.540000 5.080000 7.620000 10.160000 12.700000 15.240000 85.937498 85.295054 84.723918 84.225538 83.801215 155.419206 157.379060 159.355297 161.347315 163.354537 165.376408 167.412399 150.655417 152.676435 154.712753 156.763775 158.828932 160.907680 162.999498 41.559380 42.284026 43.033956 43.807873 37.459893 38.262258 39.089422 39.939846 77.022735 74.675851 72.342014 70.022527 67.718867 
128.723183 12.010388 187.243418 136.508934 8.032185 7.620000 8.032185 9.158100 10.776307 12.700000 14.810618 2.540000 0.000000 2.540000 5.080000 7.620000 10.160000 12.700000 83.492292 82.830885 82.242638 81.729129 81.291776 153.476363 155.419206 157.379060 159.355297 161.347315 163.354537 165.376408 148.650325 150.655417 152.676435 154.712753 156.763775 158.828932 160.907680 40.191366 40.861364 41.559380 42.284026 35.936158 36.683956 37.459893 38.262258 76.102594 73.726426 71.361545 69.009111 66.670444 
128.826395 13.070257 185.406256 133.977876 9.158100 8.032185 7.620000 8.032185 9.158100 10.776307 12.700000 5.080000 2.540000 0.000000 2.540000 5.080000 7.620000 10.160000 81.052917 80.371438 79.765054 79.235491 78.784296 151.551184 153.476363 155.419206 157.379060 159.355297 161.347315 163.354537 146.661810 148.650325 150.655417 152.676435 154.712753 156.763775 158.828932 38.941148 39.550810 40.191366 40.861364 34.532225 35.218292 35.936158 36.683956 75.256967 72.853223 70.459040 68.075427 65.703534 
128.979555 14.502311 183.585853 131.447163 10.776307 9.158100 8.032185 7.620000 8.032185 9.158100 10.776307 7.620000 5.080000 2.540000 0.000000 2.540000 5.080000 7.620000 78.619914 77.917159 77.291523 76.744893 76.278968 149.644352 151.551184 153.476363 155.419206 157.379060 159.355297 161.347315 144.690556 146.661810 148.650325 150.655417 152.676435 154.712753 156.763775 37.820408 38.363853 38.941148 39.550810 33.263265 33.879888 34.532225 35.218292 74.488393 72.059015 69.637532 67.224796 64.821785 
129.182484 16.208196 181.782711 128.916816 12.700000 10.776307 9.158100 8.032185 7.620000 8.032185 9.158100 10.160000 7.620000 5.080000 2.540000 0.000000 2.540000 5.080000 76.193896 75.468553 74.822446 74.257642 73.776011 147.756577 149.644352 151.551184 153.476363 155.419206 157.379060 159.355297 142.737280 144.690556 146.661810 148.650325 150.655417 152.676435 154.712753 36.840966 37.312292 37.820408 38.363853 32.145269 32.684379 33.263265 33.879888 73.799277 71.346439 68.899917 66.460409 64.028717 
129.434949 18.110699 179.997349 126.386855 14.810618 12.700000 10.776307 9.158100 8.032185 7.620000 8.032185 12.700000 10.160000 7.620000 5.080000 2.540000 0.000000 2.540000 73.775550 73.026190 72.358278 71.774087 71.275675 145.888598 147.756577 149.644352 151.551184 153.476363 155.419206 157.379060 140.802727 142.737280 144.690556 146.661810 148.650325 150.655417 152.676435 36.014350 36.407859 36.840966 37.312292 31.194470 31.647966 32.145269 32.684379 73.191866 70.717963 68.248915 65.785271 63.327659 
129.736660 20.154215 178.230302 123.857306 17.038838 14.810618 12.700000 10.776307 9.158100 8.032185 7.620000 15.240000 12.700000 10.160000 7.620000 5.080000 2.540000 0.000000 71.365657 70.590720 69.899540 69.294623 68.778245 144.041186 145.888598 147.756577 149.644352 151.551184 153.476363 155.419206 138.887682 140.802727 142.737280 144.690556 146.661810 148.650325 150.655417 35.351284 35.661750 36.014350 36.407859 30.426548 30.786718 31.194470 31.647966 72.668207 70.175846 67.687026 65.202154 62.721699 
135.195211 90.946857 119.536024 65.440407 84.225538 81.729129 79.235491 76.744893 74.257642 71.774087 69.294623 85.937498 83.492292 81.052917 78.619914 76.193896 73.775550 71.365657 0.000000 2.540000 5.080000 7.620000 10.160000 84.850929 85.976605 87.161783 88.404069 89.701090 91.050508 92.450027 78.044742 79.267133 80.551090 81.893718 83.292180 84.743712 86.245633 60.638531 59.392062 58.146611 56.902246 59.883309 58.620784 57.358589 56.096746 72.398662 70.724863 69.103902 67.539586 66.035938 
137.190894 90.020705 121.788577 64.147045 83.801215 81.291776 78.784296 76.278968 73.776011 71.275675 68.778245 85.295054 82.830885 80.371438 77.917159 75.468553 73.026190 70.590720 2.540000 0.000000 2.540000 5.080000 7.620000 87.149599 88.245958 89.401057 90.612648 91.878496 93.196392 94.564158 80.297227 81.485835 82.735368 84.043108 85.406383 86.822575 88.289139 61.171043 59.935650 58.701733 57.469389 60.208550 58.952990 57.698063 56.443810 74.121722 72.398662 70.724863 69.103902 67.539586 
139.204315 89.157317 124.052236 62.929668 83.452077 80.931813 78.412823 75.895233 73.379188 70.864852 68.352414 84.723918 82.242638 79.765054 77.291523 74.822446 72.358278 69.899540 5.080000 2.540000 0.000000 2.540000 5.080000 89.461323 90.529691 91.656013 92.838180 94.074087 95.361644 96.698789 82.566402 83.722801 84.939432 86.213747 87.543225 88.925394 90.357834 61.803437 60.580941 59.360440 58.142059 60.638531 59.392062 58.146611 56.902246 75.890685 74.121722 72.398662 70.724863 69.103902 
141.234713 88.358532 126.326403 61.792767 83.179071 80.650276 78.122209 75.594941 73.068557 70.543150 68.018830 84.225538 81.729129 79.235491 76.744893 74.257642 71.774087 69.294623 7.620000 5.080000 2.540000 0.000000 2.540000 91.785114 92.826741 93.925521 95.079475 96.286618 97.544975 98.852591 84.850929 85.976605 87.161783 88.404069 89.701090 91.050508 92.450027 62.532682 61.324726 60.119326 58.916641 61.171043 59.935650 58.701733 57.469389 77.702418 75.890685 74.121722 72.398662 70.724863 
143.281368 87.626116 128.610522 60.740861 82.982948 80.447989 77.913358 75.379089 72.845219 70.311791 67.778855 83.801215 81.291776 78.784296 76.278968 73.776011 71.275675 68.778245 10.160000 7.620000 5.080000 2.540000 0.000000 94.120079 95.136144 96.208553 97.335444 98.514947 99.745196 101.024337 87.149599 88.245958 89.401057 90.612648 91.878496 93.196392 94.564158 63.355435 62.163467 60.974651 59.789173 61.803437 60.580941 59.360440 58.142059 79.553999 77.702418 75.890685 74.121722 72.398662 
124.302706 163.955280 34.912102 112.467889 150.655417 148.650325 146.661810 144.690556 142.737280 140.802727 138.887682 155.419206 153.476363 151.551184 149.644352 147.756577 145.888598 144.041186 84.850929 87.149599 89.461323 91.785114 94.120079 0.000000 2.540000 5.080000 7.620000 10.160000 12.700000 15.240000 7.620000 8.032185 9.158100 10.776307 12.700000 14.810618 17.038838 116.070249 115.020719 113.975676 112.935244 118.992117 117.968585 116.949886 115.936149 94.677335 95.462864 96.308995 97.214143 98.176678 
126.773140 165.836064 33.584538 112.062895 152.676435 150.655417 148.650325 146.661810 144.690556 142.737280 140.802727 157.379060 155.419206 153.476363 151.551184 149.644352 147.756577 145.888598 85.976605 88.245958 90.529691 92.826741 95.136144 2.540000 0.000000 2.540000 5.080000 7.620000 10.160000 12.700000 8.032185 7.620000 8.032185 9.158100 10.776307 12.700000 14.810618 118.182291 117.124145 116.070249 115.020719 121.053191 120.020359 118.992117 117.968585 97.105551 97.871594 98.697077 99.580521 100.520399 
129.246271 167.734224 32.402017 111.714197 154.712753 152.676435 150.655417 148.650325 146.661810 144.690556 142.737280 159.355297 157.379060 155.419206 153.476363 151.551184 149.644352 147.756577 87.161783 89.401057 91.656013 93.925521 96.208553 5.080000 2.540000 0.000000 2.540000 5.080000 7.620000 10.160000 9.158100 8.032185 7.620000 8.032185 9.158100 10.776307 12.700000 120.310882 119.244573 118.182291 117.124145 123.132163 122.090497 121.053191 120.020359 99.539348 100.286801 101.092564 101.955254 102.873438 
131.721947 169.649175 31.380941 111.422325 156.763775 154.712753 152.676435 150.655417 148.650325 146.661810 144.690556 161.347315 159.355297 157.379060 155.419206 153.476363 151.551184 149.644352 88.404069 90.612648 92.838180 95.079475 97.335444 7.620000 5.080000 2.540000 0.000000 2.540000 5.080000 7.620000 10.776307 9.158100 8.032185 7.620000 8.032185 9.158100 10.776307 122.455159 121.381112 120.310882 119.244573 125.228140 124.178079 123.132163 122.090497 101.978324 102.708030 103.494944 104.337772 105.235170 
134.200027 171.580356 30.537508 111.187727 158.828932 156.763775 154.712753 152.676435 150.655417 148.650325 146.661810 163.354537 161.347315 159.355297 157.379060 155.419206 153.476363 151.551184 89.701090 91.878496 94.074087 96.286618 98.514947 10.160000 7.620000 5.080000 2.540000 0.000000 2.540000 5.080000 12.700000 10.776307 9.158100 8.032185 7.620000 8.032185 9.158100 124.614312 123.532925 122.455159 121.381112 127.340284 126.282242 125.228140 124.178079 104.422117 105.134863 105.903746 106.727553 107.605023 
136.680380 173.527224 29.886762 111.010764 160.907680 158.828932 156.763775 154.712753 152.676435 150.655417 148.650325 165.376408 163.354537 161.347315 159.355297 157.379060 155.419206 153.476363 91.050508 93.196392 95.361644 97.544975 99.745196 12.700000 10.160000 7.620000 5.080000 2.540000 0.000000 2.540000 14.810618 12.700000 10.776307 9.158100 8.032185 7.620000 8.032185 126.787581 125.699228 124.614312 123.532925 129.467803 128.402169 127.340284 126.282242 106.870397 107.566922 108.318543 109.124121 109.982473 
139.162886 175.489259 29.441482 110.891713 162.999498 160.907680 158.828932 156.763775 154.712753 152.676435 150.655417 167.412399 165.376408 163.354537 161.347315 159.355297 157.379060 155.419206 92.450027 94.564158 96.698789 98.852591 101.024337 15.240000 12.700000 10.160000 7.620000 5.080000 2.540000 0.000000 17.038838 14.810618 12.700000 10.776307 9.158100 8.032185 7.620000 128.974253 127.879285 126.787581 125.699228 131.609951 130.537093 129.467803 128.402169 109.322863 110.003859 110.738941 111.527038 112.367036 
126.308746 158.903966 41.492064 104.967436 146.133872 144.065863 142.013169 139.976466 137.956460 135.953896 133.969557 150.655417 148.650325 146.661810 144.690556 142.737280 140.802727 138.887682 78.044742 80.297227 82.566402 84.850929 87.149599 7.620000 8.032185 9.158100 10.776307 12.700000 14.810618 17.038838 0.000000 2.540000 5.080000 7.620000 10.160000 12.700000 15.240000 111.976984 110.888719 109.804358 108.724016 114.665805 113.603301 112.545097 111.491316 92.699161 93.294082 93.953925 94.677335 95.462864 
128.740691 160.843827 40.381403 104.533386 148.216556 146.133872 144.065863 142.013169 139.976466 137.956460 135.953896 152.676435 150.655417 148.650325 146.661810 144.690556 142.737280 140.802727 79.267133 81.485835 83.722801 85.976605 88.245958 8.032185 7.620000 8.032185 9.158100 10.776307 12.700000 14.810618 2.540000 0.000000 2.540000 5.080000 7.620000 10.160000 12.700000 114.164776 113.069039 111.976984 110.888719 116.803245 115.732492 114.665805 113.603301 95.177859 95.757381 96.400366 97.105551 97.871594 
131.176732 162.800204 39.403391 104.159485 150.313305 148.216556 146.133872 144.065863 142.013169 139.976466 137.956460 154.712753 152.676435 150.655417 148.650325 146.661810 144.690556 142.737280 80.551090 82.735368 84.939432 87.161783 89.401057 9.158100 8.032185 7.620000 8.032185 9.158100 10.776307 12.700000 5.080000 2.540000 0.000000 2.540000 5.080000 7.620000 10.160000 116.366879 115.264090 114.164776 113.069039 118.956515 117.877956 116.803245 115.732492 97.659708 98.224588 98.851526 99.539348 100.286801 
133.616645 164.772507 38.568121 103.846382 152.423538 150.313305 148.216556 146.133872 144.065863 142.013169 139.976466 156.763775 154.712753 152.676435 150.655417 148.650325 146.661810 144.690556 81.893718 84.043108 86.213747 88.404069 90.612648 10.776307 9.158100 8.032185 7.620000 8.032185 9.158100 10.776307 7.620000 5.080000 2.540000 0.000000 2.540000 5.080000 7.620000 118.582495 117.473046 116.366879 115.264090 121.124771 120.038821 118.956515 117.877956 100.144472 100.695415 101.307063 101.978324 102.708030 
136.060221 166.760172 37.885035 103.594628 154.546703 152.423538 150.313305 148.216556 146.133872 144.065863 142.013169 158.828932 156.763775 154.712753 152.676435 150.655417 148.650325 146.661810 83.292180 85.406383 87.543225 89.701090 91.878496 12.700000 10.776307 9.158100 8.032185 7.620000 8.032185 9.158100 10.160000 7.620000 5.080000 2.540000 0.000000 2.540000 5.080000 120.810881 119.695137 118.582495 117.473046 123.307222 122.214269 121.124771 120.038821 102.631941 103.169601 103.766666 104.422117 105.134863 
138.507267 168.762656 37.362482 103.404672 156.682275 154.546703 152.423538 150.313305 148.216556 146.133872 144.065863 160.907680 158.828932 156.763775 154.712753 152.676435 150.655417 148.650325 84.743712 86.822575 88.925394 91.050508 93.196392 14.810618 12.700000 10.776307 9.158100 8.032185 7.620000 8.032185 12.700000 10.160000 7.620000 5.080000 2.540000 0.000000 2.540000 123.051343 121.929644 120.810881 119.695137 125.503127 124.403537 123.307222 122.214269 105.121923 105.646911 106.230053 106.870397 107.566922 
140.957601 170.779438 37.007261 103.276854 158.829752 156.682275 154.546703 152.423538 150.313305 148.216556 146.133872 162.999498 160.907680 158.828932 156.763775 154.712753 152.676435 150.655417 86.245633 88.289139 90.357834 92.450027 94.564158 17.038838 14.810618 12.700000 10.776307 9.158100 8.032185 7.620000 15.240000 12.700000 10.160000 7.620000 5.080000 2.540000 0.000000 125.303233 124.175898 123.051343 121.929644 127.711793 126.605907 125.503127 124.403537 107.614242 108.127130 108.696967 109.322863 110.003859 
97.423608 52.005657 148.906692 124.042057 35.505340 33.893850 32.401545 31.045618 29.844662 28.818059 27.985003 41.559380 40.191366 38.941148 37.820408 36.840966 36.014350 35.351284 60.638531 61.171043 61.803437 62.532682 63.355435 116.070249 118.182291 120.310882 122.455159 124.614312 126.787581 128.974253 111.976984 114.164776 116.366879 118.582495 120.810881 123.051343 125.303233 0.000000 1.270000 2.540000 3.810000 5.080000 5.236344 5.679613 6.350000 37.369237 34.861344 32.358460 29.861845 27.373213 
97.753413 52.620897 147.925567 122.862535 36.350873 34.685706 33.131763 31.705400 30.424566 29.308349 28.376180 42.284026 40.861364 39.550810 38.363853 37.312292 36.407859 35.661750 59.392062 59.935650 60.580941 61.324726 62.163467 115.020719 117.124145 119.244573 121.381112 123.532925 125.699228 127.879285 110.888719 113.069039 115.264090 117.473046 119.695137 121.929644 124.175898 1.270000 0.000000 1.270000 2.540000 5.236344 5.080000 5.236344 5.679613 37.196000 34.675580 32.158241 29.644768 27.136236 
98.098553 53.259319 146.948868 121.684833 37.220539 35.505340 33.893850 32.401545 31.045618 29.844662 28.818059 43.033956 41.559380 40.191366 38.941148 37.820408 36.840966 36.014350 58.146611 58.701733 59.360440 60.119326 60.974651 113.975676 116.070249 118.182291 120.310882 122.455159 124.614312 126.787581 109.804358 111.976984 114.164776 116.366879 118.582495 120.810881 123.051343 2.540000 1.270000 0.000000 1.270000 5.679613 5.236344 5.080000 5.236344 37.065492 34.535549 32.007199 29.480852 26.957070 
98.458865 53.920099 145.976682 120.509007 38.112687 36.350873 34.685706 33.131763 31.705400 30.424566 29.308349 43.807873 42.284026 40.861364 39.550810 38.363853 37.312292 36.407859 56.902246 57.469389 58.142059 58.916641 59.789173 112.935244 115.020719 117.124145 119.244573 121.381112 123.532925 125.699228 108.724016 110.888719 113.069039 115.264090 117.473046 119.695137 121.929644 3.810000 2.540000 1.270000 0.000000 6.350000 5.679613 5.236344 5.080000 36.978167 34.441810 31.906032 29.370984 26.836873 
102.345633 47.596823 152.172508 122.259156 31.845093 30.037873 28.343269 26.782665 25.380793 24.165291 23.165517 37.459893 35.936158 34.532225 33.263265 32.145269 31.194470 30.426548 59.883309 60.208550 60.638531 61.171043 61.803437 118.992117 121.053191 123.132163 125.228140 127.340284 129.467803 131.609951 114.665805 116.803245 118.956515 121.124771 123.307222 125.503127 127.711793 5.080000 5.236344 5.679613 6.350000 0.000000 1.270000 2.540000 3.810000 42.396493 39.881194 37.369237 34.861344 32.358460 
102.659627 48.268292 151.212574 121.062263 32.785160 30.928611 29.175237 27.544748 26.060219 24.747931 23.636589 38.262258 36.683956 35.218292 33.879888 32.684379 31.647966 30.786718 58.620784 58.952990 59.392062 59.935650 60.580941 117.968585 120.020359 122.090497 124.178079 126.282242 128.402169 130.537093 113.603301 115.732492 117.877956 120.038821 122.214269 124.403537 126.605907 5.236344 5.080000 5.236344 5.679613 1.270000 0.000000 1.270000 2.540000 42.243877 39.718915 37.196000 34.675580 32.158241 
102.988326 48.963499 150.257243 119.866876 33.746841 31.845093 30.037873 28.343269 26.782665 25.380793 24.165291 39.089422 37.459893 35.936158 34.532225 33.263265 32.145269 31.194470 57.358589 57.698063 58.146611 58.701733 59.360440 116.949886 118.992117 121.053191 123.132163 125.228140 127.340284 129.467803 112.545097 114.665805 116.803245 118.956515 121.124771 123.307222 125.503127 5.679613 5.236344 5.080000 5.236344 2.540000 1.270000 0.000000 1.270000 42.129010 39.596723 37.065492 34.535549 32.007199 
103.331589 49.681449 149.306601 118.673038 34.728341 32.785160 30.928611 29.175237 27.544748 26.060219 24.747931 39.939846 38.262258 36.683956 35.218292 33.879888 32.684379 31.647966 56.096746 56.443810 56.902246 57.469389 58.142059 115.936149 117.968585 120.020359 122.090497 124.178079 126.282242 128.402169 111.491316 113.603301 115.732492 117.877956 120.038821 122.214269 124.403537 6.350000 5.679613 5.236344 5.080000 3.810000 2.540000 1.270000 0.000000 42.052201 39.514992 36.978167 34.441810 31.906032 
64.886701 88.111121 123.654166 137.272133 70.022527 69.009111 68.075427 67.224796 66.460409 65.785271 65.202154 77.022735 76.102594 75.256967 74.488393 73.799277 73.191866 72.668207 72.398662 74.121722 75.890685 77.702418 79.553999 94.677335 97.105551 99.539348 101.978324 104.422117 106.870397 109.322863 92.699161 95.177859 97.659708 100.144472 102.631941 105.121923 107.614242 37.369237 37.196000 37.065492 36.978167 42.396493 42.243877 42.129010 42.052201 0.000000 2.540000 5.080000 7.620000 10.160000 
67.140665 85.731876 124.851663 135.757222 67.718867 66.670444 65.703534 64.821785 64.028717 63.327659 62.721699 74.675851 73.726426 72.853223 72.059015 71.346439 70.717963 70.175846 70.724863 72.398662 74.121722 75.890685 77.702418 95.462864 97.871594 100.286801 102.708030 105.134863 107.566922 110.003859 93.294082 95.757381 98.224588 100.695415 103.169601 105.646911 108.127130 34.861344 34.675580 34.535549 34.441810 39.881194 39.718915 39.596723 39.514992 2.540000 0.000000 2.540000 5.080000 7.620000 
69.414386 83.362117 126.088960 134.273271 65.432704 64.347042 63.344677 62.429622 61.605766 60.876812 60.246206 72.342014 71.361545 70.459040 69.637532 68.899917 68.248915 67.687026 69.103902 70.724863 72.398662 74.121722 75.890685 96.308995 98.697077 101.092564 103.494944 105.903746 108.318543 110.738941 93.953925 96.400366 98.851526 101.307063 103.766666 106.230053 108.696967 32.358460 32.158241 32.007199 31.906032 37.369237 37.196000 37.065492 36.978167 5.080000 2.540000 0.000000 2.540000 5.080000 
71.705984 81.002678 127.364897 132.821319 63.165938 62.040623 61.000370 60.049602 59.192629 58.433580 57.776313 70.022527 69.009111 68.075427 67.224796 66.460409 65.785271 65.202154 67.539586 69.103902 70.724863 72.398662 74.121722 97.214143 99.580521 101.955254 104.337772 106.727553 109.124121 111.527038 94.677335 97.105551 99.539348 101.978324 104.422117 106.870397 109.322863 29.861845 29.644768 29.480852 29.370984 34.861344 34.675580 34.535549 34.441810 7.620000 5.080000 2.540000 0.000000 2.540000 
74.013800 78.654487 128.678325 131.402424 60.920735 59.753151 58.672356 57.683229 56.790559 55.998960 55.312770 67.718867 66.670444 65.703534 64.821785 64.028717 63.327659 62.721699 66.035938 67.539586 69.103902 70.724863 72.398662 98.176678 100.520399 102.873438 105.235170 107.605023 109.982473 112.367036 95.462864 97.871594 100.286801 102.708030 105.134863 107.566922 110.003859 27.373213 27.136236 26.957070 26.836873 32.358460 32.158241 32.007199 31.906032 10.160000 7.620000 5.080000 2.540000 0.000000 
