37
# Circuit board instance
Size: large
Nodes: 37
0.000000 65.000000 65.000000 91.923882 61.018143 63.058457 65.133920 67.241276 69.377619 71.540353 73.727155 65.911215 67.804450 69.738813 71.710973 73.717898 75.756826 77.825240 54.735399 54.877150 55.135674 55.509339 55.995840 41.122727 43.439356 45.779688 48.140266 50.518252 52.911299 55.317453 44.869267 47.001597 49.172678 51.377599 53.612184 55.872874 58.156625 
65.000000 0.000000 91.923882 65.000000 56.085956 58.299140 60.537990 62.799761 65.082062 67.382809 69.700173 52.688793 55.038752 57.404901 59.785319 62.178367 64.582640 66.996930 83.596916 81.693219 79.824952 77.994661 76.205082 60.524279 62.121553 63.780009 65.494999 67.262199 69.077603 70.937509 54.724408 56.485925 58.304905 60.176136 62.094895 64.056910 66.058328 
65.000000 91.923882 0.000000 65.000000 40.434275 39.470063 38.648989 37.980337 37.472268 37.131374 36.962281 47.497421 46.679335 45.987159 45.426649 45.002726 44.719274 44.578972 10.448068 11.166910 12.375008 13.945787 15.771250 32.680509 30.556745 28.501173 26.529648 24.662336 22.924716 21.348480 37.285227 35.438498 33.682181 32.031152 30.502513 29.115547 27.891398 
91.923882 65.000000 65.000000 0.000000 32.516938 31.309848 30.268218 29.409637 28.750506 28.304764 28.082574 26.226432 24.713984 23.380323 22.257610 21.379104 20.775807 20.472065 64.044068 61.538446 59.035763 56.536408 54.040844 55.137332 53.905699 52.767666 51.729411 50.797052 49.976517 49.273393 48.700080 47.301129 45.999989 44.805183 43.725427 42.769437 41.945676 
61.018143 56.085956 40.434275 32.516938 0.000000 2.540000 5.080000 7.620000 10.160000 12.700000 15.240000 7.620000 8.032185 9.158100 10.776307 12.700000 14.810618 17.038838 35.686901 33.187688 30.695172 28.211127 25.738007 22.620858 21.468547 20.566891 19.949905 19.644429 19.664987 20.010572 16.457995 14.834450 13.496644 12.536391 12.044335 12.077836 12.632712 
63.058457 58.299140 39.470063 31.309848 2.540000 0.000000 2.540000 5.080000 7.620000 10.160000 12.700000 8.032185 7.620000 8.032185 9.158100 10.776307 12.700000 14.810618 35.338405 32.812659 30.289297 27.768969 25.252583 23.987728 22.620858 21.468547 20.566891 19.949905 19.644429 19.664987 18.291350 16.457995 14.834450 13.496644 12.536391 12.044335 12.077836 
65.133920 60.537990 38.648989 30.268218 5.080000 2.540000 0.000000 2.540000 5.080000 7.620000 10.160000 9.158100 8.032185 7.620000 8.032185 9.158100 10.776307 12.700000 35.170357 32.631606 30.093067 27.554796 25.016877 25.534725 23.987728 22.620858 21.468547 20.566891 19.949905 19.644429 20.277687 18.291350 16.457995 14.834450 13.496644 12.536391 12.044335 
67.241276 62.799761 37.980337 29.409637 7.620000 5.080000 2.540000 0.000000 2.540000 5.080000 7.620000 10.776307 9.158100 8.032185 7.620000 8.032185 9.158100 10.776307 35.185343 32.647758 30.110580 27.573922 25.037941 27.231168 25.534725 23.987728 22.620858 21.468547 20.566891 19.949905 22.376302 20.277687 18.291350 16.457995 14.834450 13.496644 12.536391 
69.377619 65.082062 37.472268 28.750506 10.160000 7.620000 5.080000 2.540000 0.000000 2.540000 5.080000 12.700000 10.776307 9.158100 8.032185 7.620000 8.032185 9.158100 35.383130 32.860822 30.341466 27.825864 25.315134 29.050886 27.231168 25.534725 23.987728 22.620858 21.468547 20.566891 24.558428 22.376302 20.277687 18.291350 16.457995 14.834450 13.496644 
71.540353 67.382809 37.131374 28.304764 12.700000 10.160000 7.620000 5.080000 2.540000 0.000000 2.540000 14.810618 12.700000 10.776307 9.158100 8.032185 7.620000 8.032185 35.760686 33.267017 30.780925 28.304407 25.840216 30.972160 29.050886 27.231168 25.534725 23.987728 22.620858 21.468547 26.803677 24.558428 22.376302 20.277687 18.291350 16.457995 14.834450 
73.727155 69.700173 36.962281 28.082574 15.240000 12.700000 10.160000 7.620000 5.080000 2.540000 0.000000 17.038838 14.810618 12.700000 10.776307 9.158100 8.032185 7.620000 36.312403 33.859391 31.420205 28.998335 26.598510 32.977243 30.972160 29.050886 27.231168 25.534725 23.987728 22.620858 29.097440 26.803677 24.558428 22.376302 20.277687 18.291350 16.457995 
65.911215 52.688793 47.497421 26.226432 7.620000 8.032185 9.158100 10.776307 12.700000 14.810618 17.038838 0.000000 2.540000 5.080000 7.620000 10.160000 12.700000 15.240000 43.213087 40.700480 38.191496 35.686901 33.187688 29.473201 28.598337 27.927825 27.476628 27.255642 27.270462 27.520709 22.620858 21.468547 20.566891 19.949905 19.644429 19.664987 20.010572 
67.804450 55.038752 46.679335 24.713984 8.032185 7.620000 8.032185 9.158100 10.776307 12.700000 14.810618 2.540000 0.000000 2.540000 5.080000 7.620000 10.160000 12.700000 42.925737 40.395260 37.866058 35.338405 32.812659 30.534857 29.473201 28.598337 27.927825 27.476628 27.255642 27.270462 23.987728 22.620858 21.468547 20.566891 19.949905 19.644429 19.664987 
69.738813 57.404901 45.987159 23.380323 9.158100 8.032185 7.620000 8.032185 9.158100 10.776307 12.700000 5.080000 2.540000 0.000000 2.540000 5.080000 7.620000 10.160000 42.787499 40.248331 37.709276 35.170357 32.631606 31.764581 30.534857 29.473201 28.598337 27.927825 27.476628 27.255642 25.534725 23.987728 22.620858 21.468547 20.566891 19.949905 19.644429 
71.710973 59.785319 45.426649 22.257610 10.776307 9.158100 8.032185 7.620000 8.032185 9.158100 10.776307 7.620000 5.080000 2.540000 0.000000 2.540000 5.080000 7.620000 42.799818 40.261427 37.723253 35.185343 32.647758 33.143670 31.764581 30.534857 29.473201 28.598337 27.927825 27.476628 27.231168 25.534725 23.987728 22.620858 21.468547 20.566891 19.949905 
73.717898 62.178367 45.002726 21.379104 12.700000 10.776307 9.158100 8.032185 7.620000 8.032185 9.158100 10.160000 7.620000 5.080000 2.540000 0.000000 2.540000 5.080000 42.962564 40.434392 37.907801 35.383130 32.860822 34.654298 33.143670 31.764581 30.534857 29.473201 28.598337 27.927825 29.050886 27.231168 25.534725 23.987728 22.620858 21.468547 20.566891 
75.756826 64.582640 44.719274 20.775807 14.810618 12.700000 10.776307 9.158100 8.032185 7.620000 8.032185 12.700000 10.160000 7.620000 5.080000 2.540000 0.000000 2.540000 43.274042 40.765191 38.260451 35.760686 33.267017 36.280037 34.654298 33.143670 31.764581 30.534857 29.473201 28.598337 30.972160 29.050886 27.231168 25.534725 23.987728 22.620858 21.468547 
77.825240 66.996930 44.578972 20.472065 17.038838 14.810618 12.700000 10.776307 9.158100 8.032185 7.620000 15.240000 12.700000 10.160000 7.620000 5.080000 2.540000 0.000000 43.731072 41.250028 38.776618 36.312403 33.859391 38.006118 36.280037 34.654298 33.143670 31.764581 30.534857 29.473201 32.977243 30.972160 29.050886 27.231168 25.534725 23.987728 22.620858 
54.735399 83.596916 10.448068 64.044068 35.686901 35.338405 35.170357 35.185343 35.383130 35.760686 36.312403 43.213087 42.925737 42.787499 42.799818 42.962564 43.274042 43.731072 0.000000 2.540000 5.080000 7.620000 10.160000 23.340053 21.511618 19.840478 18.369612 17.150624 16.240331 15.692546 28.977096 27.525692 26.240400 25.146703 24.270515 23.636040 23.263061 
54.877150 81.693219 11.166910 61.538446 33.187688 32.812659 32.631606 32.647758 32.860822 33.267017 33.859391 40.700480 40.395260 40.248331 40.261427 40.434392 40.765191 41.250028 2.540000 0.000000 2.540000 5.080000 7.620000 21.731539 19.754783 17.920555 16.277111 14.887767 13.829319 13.181719 26.990076 25.425497 24.028124 22.828683 21.859781 21.153120 20.735529 
55.135674 79.824952 12.375008 59.035763 30.695172 30.289297 30.093067 30.110580 30.341466 30.780925 31.420205 38.191496 37.866058 37.709276 37.723253 37.907801 38.260451 38.776618 5.080000 2.540000 0.000000 2.540000 5.080000 20.314151 18.183959 16.172546 14.330013 12.729907 11.474101 10.684692 25.102979 23.412629 21.887121 20.563174 19.481924 18.685551 18.211465 
55.509339 77.994661 13.945787 56.536408 28.211127 27.768969 27.554796 27.573922 27.825864 28.304407 28.998335 35.686901 35.338405 35.170357 35.185343 35.383130 35.760686 36.312403 7.620000 5.080000 2.540000 0.000000 2.540000 19.130417 16.851246 14.658082 12.595928 10.740515 9.217544 8.214059 23.340053 21.511618 19.840478 18.369612 17.150624 16.240331 15.692546 
55.995840 76.205082 15.771250 54.040844 25.738007 25.252583 25.016877 25.037941 25.315134 25.840216 26.598510 33.187688 32.812659 32.631606 32.647758 32.860822 33.267017 33.859391 10.160000 7.620000 5.080000 2.540000 0.000000 18.225920 15.816947 13.456251 11.174468 9.031611 7.153632 5.803628 21.731539 19.754783 17.920555 16.277111 14.887767 13.829319 13.181719 
41.122727 60.524279 32.680509 55.137332 22.620858 23.987728 25.534725 27.231168 29.050886 30.972160 32.977243 29.473201 30.534857 31.764581 33.143670 34.654298 36.280037 38.006118 23.340053 21.731539 20.314151 19.130417 18.225920 0.000000 2.540000 5.080000 7.620000 10.160000 12.700000 15.240000 7.620000 8.032185 9.158100 10.776307 12.700000 14.810618 17.038838 
43.439356 62.121553 30.556745 53.905699 21.468547 22.620858 23.987728 25.534725 27.231168 29.050886 30.972160 28.598337 29.473201 30.534857 31.764581 33.143670 34.654298 36.280037 21.511618 19.754783 18.183959 16.851246 15.816947 2.540000 0.000000 2.540000 5.080000 7.620000 10.160000 12.700000 8.032185 7.620000 8.032185 9.158100 10.776307 12.700000 14.810618 
45.779688 63.780009 28.501173 52.767666 20.566891 21.468547 22.620858 23.987728 25.534725 27.231168 29.050886 27.927825 28.598337 29.473201 30.534857 31.764581 33.143670 34.654298 19.840478 17.920555 16.172546 14.658082 13.456251 5.080000 2.540000 0.000000 2.540000 5.080000 7.620000 10.160000 9.158100 8.032185 7.620000 8.032185 9.158100 10.776307 12.700000 
48.140266 65.494999 26.529648 51.729411 19.949905 20.566891 21.468547 22.620858 23.987728 25.534725 27.231168 27.476628 27.927825 28.598337 29.473201 30.534857 31.764581 33.143670 18.369612 16.277111 14.330013 12.595928 11.174468 7.620000 5.080000 2.540000 0.000000 2.540000 5.080000 7.620000 10.776307 9.158100 8.032185 7.620000 8.032185 9.158100 10.776307 
50.518252 67.262199 24.662336 50.797052 19.644429 19.949905 20.566891 21.468547 22.620858 23.987728 25.534725 27.255642 27.476628 27.927825 28.598337 29.473201 30.534857 31.764581 17.150624 14.887767 12.729907 10.740515 9.031611 10.160000 7.620000 5.080000 2.540000 0.000000 2.540000 5.080000 12.700000 10.776307 9.158100 8.032185 7.620000 8.032185 9.158100 
52.911299 69.077603 22.924716 49.976517 19.664987 19.644429 19.949905 20.566891 21.468547 22.620858 23.987728 27.270462 27.255642 27.476628 27.927825 28.598337 29.473201 30.534857 16.240331 13.829319 11.474101 9.217544 7.153632 12.700000 10.160000 7.620000 5.080000 2.540000 0.000000 2.540000 14.810618 12.700000 10.776307 9.158100 8.032185 7.620000 8.032185 
55.317453 70.937509 21.348480 49.273393 20.010572 19.664987 19.644429 19.949905 20.566891 21.468547 22.620858 27.520709 27.270462 27.255642 27.476628 27.927825 28.598337 29.473201 15.692546 13.181719 10.684692 8.214059 5.803628 15.240000 12.700000 10.160000 7.620000 5.080000 2.540000 0.000000 17.038838 14.810618 12.700000 10.776307 9.158100 8.032185 7.620000 
44.869267 54.724408 37.285227 48.700080 16.457995 18.291350 20.277687 22.376302 24.558428 26.803677 29.097440 22.620858 23.987728 25.534725 27.231168 29.050886 30.972160 32.977243 28.977096 26.990076 25.102979 23.340053 21.731539 7.620000 8.032185 9.158100 10.776307 12.700000 14.810618 17.038838 0.000000 2.540000 5.080000 7.620000 10.160000 12.700000 15.240000 
47.001597 56.485925 35.438498 47.301129 14.834450 16.457995 18.291350 20.277687 22.376302 24.558428 26.803677 21.468547 22.620858 23.987728 25.534725 27.231168 29.050886 30.972160 27.525692 25.425497 23.412629 21.511618 19.754783 8.032185 7.620000 8.032185 9.158100 10.776307 12.700000 14.810618 2.540000 0.000000 2.540000 5.080000 7.620000 10.160000 12.700000 
49.172678 58.304905 33.682181 45.999989 13.496644 14.834450 16.457995 18.291350 20.277687 22.376302 24.558428 20.566891 21.468547 22.620858 23.987728 25.534725 27.231168 29.050886 26.240400 24.028124 21.887121 19.840478 17.920555 9.158100 8.032185 7.620000 8.032185 9.158100 10.776307 12.700000 5.080000 2.540000 0.000000 2.540000 5.080000 7.620000 10.160000 
51.377599 60.176136 32.031152 44.805183 12.536391 13.496644 14.834450 16.457995 18.291350 20.277687 22.376302 19.949905 20.566891 21.468547 22.620858 23.987728 25.534725 27.231168 25.146703 22.828683 20.563174 18.369612 16.277111 10.776307 9.158100 8.032185 7.620000 8.032185 9.158100 10.776307 7.620000 5.080000 2.540000 0.000000 2.540000 5.080000 7.620000 
53.612184 62.094895 30.502513 43.725427 12.044335 12.536391 13.496644 14.834450 16.457995 18.291350 20.277687 19.644429 19.949905 20.566891 21.468547 22.620858 23.987728 25.534725 24.270515 21.859781 19.481924 17.150624 14.887767 12.700000 10.776307 9.158100 8.032185 7.620000 8.032185 9.158100 10.160000 7.620000 5.080000 2.540000 0.000000 2.540000 5.080000 
55.872874 64.056910 29.115547 42.769437 12.077836 12.044335 12.536391 13.496644 14.834450 16.457995 18.291350 19.664987 19.644429 19.949905 20.566891 21.468547 22.620858 23.987728 23.636040 21.153120 18.685551 16.240331 13.829319 14.810618 12.700000 10.776307 9.158100 8.032185 7.620000 8.032185 12.700000 10.160000 7.620000 5.080000 2.540000 0.000000 2.540000 
58.156625 66.058328 27.891398 41.945676 12.632712 12.077836 12.044335 12.536391 13.496644 14.834450 16.457995 20.010572 19.664987 19.644429 19.949905 20.566891 21.468547 22.620858 23.263061 20.735529 18.211465 15.692546 13.181719 17.038838 14.810618 12.700000 10.776307 9.158100 8.032185 7.620000 15.240000 12.700000 10.160000 7.620000 5.080000 2.540000 0.000000 
