40
# Circuit board instance
Size: large
Nodes: 40
0.000000 65.000000 65.000000 91.923882 46.804086 48.964732 51.160244 53.386323 55.639299 57.916032 60.213830 51.305088 53.283530 55.307868 57.373244 59.475383 61.610522 63.775347 80.581811 81.547788 82.522003 83.504168 83.987600 84.914842 85.850857 86.795361 62.854460 64.569768 66.337999 68.155032 70.017069 71.920613 73.862456 68.736621 70.308570 71.935875 73.614865 75.342085 77.114295 78.928464 
65.000000 0.000000 91.923882 65.000000 56.072113 57.887860 59.756422 61.672999 63.633253 65.633270 67.669525 50.941844 52.933864 54.971080 57.048650 59.162324 61.308366 63.483496 62.265726 63.510897 64.757033 66.004079 61.458192 62.719397 63.980951 65.242832 45.478347 47.821041 50.182936 52.561443 54.954407 57.360017 59.776747 43.031616 45.500461 47.976734 50.459343 52.947396 55.440161 57.937029 
65.000000 91.923882 0.000000 65.000000 35.853347 34.090834 32.431630 30.892385 29.491889 28.250784 27.190904 41.557816 40.047154 38.644537 37.362135 36.212721 35.209323 34.364733 52.776207 52.695745 52.645805 52.626475 57.843035 57.769631 57.724081 57.706452 52.415721 51.339845 50.369185 49.509929 48.767967 48.148721 47.656974 59.341788 58.393661 57.542113 56.791488 56.145833 55.608806 55.183577 
91.923882 65.000000 65.000000 0.000000 47.317247 45.996134 44.780241 43.678357 42.699308 41.851716 41.143707 41.108533 39.580727 38.160969 36.861748 35.696226 34.677886 33.820028 12.996938 12.666250 12.456852 12.374903 8.307173 7.779627 7.433833 7.295680 29.410964 27.447708 25.586164 23.850159 22.269072 20.878129 19.717610 25.464578 23.169304 20.930641 18.768858 16.713812 14.810004 13.123418 
46.804086 56.072113 35.853347 47.317247 0.000000 2.540000 5.080000 7.620000 10.160000 12.700000 15.240000 7.620000 8.032185 9.158100 10.776307 12.700000 14.810618 17.038838 34.913608 35.711875 36.536856 37.386783 39.035436 39.751016 40.493791 41.262292 21.934529 22.343335 23.026698 23.961140 25.118656 26.469996 27.987099 29.523521 29.828499 30.343756 31.058831 31.960313 33.032945 34.260655 
48.964732 57.887860 34.090834 45.996134 2.540000 0.000000 2.540000 5.080000 7.620000 10.160000 12.700000 8.032185 7.620000 8.032185 9.158100 10.776307 12.700000 14.810618 33.404810 34.143927 34.913608 35.711875 37.691996 38.348572 39.035436 39.751016 21.815722 21.934529 22.343335 23.026698 23.961140 25.118656 26.469996 29.435361 29.523521 29.828499 30.343756 31.058831 31.960313 33.032945 
51.160244 59.756422 32.431630 44.780241 5.080000 2.540000 0.000000 2.540000 5.080000 7.620000 10.160000 9.158100 8.032185 7.620000 8.032185 9.158100 10.776307 12.700000 32.026643 32.698328 33.404810 34.143927 36.476171 37.067316 37.691996 38.348572 21.991615 21.815722 21.934529 22.343335 23.026698 23.961140 25.118656 29.565958 29.435361 29.523521 29.828499 30.343756 31.058831 31.960313 
53.386323 61.672999 30.892385 43.678357 7.620000 5.080000 2.540000 0.000000 2.540000 5.080000 7.620000 10.776307 9.158100 8.032185 7.620000 8.032185 9.158100 10.776307 30.796649 31.391986 32.026643 32.698328 35.401113 35.920218 36.476171 37.067316 22.455282 21.991615 21.815722 21.934529 22.343335 23.026698 23.961140 29.912446 29.565958 29.435361 29.523521 29.828499 30.343756 31.058831 
55.639299 63.633253 29.491889 42.699308 10.160000 7.620000 5.080000 2.540000 0.000000 2.540000 5.080000 12.700000 10.776307 9.158100 8.032185 7.620000 8.032185 9.158100 29.733222 30.242952 30.796649 31.391986 34.479990 34.920501 35.401113 35.920218 23.189469 22.455282 21.991615 21.815722 21.934529 22.343335 23.026698 30.467461 29.912446 29.565958 29.435361 29.523521 29.828499 30.343756 
57.916032 65.633270 28.250784 41.851716 12.700000 10.160000 7.620000 5.080000 2.540000 0.000000 2.540000 14.810618 12.700000 10.776307 9.158100 8.032185 7.620000 8.032185 28.854785 29.269756 29.733222 30.242952 33.725418 34.081137 34.479990 34.920501 24.169535 23.189469 22.455282 21.991615 21.815722 21.934529 22.343335 31.219884 30.467461 29.912446 29.565958 29.435361 29.523521 29.828499 
60.213830 67.669525 27.190904 41.143707 15.240000 12.700000 10.160000 7.620000 5.080000 2.540000 0.000000 17.038838 14.810618 12.700000 10.776307 9.158100 8.032185 7.620000 28.178643 28.490426 28.854785 29.269756 33.148773 33.414213 33.725418 34.081137 25.366998 24.169535 23.189469 22.455282 21.991615 21.815722 21.934529 32.155860 31.219884 30.467461 29.912446 29.565958 29.435361 29.523521 
51.305088 50.941844 41.557816 41.108533 7.620000 8.032185 9.158100 10.776307 12.700000 14.810618 17.038838 0.000000 2.540000 5.080000 7.620000 10.160000 12.700000 15.240000 29.300617 30.247383 31.217111 32.207727 32.953182 33.797784 34.668344 35.562954 14.378374 14.994621 15.995090 17.313299 18.882821 20.646423 22.558630 21.934529 22.343335 23.026698 23.961140 25.118656 26.469996 27.987099 
53.283530 52.933864 40.047154 39.580727 8.032185 7.620000 8.032185 9.158100 10.776307 12.700000 14.810618 2.540000 0.000000 2.540000 5.080000 7.620000 10.160000 12.700000 27.485405 28.379110 29.300617 30.247383 31.350175 32.136583 32.953182 33.797784 14.196472 14.378374 14.994621 15.995090 17.313299 18.882821 20.646423 21.815722 21.934529 22.343335 23.026698 23.961140 25.118656 26.469996 
55.307868 54.971080 38.644537 38.160969 9.158100 8.032185 7.620000 8.032185 9.158100 10.776307 12.700000 5.080000 2.540000 0.000000 2.540000 5.080000 7.620000 10.160000 25.792867 26.622299 27.485405 28.379110 29.877383 30.596288 31.350175 32.136583 14.465310 14.196472 14.378374 14.994621 15.995090 17.313299 18.882821 21.991615 21.815722 21.934529 22.343335 23.026698 23.961140 25.118656 
57.373244 57.048650 37.362135 36.861748 10.776307 9.158100 8.032185 7.620000 8.032185 9.158100 10.776307 7.620000 5.080000 2.540000 0.000000 2.540000 5.080000 7.620000 24.248705 25.000459 25.792867 26.622299 28.554960 29.196044 29.877383 30.596288 15.160929 14.465310 14.196472 14.378374 14.994621 15.995090 17.313299 22.455282 21.991615 21.815722 21.934529 22.343335 23.026698 23.961140 
59.475383 59.162324 36.212721 35.696226 12.700000 10.776307 9.158100 8.032185 7.620000 8.032185 9.158100 10.160000 7.620000 5.080000 2.540000 0.000000 2.540000 5.080000 22.882977 23.541501 24.248705 25.000459 27.404683 27.956901 28.554960 29.196044 16.228541 15.160929 14.465310 14.196472 14.378374 14.994621 15.995090 23.189469 22.455282 21.991615 21.815722 21.934529 22.343335 23.026698 
61.610522 61.308366 35.209323 34.677886 14.810618 12.700000 10.776307 9.158100 8.032185 7.620000 8.032185 12.700000 10.160000 7.620000 5.080000 2.540000 0.000000 2.540000 21.729352 22.277450 22.882977 23.541501 26.449022 26.901131 27.404683 27.956901 17.600582 16.228541 15.160929 14.465310 14.196472 14.378374 14.994621 24.169535 23.189469 22.455282 21.991615 21.815722 21.934529 22.343335 
63.775347 63.483496 34.364733 33.820028 17.038838 14.810618 12.700000 10.776307 9.158100 8.032185 7.620000 15.240000 12.700000 10.160000 7.620000 5.080000 2.540000 0.000000 20.823114 21.243129 21.729352 22.277450 25.709689 26.051037 26.449022 26.901131 19.211941 17.600582 16.228541 15.160929 14.465310 14.196472 14.378374 25.366998 24.169535 23.189469 22.455282 21.991615 21.815722 21.934529 
80.581811 62.265726 52.776207 12.996938 34.913608 33.404810 32.026643 30.796649 29.733222 28.854785 28.178643 29.300617 27.485405 25.792867 24.248705 22.882977 21.729352 20.823114 0.000000 1.270000 2.540000 3.810000 5.080000 5.236344 5.679613 6.350000 20.078117 17.655072 15.270085 12.944213 10.716016 8.661209 6.935654 19.368719 16.843932 14.324524 11.813938 9.319307 6.858063 4.485508 
81.547788 63.510897 52.695745 12.666250 35.711875 34.143927 32.698328 31.391986 30.242952 29.269756 28.490426 30.247383 28.379110 26.622299 25.000459 23.541501 22.277450 21.243129 1.270000 0.000000 1.270000 2.540000 5.236344 5.080000 5.236344 5.679613 21.299862 18.862748 16.456781 14.097914 11.814395 9.659807 7.742546 20.632513 18.105793 15.583392 13.067810 10.563920 8.082596 5.653627 
82.522003 64.757033 52.645805 12.456852 36.536856 34.913608 33.404810 32.026643 30.796649 29.733222 28.854785 31.217111 29.300617 27.485405 25.792867 24.248705 22.882977 21.729352 2.540000 1.270000 0.000000 1.270000 5.679613 5.236344 5.080000 5.236344 22.526945 20.078117 17.655072 15.270085 12.944213 10.716016 8.661209 21.897026 19.368719 16.843932 14.324524 11.813938 9.319307 6.858063 
83.504168 66.004079 52.626475 12.374903 37.386783 35.711875 34.143927 32.698328 31.391986 30.242952 29.269756 32.207727 30.247383 28.379110 26.622299 25.000459 23.541501 22.277450 3.810000 2.540000 1.270000 0.000000 6.350000 5.679613 5.236344 5.080000 23.758539 21.299862 18.862748 16.456781 14.097914 11.814395 9.659807 23.162138 20.632513 18.105793 15.583392 13.067810 10.563920 8.082596 
83.987600 61.458192 57.843035 8.307173 39.035436 37.691996 36.476171 35.401113 34.479990 33.725418 33.148773 32.953182 31.350175 29.877383 28.554960 27.404683 26.449022 25.709689 5.080000 5.236344 5.679613 6.350000 0.000000 1.270000 2.540000 3.810000 22.052267 19.871417 17.786151 15.834277 14.071414 12.577290 11.457529 19.516653 17.013833 14.523927 12.054941 9.622991 7.265364 5.086478 
84.914842 62.719397 57.769631 7.779627 39.751016 38.348572 37.067316 35.920218 34.920501 34.081137 33.414213 33.797784 32.136583 30.596288 29.196044 27.956901 26.901131 26.051037 5.236344 5.080000 5.236344 5.679613 1.270000 0.000000 1.270000 2.540000 23.170149 20.951729 18.814816 16.790559 14.924865 13.284711 11.963223 20.771449 18.263960 15.766883 13.286088 10.832769 8.430945 6.141334 
85.850857 63.980951 57.724081 7.433833 40.493791 39.035436 37.691996 36.476171 35.401113 34.479990 33.725418 34.668344 32.953182 31.350175 29.877383 28.554960 27.404683 26.449022 5.679613 5.236344 5.080000 5.236344 2.540000 1.270000 0.000000 1.270000 24.302982 22.052267 19.871417 17.786151 15.834277 14.071414 12.577290 22.027987 19.516653 17.013833 14.523927 12.054941 9.622991 7.265364 
86.795361 65.242832 57.706452 7.295680 41.262292 39.751016 38.348572 37.067316 35.920218 34.920501 34.081137 35.562954 33.797784 32.136583 30.596288 29.196044 27.956901 26.901131 6.350000 5.679613 5.236344 5.080000 3.810000 2.540000 1.270000 0.000000 25.448769 23.170149 20.951729 18.814816 16.790559 14.924865 13.284711 23.285986 20.771449 18.263960 15.766883 13.286088 10.832769 8.430945 
62.854460 45.478347 52.415721 29.410964 21.934529 21.815722 21.991615 22.455282 23.189469 24.169535 25.366998 14.378374 14.196472 14.465310 15.160929 16.228541 17.600582 19.211941 20.078117 21.299862 22.526945 23.758539 22.052267 23.170149 24.302982 25.448769 0.000000 2.540000 5.080000 7.620000 10.160000 12.700000 15.240000 7.620000 8.032185 9.158100 10.776307 12.700000 14.810618 17.038838 
64.569768 47.821041 51.339845 27.447708 22.343335 21.934529 21.815722 21.991615 22.455282 23.189469 24.169535 14.994621 14.378374 14.196472 14.465310 15.160929 16.228541 17.600582 17.655072 18.862748 20.078117 21.299862 19.871417 20.951729 22.052267 23.170149 2.540000 0.000000 2.540000 5.080000 7.620000 10.160000 12.700000 8.032185 7.620000 8.032185 9.158100 10.776307 12.700000 14.810618 
66.337999 50.182936 50.369185 25.586164 23.026698 22.343335 21.934529 21.815722 21.991615 22.455282 23.189469 15.995090 14.994621 14.378374 14.196472 14.465310 15.160929 16.228541 15.270085 16.456781 17.655072 18.862748 17.786151 18.814816 19.871417 20.951729 5.080000 2.540000 0.000000 2.540000 5.080000 7.620000 10.160000 9.158100 8.032185 7.620000 8.032185 9.158100 10.776307 12.700000 
68.155032 52.561443 49.509929 23.850159 23.961140 23.026698 22.343335 21.934529 21.815722 21.991615 22.455282 17.313299 15.995090 14.994621 14.378374 14.196472 14.465310 15.160929 12.944213 14.097914 15.270085 16.456781 15.834277 16.790559 17.786151 18.814816 7.620000 5.080000 2.540000 0.000000 2.540000 5.080000 7.620000 10.776307 9.158100 8.032185 7.620000 8.032185 9.158100 10.776307 
70.017069 54.954407 48.767967 22.269072 25.118656 23.961140 23.026698 22.343335 21.934529 21.815722 21.991615 18.882821 17.313299 15.995090 14.994621 14.378374 14.196472 14.465310 10.716016 11.814395 12.944213 14.097914 14.071414 14.924865 15.834277 16.790559 10.160000 7.620000 5.080000 2.540000 0.000000 2.540000 5.080000 12.700000 10.776307 9.158100 8.032185 7.620000 8.032185 9.158100 
71.920613 57.360017 48.148721 20.878129 26.469996 25.118656 23.961140 23.026698 22.343335 21.934529 21.815722 20.646423 18.882821 17.313299 15.995090 14.994621 14.378374 14.196472 8.661209 9.659807 10.716016 11.814395 12.577290 13.284711 14.071414 14.924865 12.700000 10.160000 7.620000 5.080000 2.540000 0.000000 2.540000 14.810618 12.700000 10.776307 9.158100 8.032185 7.620000 8.032185 
73.862456 59.776747 47.656974 19.717610 27.987099 26.469996 25.118656 23.961140 23.026698 22.343335 21.934529 22.558630 20.646423 18.882821 17.313299 15.995090 14.994621 14.378374 6.935654 7.742546 8.661209 9.659807 11.457529 11.963223 12.577290 13.284711 15.240000 12.700000 10.160000 7.620000 5.080000 2.540000 0.000000 17.038838 14.810618 12.700000 10.776307 9.158100 8.032185 7.620000 
68.736621 43.031616 59.341788 25.464578 29.523521 29.435361 29.565958 29.912446 30.467461 31.219884 32.155860 21.934529 21.815722 21.991615 22.455282 23.189469 24.169535 25.366998 19.368719 20.632513 21.897026 23.162138 19.516653 20.771449 22.027987 23.285986 7.620000 8.032185 9.158100 10.776307 12.700000 14.810618 17.038838 0.000000 2.540000 5.080000 7.620000 10.160000 12.700000 15.240000 
70.308570 45.500461 58.393661 23.169304 29.828499 29.523521 29.435361 29.565958 29.912446 30.467461 31.219884 22.343335 21.934529 21.815722 21.991615 22.455282 23.189469 24.169535 16.843932 18.105793 19.368719 20.632513 17.013833 18.263960 19.516653 20.771449 8.032185 7.620000 8.032185 9.158100 10.776307 12.700000 14.810618 2.540000 0.000000 2.540000 5.080000 7.620000 10.160000 12.700000 
71.935875 47.976734 57.542113 20.930641 30.343756 29.828499 29.523521 29.435361 29.565958 29.912446 30.467461 23.026698 22.343335 21.934529 21.815722 21.991615 22.455282 23.189469 14.324524 15.583392 16.843932 18.105793 14.523927 15.766883 17.013833 18.263960 9.158100 8.032185 7.620000 8.032185 9.158100 10.776307 12.700000 5.080000 2.540000 0.000000 2.540000 5.080000 7.620000 10.160000 
73.614865 50.459343 56.791488 18.768858 31.058831 30.343756 29.828499 29.523521 29.435361 29.565958 29.912446 23.961140 23.026698 22.343335 21.934529 21.815722 21.991615 22.455282 11.813938 13.067810 14.324524 15.583392 12.054941 13.286088 14.523927 15.766883 10.776307 9.158100 8.032185 7.620000 8.032185 9.158100 10.776307 7.620000 5.080000 2.540000 0.000000 2.540000 5.080000 7.620000 
75.342085 52.947396 56.145833 16.713812 31.960313 31.058831 30.343756 29.828499 29.523521 29.435361 29.565958 25.118656 23.961140 23.026698 22.343335 21.934529 21.815722 21.991615 9.319307 10.563920 11.813938 13.067810 9.622991 10.832769 12.054941 13.286088 12.700000 10.776307 9.158100 8.032185 7.620000 8.032185 9.158100 10.160000 7.620000 5.080000 2.540000 0.000000 2.540000 5.080000 
77.114295 55.440161 55.608806 14.810004 33.032945 31.960313 31.058831 30.343756 29.828499 29.523521 29.435361 26.469996 25.118656 23.961140 23.026698 22.343335 21.934529 21.815722 6.858063 8.082596 9.319307 10.563920 7.265364 8.430945 9.622991 10.832769 14.810618 12.700000 10.776307 9.158100 8.032185 7.620000 8.032185 12.700000 10.160000 7.620000 5.080000 2.540000 0.000000 2.540000 
78.928464 57.937029 55.183577 13.123418 34.260655 33.032945 31.960313 31.058831 30.343756 29.828499 29.523521 27.987099 26.469996 25.118656 23.961140 23.026698 22.343335 21.934529 4.485508 5.653627 6.858063 8.082596 5.086478 6.141334 7.265364 8.430945 17.038838 14.810618 12.700000 10.776307 9.158100 8.032185 7.620000 15.240000 12.700000 10.160000 7.620000 5.080000 2.540000 0.000000 
