47
# Circuit board instance
Size: large
Nodes: 47
0.000000 140.000000 140.000000 197.989899 91.090334 91.526106 92.029943 92.600734 93.237249 121.206112 122.339058 123.474672 124.612879 123.595221 124.706464 125.820712 126.937885 33.318149 35.232427 37.221660 39.274460 41.381369 43.534530 45.727412 38.874898 40.527553 42.268317 44.086754 45.973648 47.920914 49.921486 123.275288 124.181242 125.093529 126.012011 126.899813 127.780072 128.666845 129.559997 73.931493 74.509276 75.104091 75.715537 78.505853 79.050208 79.611103 80.188190 
140.000000 0.000000 197.989899 140.000000 154.488837 152.430902 150.387706 148.359858 146.347997 137.419124 138.419432 139.424132 140.433129 134.337160 135.360246 136.387483 137.418779 120.027207 120.572614 121.168821 121.815083 122.510607 123.254560 124.046070 112.579256 113.160567 113.795614 114.483506 115.223294 116.013987 116.854551 102.559169 103.646357 104.737660 105.832951 100.013744 101.128302 102.246484 103.368174 80.994113 81.521855 82.065859 82.625803 76.386842 76.946190 77.522309 78.114829 
140.000000 197.989899 0.000000 140.000000 52.083149 52.841589 53.709550 54.681818 55.752937 63.654916 63.025963 62.416515 61.827150 68.094092 67.506510 66.937869 66.388655 117.613065 115.121058 112.631195 110.143621 107.658496 105.175992 102.696301 119.306294 116.850403 114.398185 111.949881 109.505755 107.066092 104.631204 101.298387 100.647641 100.008788 99.382059 105.679370 105.055764 104.443878 103.843919 125.654655 124.576317 123.501624 122.430671 128.399360 127.344266 126.293129 125.246048 
197.989899 140.000000 140.000000 0.000000 135.210969 132.854752 130.505431 128.163384 125.829018 90.802216 90.362415 89.938398 89.530389 86.066831 85.602704 85.154990 84.723949 164.709637 162.939526 161.190004 159.461746 157.755453 156.071844 154.411662 159.363807 157.533640 155.723396 153.933775 152.165507 150.419345 148.696066 74.719139 73.834505 72.961252 72.099793 71.185081 70.255961 69.337654 68.430594 129.935650 128.893132 127.854730 126.820542 127.114816 126.048970 124.986940 123.928823 
91.090334 154.488837 52.083149 135.210969 0.000000 2.540000 5.080000 7.620000 10.160000 44.458757 44.989361 45.549204 46.137220 49.144513 49.625041 50.133143 50.667989 65.886011 63.366136 60.847935 58.331623 55.817458 53.305742 50.796839 67.251340 64.784592 62.323730 59.869479 57.422685 54.984346 52.555638 72.350626 72.321057 72.313784 72.328813 77.428187 77.400558 77.393762 77.407805 76.814423 75.879905 74.955255 74.040842 80.321254 79.428007 78.545137 77.672998 
91.526106 152.430902 52.841589 132.854752 2.540000 0.000000 2.540000 5.080000 7.620000 42.150147 42.709442 43.298773 43.916931 46.791351 47.295793 47.828646 48.388971 65.621497 63.091058 60.561419 58.032685 55.504981 52.978453 50.453277 66.702679 64.214859 61.731289 59.252504 56.779129 54.311905 51.851709 69.811979 69.781334 69.773796 69.789373 74.889365 74.860799 74.853773 74.868292 75.128465 74.172708 73.226504 72.290227 78.546344 77.632677 76.729152 75.836131 
92.029943 150.387706 53.709550 130.505431 5.080000 2.540000 0.000000 2.540000 5.080000 39.869686 40.460517 41.082122 41.733126 44.458757 44.989361 45.549204 46.137220 65.454552 62.917399 60.380485 57.843843 55.307508 52.771526 50.235950 66.246927 63.741322 61.238550 58.738975 56.243021 53.751195 51.264098 67.273433 67.241632 67.233810 67.249974 72.350626 72.321057 72.313784 72.328813 73.491633 72.514305 71.546172 70.587610 76.814423 75.879905 74.955255 74.040842 
92.600734 148.359858 54.681818 128.163384 7.620000 5.080000 2.540000 0.000000 2.540000 37.622494 38.248053 38.905024 39.591843 42.150147 42.709442 43.298773 43.916931 65.385924 62.846001 60.306084 57.766174 55.226272 52.686381 50.146500 65.886011 63.366136 60.847935 58.331623 55.817458 53.305742 50.796839 64.735002 64.701954 64.693824 64.710623 69.811979 69.781334 69.773796 69.789373 71.907281 70.908120 69.917750 68.936549 75.128465 74.172708 73.226504 72.290227 
93.237249 146.347997 55.752937 125.829018 10.160000 7.620000 5.080000 2.540000 0.000000 35.414904 36.078761 36.774506 37.500365 39.869686 40.460517 41.082122 41.733126 65.415923 62.877212 60.338608 57.800128 55.261787 52.723606 50.185609 65.621497 63.091058 60.561419 58.032685 55.504981 52.978453 50.453277 62.196699 62.162301 62.153839 62.171325 67.273433 67.241632 67.233810 67.249974 70.378955 69.357781 68.344948 67.340835 73.491633 72.514305 71.546172 70.587610 
121.206112 137.419124 63.654916 90.802216 44.458757 42.150147 39.869686 37.622494 35.414904 0.000000 1.270000 2.540000 3.810000 5.080000 5.236344 5.679613 6.350000 89.545345 87.183555 84.832063 82.491750 80.163595 77.848688 75.548247 87.068660 84.637787 82.213513 79.796438 77.387238 74.986672 72.595595 37.666977 36.995605 36.356214 35.750518 42.029948 41.429340 40.859389 40.321395 75.678655 74.422541 73.166906 71.911776 76.586627 75.345652 74.105660 72.866702 
122.339058 138.419432 63.025963 90.362415 44.989361 42.709442 40.460517 38.248053 36.078761 1.270000 0.000000 1.270000 2.540000 5.236344 5.080000 5.236344 5.679613 90.729850 88.363214 86.006469 83.660451 81.326087 79.004412 76.696578 88.286400 85.852434 83.424789 81.004035 78.590809 76.185825 73.789890 38.368650 37.666977 36.995605 36.356214 42.659919 42.029948 41.429340 40.859389 76.935224 75.678655 74.422541 73.166906 77.828539 76.586627 75.345652 74.105660 
123.474672 139.424132 62.416515 89.938398 45.549204 43.298773 41.082122 38.905024 36.774506 2.540000 1.270000 0.000000 1.270000 5.679613 5.236344 5.080000 5.236344 91.916639 89.545345 87.183555 84.832063 82.491750 80.163595 77.848688 89.505593 87.068660 84.637787 82.213513 79.796438 77.387238 74.986672 39.098993 38.368650 37.666977 36.995605 43.317972 42.659919 42.029948 41.429340 78.192228 76.935224 75.678655 74.422541 79.071343 77.828539 76.586627 75.345652 
124.612879 140.433129 61.827150 89.530389 46.137220 43.916931 41.733126 39.591843 37.500365 3.810000 2.540000 1.270000 0.000000 6.350000 5.679613 5.236344 5.080000 93.105623 90.729850 88.363214 86.006469 83.660451 81.326087 79.004412 90.726180 88.286400 85.852434 83.424789 81.004035 78.590809 76.185825 39.856430 39.098993 38.368650 37.666977 44.002846 43.317972 42.659919 42.029948 79.449645 78.192228 76.935224 75.678655 80.314998 79.071343 77.828539 76.586627 
123.595221 134.337160 68.094092 86.066831 49.144513 46.791351 44.458757 42.150147 39.869686 5.080000 5.236344 5.679613 6.350000 0.000000 1.270000 2.540000 3.810000 91.512274 89.202577 86.905733 84.622788 82.354899 80.103344 77.869539 88.654723 86.268554 83.891418 81.524106 79.167499 76.822583 74.490461 33.506695 32.750149 32.026109 31.336830 37.666977 36.995605 36.356214 35.750518 75.104054 73.838165 72.572421 71.306828 75.678655 74.422541 73.166906 71.911776 
124.706464 135.360246 67.506510 85.602704 49.625041 47.295793 44.989361 42.709442 40.460517 5.236344 5.080000 5.236344 5.679613 1.270000 0.000000 1.270000 2.540000 92.671642 90.355880 88.052486 85.762454 83.486885 81.226995 78.984128 89.850970 87.460555 85.078809 82.706481 80.344406 77.993514 75.654848 34.293596 33.506695 32.750149 32.026109 38.368650 37.666977 36.995605 36.356214 76.370078 75.104054 73.838165 72.572421 76.935224 75.678655 74.422541 73.166906 
125.820712 136.387483 66.937869 85.154990 50.133143 47.828646 45.549204 43.298773 41.082122 5.679613 5.236344 5.080000 5.236344 2.540000 1.270000 0.000000 1.270000 93.833874 91.512274 89.202577 86.905733 84.622788 82.354899 80.103344 91.049215 88.654723 86.268554 83.891418 81.524106 79.167499 76.822583 35.108812 34.293596 33.506695 32.750149 39.098993 38.368650 37.666977 36.995605 77.636233 76.370078 75.104054 73.838165 78.192228 76.935224 75.678655 74.422541 
126.937885 137.418779 66.388655 84.723949 50.667989 48.388971 46.137220 43.916931 41.733126 6.350000 5.679613 5.236344 5.080000 3.810000 2.540000 1.270000 0.000000 94.998866 92.671642 90.355880 88.052486 85.762454 83.486885 81.226995 92.249380 89.850970 87.460555 85.078809 82.706481 80.344406 77.993514 35.950417 35.108812 34.293596 33.506695 39.856430 39.098993 38.368650 37.666977 78.902511 77.636233 76.370078 75.104054 79.449645 78.192228 76.935224 75.678655 
33.318149 120.027207 117.613065 164.709637 65.886011 65.621497 65.454552 65.385924 65.415923 89.545345 90.729850 91.916639 93.105623 91.512274 92.671642 93.833874 94.998866 0.000000 2.540000 5.080000 7.620000 10.160000 12.700000 15.240000 7.620000 8.032185 9.158100 10.776307 12.700000 14.810618 17.038838 89.990498 90.885023 91.788403 92.700379 93.682049 94.541652 95.410416 96.288092 44.414064 44.676492 44.973266 45.303709 49.408328 49.644363 49.911606 50.209560 
35.232427 120.572614 115.121058 162.939526 63.366136 63.091058 62.917399 62.846001 62.877212 87.183555 88.363214 89.545345 90.729850 89.202577 90.355880 91.512274 92.671642 2.540000 0.000000 2.540000 5.080000 7.620000 10.160000 12.700000 8.032185 7.620000 8.032185 9.158100 10.776307 12.700000 14.810618 88.229087 89.105094 89.990498 90.885023 91.991349 92.831861 93.682049 94.541652 43.994622 44.186594 44.414064 44.676492 49.031628 49.203951 49.408328 49.644363 
37.221660 121.168821 112.631195 161.190004 60.847935 60.561419 60.380485 60.306084 60.338608 84.832063 86.006469 87.183555 88.363214 86.905733 88.052486 89.202577 90.355880 5.080000 2.540000 0.000000 2.540000 5.080000 7.620000 10.160000 9.158100 8.032185 7.620000 8.032185 9.158100 10.776307 12.700000 86.506398 87.362758 88.229087 89.105094 90.340431 91.160781 91.991349 92.831861 43.718962 43.838617 43.994622 44.186594 48.784439 48.891698 49.031628 49.203951 
39.274460 121.815083 110.143621 159.461746 58.331623 58.032685 57.843843 57.766174 57.800128 82.491750 83.660451 84.832063 86.006469 84.622788 85.762454 86.905733 88.052486 7.620000 5.080000 2.540000 0.000000 2.540000 5.080000 7.620000 10.776307 9.158100 8.032185 7.620000 8.032185 9.158100 10.776307 84.824792 85.660307 86.506398 87.362758 88.731515 89.530580 90.340431 91.160781 43.589812 43.635958 43.718962 43.838617 48.668733 48.710067 48.784439 48.891698 
41.381369 122.510607 107.658496 157.755453 55.817458 55.504981 55.307508 55.226272 55.261787 80.163595 81.326087 82.491750 83.660451 82.354899 83.486885 84.622788 85.762454 10.160000 7.620000 5.080000 2.540000 0.000000 2.540000 5.080000 12.700000 10.776307 9.158100 8.032185 7.620000 8.032185 9.158100 83.186759 84.000168 84.824792 85.660307 87.166928 87.943531 88.731515 89.530580 43.608474 43.580644 43.589812 43.635958 48.685448 48.660521 48.668733 48.710067 
43.534530 123.254560 105.175992 156.071844 53.305742 52.978453 52.771526 52.686381 52.723606 77.848688 79.004412 80.163595 81.326087 80.103344 81.226995 82.354899 83.486885 12.700000 10.160000 7.620000 5.080000 2.540000 0.000000 2.540000 14.810618 12.700000 10.776307 9.158100 8.032185 7.620000 8.032185 81.594925 82.384898 83.186759 84.000168 85.649099 86.402013 87.166928 87.943531 43.774759 43.673234 43.608474 43.580644 48.834448 48.743463 48.685448 48.660521 
45.727412 124.046070 102.696301 154.411662 50.796839 50.453277 50.235950 50.146500 50.185609 75.548247 76.696578 77.848688 79.004412 77.869539 78.984128 80.103344 81.226995 15.240000 12.700000 10.160000 7.620000 5.080000 2.540000 0.000000 17.038838 14.810618 12.700000 10.776307 9.158100 8.032185 7.620000 80.052044 80.817188 81.594925 82.384898 84.180557 84.908505 85.649099 86.402013 44.086996 43.912794 43.774759 43.673234 49.114529 48.958219 48.834448 48.743463 
38.874898 112.579256 119.306294 159.363807 67.251340 66.702679 66.246927 65.886011 65.621497 87.068660 88.286400 89.505593 90.726180 88.654723 89.850970 91.049215 92.249380 7.620000 8.032185 9.158100 10.776307 12.700000 14.810618 17.038838 0.000000 2.540000 5.080000 7.620000 10.160000 12.700000 15.240000 84.723132 85.672672 86.630423 87.596116 88.196521 89.109057 90.030259 90.959864 36.966504 37.281394 37.636524 38.030769 41.924659 42.202570 42.516615 42.866001 
40.527553 113.160567 116.850403 157.533640 64.784592 64.214859 63.741322 63.366136 63.091058 84.637787 85.852434 87.068660 88.286400 86.268554 87.460555 88.654723 89.850970 8.032185 7.620000 8.032185 9.158100 10.776307 12.700000 14.810618 2.540000 0.000000 2.540000 5.080000 7.620000 10.160000 12.700000 82.849810 83.782081 84.723132 85.672672 86.398543 87.292923 88.196521 89.109057 36.461488 36.692893 36.966504 37.281394 41.480052 41.683605 41.924659 42.202570 
42.268317 113.795614 114.398185 155.723396 62.323730 61.731289 61.238550 60.847935 60.561419 82.213513 83.424789 84.637787 85.852434 83.891418 85.078809 86.268554 87.460555 9.158100 8.032185 7.620000 8.032185 9.158100 10.776307 12.700000 5.080000 2.540000 0.000000 2.540000 5.080000 7.620000 10.160000 81.012815 81.926618 82.849810 83.782081 84.638605 85.513671 86.398543 87.292923 36.128396 36.273098 36.461488 36.692893 41.187566 41.314552 41.480052 41.683605 
44.086754 114.483506 111.949881 153.933775 59.869479 59.252504 58.738975 58.331623 58.032685 79.796438 81.004035 82.213513 83.424789 81.524106 82.706481 83.891418 85.078809 10.776307 9.158100 8.032185 7.620000 8.032185 9.158100 10.776307 7.620000 5.080000 2.540000 0.000000 2.540000 5.080000 7.620000 79.214674 80.108723 81.012815 81.926618 82.919129 83.773652 84.638605 85.513671 35.972004 36.027908 36.128396 36.273098 41.050453 41.099449 41.187566 41.314552 
45.973648 115.223294 109.505755 152.165507 57.422685 56.779129 56.243021 55.817458 55.504981 77.387238 78.590809 79.796438 81.004035 79.167499 80.344406 81.524106 82.706481 12.700000 10.776307 9.158100 8.032185 7.620000 8.032185 9.158100 10.160000 7.620000 5.080000 2.540000 0.000000 2.540000 5.080000 77.458093 78.331012 79.214674 80.108723 81.242683 82.075360 82.919129 83.773652 35.994616 35.960893 35.972004 36.027908 41.070268 41.040716 41.050453 41.099449 
47.920914 116.013987 107.066092 150.419345 54.984346 54.311905 53.751195 53.305742 52.978453 74.986672 76.185825 77.387238 78.590809 76.822583 77.993514 79.167499 80.344406 14.810618 12.700000 10.776307 9.158100 8.032185 7.620000 8.032185 12.700000 10.160000 7.620000 5.080000 2.540000 0.000000 2.540000 75.745964 76.596284 77.458093 78.331012 79.611986 80.421440 81.242683 82.075360 36.195895 36.073047 35.994616 35.960893 41.246787 41.139024 41.070268 41.040716 
49.921486 116.854551 104.631204 148.696066 52.555638 51.851709 51.264098 50.796839 50.453277 72.595595 73.789890 74.986672 76.185825 74.490461 75.654848 76.822583 77.993514 17.038838 14.810618 12.700000 10.776307 9.158100 8.032185 7.620000 15.240000 12.700000 10.160000 7.620000 5.080000 2.540000 0.000000 74.081367 74.907524 75.745964 76.596284 78.029906 78.814684 79.611986 80.421440 36.572893 36.362712 36.195895 36.073047 41.578012 41.393253 41.246787 41.139024 
123.275288 102.559169 101.298387 74.719139 72.350626 69.811979 67.273433 64.735002 62.196699 37.666977 38.368650 39.098993 39.856430 33.506695 34.293596 35.108812 35.950417 89.990498 88.229087 86.506398 84.824792 83.186759 81.594925 80.052044 84.723132 82.849810 81.012815 79.214674 77.458093 75.745964 74.081367 0.000000 1.270000 2.540000 3.810000 5.080000 5.236344 5.679613 6.350000 58.264609 57.078540 55.896159 54.717705 56.666642 55.446401 54.228445 53.012932 
124.181242 103.646357 100.647641 73.834505 72.321057 69.781334 67.241632 64.701954 62.162301 36.995605 37.666977 38.368650 39.098993 32.750149 33.506695 34.293596 35.108812 90.885023 89.105094 87.362758 85.660307 84.000168 82.384898 80.817188 85.672672 83.782081 81.926618 80.108723 78.331012 76.596284 74.907524 1.270000 0.000000 1.270000 2.540000 5.236344 5.080000 5.236344 5.679613 59.454145 58.264609 57.078540 55.896159 57.889024 56.666642 55.446401 54.228445 
125.093529 104.737660 100.008788 72.961252 72.313784 69.773796 67.233810 64.693824 62.153839 36.356214 36.995605 37.666977 38.368650 32.026109 32.750149 33.506695 34.293596 91.788403 89.990498 88.229087 86.506398 84.824792 83.186759 81.594925 86.630423 84.723132 82.849810 81.012815 79.214674 77.458093 75.745964 2.540000 1.270000 0.000000 1.270000 5.679613 5.236344 5.080000 5.236344 60.646945 59.454145 58.264609 57.078540 59.113413 57.889024 56.666642 55.446401 
126.012011 105.832951 99.382059 72.099793 72.328813 69.789373 67.249974 64.710623 62.171325 35.750518 36.356214 36.995605 37.666977 31.336830 32.026109 32.750149 33.506695 92.700379 90.885023 89.105094 87.362758 85.660307 84.000168 82.384898 87.596116 85.672672 83.782081 81.926618 80.108723 78.331012 76.596284 3.810000 2.540000 1.270000 0.000000 6.350000 5.679613 5.236344 5.080000 61.842819 60.646945 59.454145 58.264609 60.339688 59.113413 57.889024 56.666642 
126.899813 100.013744 105.679370 71.185081 77.428187 74.889365 72.350626 69.811979 67.273433 42.029948 42.659919 43.317972 44.002846 37.666977 38.368650 39.098993 39.856430 93.682049 91.991349 90.340431 88.731515 87.166928 85.649099 84.180557 88.196521 86.398543 84.638605 82.919129 81.242683 79.611986 78.029906 5.080000 5.236344 5.679613 6.350000 0.000000 1.270000 2.540000 3.810000 60.249761 59.103543 57.962485 56.826898 58.264609 57.078540 55.896159 54.717705 
127.780072 101.128302 105.055764 70.255961 77.400558 74.860799 72.321057 69.781334 67.241632 41.429340 42.029948 42.659919 43.317972 36.995605 37.666977 38.368650 39.098993 94.541652 92.831861 91.160781 89.530580 87.943531 86.402013 84.908505 89.109057 87.292923 85.513671 83.773652 82.075360 80.421440 78.814684 5.236344 5.080000 5.236344 5.679613 1.270000 0.000000 1.270000 2.540000 61.400851 60.249761 59.103543 57.962485 59.454145 58.264609 57.078540 55.896159 
128.666845 102.246484 104.443878 69.337654 77.393762 74.853773 72.313784 69.773796 67.233810 40.859389 41.429340 42.029948 42.659919 36.356214 36.995605 37.666977 38.368650 95.410416 93.682049 91.991349 90.340431 88.731515 87.166928 85.649099 90.030259 88.196521 86.398543 84.638605 82.919129 81.242683 79.611986 5.679613 5.236344 5.080000 5.236344 2.540000 1.270000 0.000000 1.270000 62.556543 61.400851 60.249761 59.103543 60.646945 59.454145 58.264609 57.078540 
129.559997 103.368174 103.843919 68.430594 77.407805 74.868292 72.328813 69.789373 67.249974 40.321395 40.859389 41.429340 42.029948 35.750518 36.356214 36.995605 37.666977 96.288092 94.541652 92.831861 91.160781 89.530580 87.943531 86.402013 90.959864 89.109057 87.292923 85.513671 83.773652 82.075360 80.421440 6.350000 5.679613 5.236344 5.080000 3.810000 2.540000 1.270000 0.000000 63.716586 62.556543 61.400851 60.249761 61.842819 60.646945 59.454145 58.264609 
73.931493 80.994113 125.654655 129.935650 76.814423 75.128465 73.491633 71.907281 70.378955 75.678655 76.935224 78.192228 79.449645 75.104054 76.370078 77.636233 78.902511 44.414064 43.994622 43.718962 43.589812 43.608474 43.774759 44.086996 36.966504 36.461488 36.128396 35.972004 35.994616 36.195895 36.572893 58.264609 59.454145 60.646945 61.842819 60.249761 61.400851 62.556543 63.716586 0.000000 1.270000 2.540000 3.810000 5.080000 5.236344 5.679613 6.350000 
74.509276 81.521855 124.576317 128.893132 75.879905 74.172708 72.514305 70.908120 69.357781 74.422541 75.678655 76.935224 78.192228 73.838165 75.104054 76.370078 77.636233 44.676492 44.186594 43.838617 43.635958 43.580644 43.673234 43.912794 37.281394 36.692893 36.273098 36.027908 35.960893 36.073047 36.362712 57.078540 58.264609 59.454145 60.646945 59.103543 60.249761 61.400851 62.556543 1.270000 0.000000 1.270000 2.540000 5.236344 5.080000 5.236344 5.679613 
75.104091 82.065859 123.501624 127.854730 74.955255 73.226504 71.546172 69.917750 68.344948 73.166906 74.422541 75.678655 76.935224 72.572421 73.838165 75.104054 76.370078 44.973266 44.414064 43.994622 43.718962 43.589812 43.608474 43.774759 37.636524 36.966504 36.461488 36.128396 35.972004 35.994616 36.195895 55.896159 57.078540 58.264609 59.454145 57.962485 59.103543 60.249761 61.400851 2.540000 1.270000 0.000000 1.270000 5.679613 5.236344 5.080000 5.236344 
75.715537 82.625803 122.430671 126.820542 74.040842 72.290227 70.587610 68.936549 67.340835 71.911776 73.166906 74.422541 75.678655 71.306828 72.572421 73.838165 75.104054 45.303709 44.676492 44.186594 43.838617 43.635958 43.580644 43.673234 38.030769 37.281394 36.692893 36.273098 36.027908 35.960893 36.073047 54.717705 55.896159 57.078540 58.264609 56.826898 57.962485 59.103543 60.249761 3.810000 2.540000 1.270000 0.000000 6.350000 5.679613 5.236344 5.080000 
78.505853 76.386842 128.399360 127.114816 80.321254 78.546344 76.814423 75.128465 73.491633 76.586627 77.828539 79.071343 80.314998 75.678655 76.935224 78.192228 79.449645 49.408328 49.031628 48.784439 48.668733 48.685448 48.834448 49.114529 41.924659 41.480052 41.187566 41.050453 41.070268 41.246787 41.578012 56.666642 57.889024 59.113413 60.339688 58.264609 59.454145 60.646945 61.842819 5.080000 5.236344 5.679613 6.350000 0.000000 1.270000 2.540000 3.810000 
79.050208 76.946190 127.344266 126.048970 79.428007 77.632677 75.879905 74.172708 72.514305 75.345652 76.586627 77.828539 79.071343 74.422541 75.678655 76.935224 78.192228 49.644363 49.203951 48.891698 48.710067 48.660521 48.743463 48.958219 42.202570 41.683605 41.314552 41.099449 41.040716 41.139024 41.393253 55.446401 56.666642 57.889024 59.113413 57.078540 58.264609 59.454145 60.646945 5.236344 5.080000 5.236344 5.679613 1.270000 0.000000 1.270000 2.540000 
79.611103 77.522309 126.293129 124.986940 78.545137 76.729152 74.955255 73.226504 71.546172 74.105660 75.345652 76.586627 77.828539 73.166906 74.422541 75.678655 76.935224 49.911606 49.408328 49.031628 48.784439 48.668733 48.685448 48.834448 42.516615 41.924659 41.480052 41.187566 41.050453 41.070268 41.246787 54.228445 55.446401 56.666642 57.889024 55.896159 57.078540 58.264609 59.454145 5.679613 5.236344 5.080000 5.236344 2.540000 1.270000 0.000000 1.270000 
80.188190 78.114829 125.246048 123.928823 77.672998 75.836131 74.040842 72.290227 70.587610 72.866702 74.105660 75.345652 76.586627 71.911776 73.166906 74.422541 75.678655 50.209560 49.644363 49.203951 48.891698 48.710067 48.660521 48.743463 42.866001 42.202570 41.683605 41.314552 41.099449 41.040716 41.139024 53.012932 54.228445 55.446401 56.666642 54.717705 55.896159 57.078540 58.264609 6.350000 5.679613 5.236344 5.080000 3.810000 2.540000 1.270000 0.000000 
