54
# Circuit board instance
Size: large
Nodes: 54
0.000000 115.000000 115.000000 162.634560 66.489151 67.088655 67.778104 68.554783 69.415764 70.357953 71.378134 73.944559 74.484081 75.105672 75.807314 76.586807 77.441799 78.369820 94.209548 96.438982 98.683428 100.941883 103.213428 105.497217 107.792473 98.130173 100.272475 102.432958 104.610494 106.804043 109.012635 111.235377 96.312375 97.579680 98.895994 100.259386 101.667962 103.119871 104.613308 103.026440 104.212129 105.445680 106.725434 108.049749 109.417008 110.825620 70.260014 71.232986 72.215185 73.206238 73.649293 74.578060 75.516764 76.465038 
115.000000 0.000000 162.634560 115.000000 52.163848 52.925868 53.797130 54.772421 55.846290 57.013169 58.267469 44.893849 45.777048 46.781640 47.899987 49.124320 50.446923 51.860279 107.685129 109.640893 111.620190 113.621792 115.644540 117.687343 119.749176 102.944543 104.988653 107.053999 109.139377 111.243658 113.365791 115.504792 56.381003 58.519552 60.689057 62.886314 65.108513 67.353186 69.618160 52.579382 54.866309 57.174605 59.501784 61.845714 64.204561 66.576738 87.773072 88.553830 89.345820 90.148743 83.806091 84.623458 85.451883 86.291046 
115.000000 162.634560 0.000000 115.000000 119.633674 117.507857 115.398787 113.307401 111.234694 109.181731 107.149647 123.932266 121.881447 119.849367 117.836996 115.845361 113.875551 111.928716 56.113067 54.676454 53.322192 52.056709 50.886628 49.818672 48.859537 62.472139 61.185019 59.977896 58.855695 57.823358 56.885780 56.047714 108.018681 106.440387 104.899855 103.398774 101.938886 100.521986 99.149918 114.045646 112.551898 111.096145 109.679899 108.304711 106.972163 105.683868 76.429370 75.412316 74.403038 73.401856 79.556253 78.579681 77.611602 76.652340 
162.634560 115.000000 115.000000 0.000000 112.305280 110.037977 107.782837 105.540641 103.312230 101.098518 98.900489 109.118589 106.783646 104.458272 102.143123 99.838908 97.546404 95.266455 76.611515 75.565618 74.591582 73.692258 72.870412 72.128691 71.469591 69.791232 68.641493 67.567715 66.573574 65.662689 64.838568 64.104557 74.637655 72.334639 70.048009 67.779425 65.530760 63.304137 61.101965 71.809146 69.412347 67.026096 64.651561 62.290082 59.943203 57.612707 92.785189 91.949225 91.123294 90.307669 89.041788 88.170340 87.308668 86.457063 
66.489151 52.163848 119.633674 112.305280 0.000000 2.540000 5.080000 7.620000 10.160000 12.700000 15.240000 7.620000 8.032185 9.158100 10.776307 12.700000 14.810618 17.038838 70.572479 73.019752 75.473154 77.932104 80.396094 82.864674 85.337446 68.888609 71.393626 73.901032 76.410591 78.922098 81.435372 83.950255 37.798553 40.010275 42.258927 44.538914 46.845662 49.175404 51.525022 42.168450 44.161859 46.208923 48.302821 50.437720 52.608630 54.811272 43.633078 44.773874 45.921454 47.075322 41.621030 42.815470 44.014141 45.216706 
67.088655 52.925868 117.507857 110.037977 2.540000 0.000000 2.540000 5.080000 7.620000 10.160000 12.700000 8.032185 7.620000 8.032185 9.158100 10.776307 12.700000 14.810618 68.131993 70.572479 73.019752 75.473154 77.932104 80.396094 82.864674 66.386249 68.888609 71.393626 73.901032 76.410591 78.922098 81.435372 35.630636 37.798553 40.010275 42.258927 44.538914 46.845662 49.175404 40.236673 42.168450 44.161859 46.208923 48.302821 50.437720 52.608630 41.374077 42.499611 43.633078 44.773874 39.246386 40.431196 41.621030 42.815470 
67.778104 53.797130 115.398787 107.782837 5.080000 2.540000 0.000000 2.540000 5.080000 7.620000 10.160000 9.158100 8.032185 7.620000 8.032185 9.158100 10.776307 12.700000 65.699052 68.131993 70.572479 73.019752 75.473154 77.932104 80.396094 63.886861 66.386249 68.888609 71.393626 73.901032 76.410591 78.922098 33.515028 35.630636 37.798553 40.010275 42.258927 44.538914 46.845662 38.375835 40.236673 42.168450 44.161859 46.208923 48.302821 50.437720 39.149536 40.257139 41.374077 42.499611 36.893777 38.067071 39.246386 40.431196 
68.554783 54.772421 113.307401 105.540641 7.620000 5.080000 2.540000 0.000000 2.540000 5.080000 7.620000 10.776307 9.158100 8.032185 7.620000 8.032185 9.158100 10.776307 63.274525 65.699052 68.131993 70.572479 73.019752 75.473154 77.932104 61.390807 63.886861 66.386249 68.888609 71.393626 73.901032 76.410591 31.462281 33.515028 35.630636 37.798553 40.010275 42.258927 44.538914 36.596759 38.375835 40.236673 42.168450 44.161859 46.208923 48.302821 36.965677 38.052080 39.149536 40.257139 34.567700 35.727096 36.893777 38.067071 
69.415764 55.846290 111.234694 103.312230 10.160000 7.620000 5.080000 2.540000 0.000000 2.540000 5.080000 12.700000 10.776307 9.158100 8.032185 7.620000 8.032185 9.158100 60.859419 63.274525 65.699052 68.131993 70.572479 73.019752 75.473154 58.898510 61.390807 63.886861 66.386249 68.888609 71.393626 73.901032 29.485528 31.462281 33.515028 35.630636 37.798553 40.010275 42.258927 34.911946 36.596759 38.375835 40.236673 42.168450 44.161859 46.208923 34.830153 35.891329 36.965677 38.052080 32.273893 33.416345 34.567700 35.727096 
70.357953 57.013169 109.181731 101.098518 12.700000 10.160000 7.620000 5.080000 2.540000 0.000000 2.540000 14.810618 12.700000 10.776307 9.158100 8.032185 7.620000 8.032185 58.454900 60.859419 63.274525 65.699052 68.131993 70.572479 73.019752 56.410469 58.898510 61.390807 63.886861 66.386249 68.888609 71.393626 27.601102 29.485528 31.462281 33.515028 35.630636 37.798553 40.010275 33.335693 34.911946 36.596759 38.375835 40.236673 42.168450 44.161859 32.752421 33.783390 34.830153 35.891329 30.019755 31.141324 32.273893 33.416345 
71.378134 58.267469 107.149647 98.900489 15.240000 12.700000 10.160000 7.620000 5.080000 2.540000 0.000000 17.038838 14.810618 12.700000 10.776307 9.158100 8.032185 7.620000 56.062332 58.454900 60.859419 63.274525 65.699052 68.131993 70.572479 53.927273 56.410469 58.898510 61.390807 63.886861 66.386249 68.888609 25.829217 27.601102 29.485528 31.462281 33.515028 35.630636 37.798553 31.884104 33.335693 34.911946 36.596759 38.375835 40.236673 42.168450 30.744200 31.738786 32.752421 33.783390 27.814932 28.910468 30.019755 31.141324 
73.944559 44.893849 123.932266 109.118589 7.620000 8.032185 9.158100 10.776307 12.700000 14.810618 17.038838 0.000000 2.540000 5.080000 7.620000 10.160000 12.700000 15.240000 73.016696 75.384663 77.763488 80.152205 82.549955 84.955973 87.369576 70.572479 73.019752 75.473154 77.932104 80.396094 82.864674 85.337446 34.574727 36.979769 39.401752 41.837735 44.285406 46.742930 49.208831 37.798553 40.010275 42.258927 44.538914 46.845662 49.175404 51.525022 47.517603 48.567241 49.627180 50.696775 44.821513 45.932802 47.052125 48.178921 
74.484081 45.777048 121.881447 106.783646 8.032185 7.620000 8.032185 9.158100 10.776307 12.700000 14.810618 2.540000 0.000000 2.540000 5.080000 7.620000 10.160000 12.700000 70.660680 73.016696 75.384663 77.763488 80.152205 82.549955 84.955973 68.131993 70.572479 73.019752 75.473154 77.932104 80.396094 82.864674 32.190424 34.574727 36.979769 39.401752 41.837735 44.285406 46.742930 35.630636 37.798553 40.010275 42.258927 44.538914 46.845662 49.175404 45.452077 46.478963 47.517603 48.567241 42.625540 43.718868 44.821513 45.932802 
75.105672 46.781640 119.849367 104.458272 9.158100 8.032185 7.620000 8.032185 9.158100 10.776307 12.700000 5.080000 2.540000 0.000000 2.540000 5.080000 7.620000 10.160000 68.317850 70.660680 73.016696 75.384663 77.763488 80.152205 82.549955 65.699052 68.131993 70.572479 73.019752 75.473154 77.932104 80.396094 29.831833 32.190424 34.574727 36.979769 39.401752 41.837735 44.285406 33.515028 35.630636 37.798553 40.010275 42.258927 44.538914 46.845662 43.436888 44.437758 45.452077 46.478963 40.469848 41.542265 42.625540 43.718868 
75.807314 47.899987 117.836996 102.143123 10.776307 9.158100 8.032185 7.620000 8.032185 9.158100 10.776307 7.620000 5.080000 2.540000 0.000000 2.540000 5.080000 7.620000 65.989610 68.317850 70.660680 73.016696 75.384663 77.763488 80.152205 63.274525 65.699052 68.131993 70.572479 73.019752 75.473154 77.932104 27.505568 29.831833 32.190424 34.574727 36.979769 39.401752 41.837735 31.462281 33.515028 35.630636 37.798553 40.010275 42.258927 44.538914 41.479372 42.450416 43.436888 44.437758 38.361227 39.409178 40.469848 41.542265 
76.586807 49.124320 115.845361 99.838908 12.700000 10.776307 9.158100 8.032185 7.620000 8.032185 9.158100 10.160000 7.620000 5.080000 2.540000 0.000000 2.540000 5.080000 63.677563 65.989610 68.317850 70.660680 73.016696 75.384663 77.763488 60.859419 63.274525 65.699052 68.131993 70.572479 73.019752 75.473154 25.220578 27.505568 29.831833 32.190424 34.574727 36.979769 39.401752 29.485528 31.462281 33.515028 35.630636 37.798553 40.010275 42.258927 39.588087 40.524864 41.479372 42.450416 36.307879 37.327068 38.361227 39.409178 
77.441799 50.446923 113.875551 97.546404 14.810618 12.700000 10.776307 9.158100 8.032185 7.620000 8.032185 12.700000 10.160000 7.620000 5.080000 2.540000 0.000000 2.540000 61.383536 63.677563 65.989610 68.317850 70.660680 73.016696 75.384663 58.454900 60.859419 63.274525 65.699052 68.131993 70.572479 73.019752 22.989171 25.220578 27.505568 29.831833 32.190424 34.574727 36.979769 27.601102 29.485528 31.462281 33.515028 35.630636 37.798553 40.010275 37.772982 38.670331 39.588087 40.524864 34.319726 35.304956 36.307879 37.327068 
78.369820 51.860279 111.928716 95.266455 17.038838 14.810618 12.700000 10.776307 9.158100 8.032185 7.620000 15.240000 12.700000 10.160000 7.620000 5.080000 2.540000 0.000000 59.109629 61.383536 63.677563 65.989610 68.317850 70.660680 73.016696 56.062332 58.454900 60.859419 63.274525 65.699052 68.131993 70.572479 20.828577 22.989171 25.220578 27.505568 29.831833 32.190424 34.574727 25.829217 27.601102 29.485528 31.462281 33.515028 35.630636 37.798553 36.045567 36.897529 37.772982 38.670331 32.408769 33.353756 34.319726 35.304956 
94.209548 107.685129 56.113067 76.611515 70.572479 68.131993 65.699052 63.274525 60.859419 58.454900 56.062332 73.016696 70.660680 68.317850 65.989610 63.677563 61.383536 59.109629 0.000000 2.540000 5.080000 7.620000 10.160000 12.700000 15.240000 7.620000 8.032185 9.158100 10.776307 12.700000 14.810618 17.038838 52.113937 50.428128 48.816319 47.286077 45.845571 44.503515 43.269071 57.950055 56.438839 55.003449 53.649972 52.384757 51.214346 50.145378 28.834384 27.564418 26.294454 25.024495 29.242985 27.991563 26.741892 25.494231 
96.438982 109.640893 54.676454 75.565618 73.019752 70.572479 68.131993 65.699052 63.274525 60.859419 58.454900 75.384663 73.016696 70.660680 68.317850 65.989610 63.677563 61.383536 2.540000 0.000000 2.540000 5.080000 7.620000 10.160000 12.700000 8.032185 7.620000 8.032185 9.158100 10.776307 12.700000 14.810618 53.866798 52.113937 50.428128 48.816319 47.286077 45.845571 44.503515 59.531322 57.950055 56.438839 55.003449 53.649972 52.384757 51.214346 31.374326 30.104354 28.834384 27.564418 31.750256 30.495944 29.242985 27.991563 
98.683428 111.620190 53.322192 74.591582 75.473154 73.019752 70.572479 68.131993 65.699052 63.274525 60.859419 77.763488 75.384663 73.016696 70.660680 68.317850 65.989610 63.677563 5.080000 2.540000 0.000000 2.540000 5.080000 7.620000 10.160000 9.158100 8.032185 7.620000 8.032185 9.158100 10.776307 12.700000 55.680380 53.866798 52.113937 50.428128 48.816319 47.286077 45.845571 61.177210 59.531322 57.950055 56.438839 55.003449 53.649972 52.384757 33.914276 32.644300 31.374326 30.104354 34.262349 33.005769 31.750256 30.495944 
100.941883 113.621792 52.056709 73.692258 77.932104 75.473154 73.019752 70.572479 68.131993 65.699052 63.274525 80.152205 77.763488 75.384663 73.016696 70.660680 68.317850 65.989610 7.620000 5.080000 2.540000 0.000000 2.540000 5.080000 7.620000 10.776307 9.158100 8.032185 7.620000 8.032185 9.158100 10.776307 57.548941 55.680380 53.866798 52.113937 50.428128 48.816319 47.286077 62.882645 61.177210 59.531322 57.950055 56.438839 55.003449 53.649972 36.454233 35.184254 33.914276 32.644300 36.778276 35.519884 34.262349 33.005769 
103.213428 115.644540 50.886628 72.870412 80.396094 77.932104 75.473154 73.019752 70.572479 68.131993 65.699052 82.549955 80.152205 77.763488 75.384663 73.016696 70.660680 68.317850 10.160000 7.620000 5.080000 2.540000 0.000000 2.540000 5.080000 12.700000 10.776307 9.158100 8.032185 7.620000 8.032185 9.158100 59.467300 57.548941 55.680380 53.866798 52.113937 50.428128 48.816319 64.642912 62.882645 61.177210 59.531322 57.950055 56.438839 55.003449 38.994196 37.724214 36.454233 35.184254 39.297300 38.037439 36.778276 35.519884 
105.497217 117.687343 49.818672 72.128691 82.864674 80.396094 77.932104 75.473154 73.019752 70.572479 68.131993 84.955973 82.549955 80.152205 77.763488 75.384663 73.016696 70.660680 12.700000 10.160000 7.620000 5.080000 2.540000 0.000000 2.540000 14.810618 12.700000 10.776307 9.158100 8.032185 7.620000 8.032185 61.430791 59.467300 57.548941 55.680380 53.866798 52.113937 50.428128 66.453656 64.642912 62.882645 61.177210 59.531322 57.950055 56.438839 41.534163 40.264179 38.994196 37.724214 41.818861 40.557793 39.297300 38.037439 
107.792473 119.749176 48.859537 71.469591 85.337446 82.864674 80.396094 77.932104 75.473154 73.019752 70.572479 87.369576 84.955973 82.549955 80.152205 77.763488 75.384663 73.016696 15.240000 12.700000 10.160000 7.620000 5.080000 2.540000 0.000000 17.038838 14.810618 12.700000 10.776307 9.158100 8.032185 7.620000 63.435223 61.430791 59.467300 57.548941 55.680380 53.866798 52.113937 68.310863 66.453656 64.642912 62.882645 61.177210 59.531322 57.950055 44.074134 42.804148 41.534163 40.264179 44.342528 43.080455 41.818861 40.557793 
98.130173 102.944543 62.472139 69.791232 68.888609 66.386249 63.886861 61.390807 58.898510 56.410469 53.927273 70.572479 68.131993 65.699052 63.274525 60.859419 58.454900 56.062332 7.620000 8.032185 9.158100 10.776307 12.700000 14.810618 17.038838 0.000000 2.540000 5.080000 7.620000 10.160000 12.700000 15.240000 46.793641 44.908557 43.090781 41.349190 39.693813 38.135879 36.687803 52.113937 50.428128 48.816319 47.286077 45.845571 44.503515 43.269071 29.876413 28.652669 27.433130 26.218384 28.963965 27.699940 26.436488 25.173695 
100.272475 104.988653 61.185019 68.641493 71.393626 68.888609 66.386249 63.886861 61.390807 58.898510 56.410469 73.019752 70.572479 68.131993 65.699052 63.274525 60.859419 58.454900 8.032185 7.620000 8.032185 9.158100 10.776307 12.700000 14.810618 2.540000 0.000000 2.540000 5.080000 7.620000 10.160000 12.700000 48.738223 46.793641 44.908557 43.090781 41.349190 39.693813 38.135879 53.866798 52.113937 50.428128 48.816319 47.286077 45.845571 44.503515 32.334604 31.103865 29.876413 28.652669 31.493458 30.228491 28.963965 27.699940 
102.432958 107.053999 59.977896 67.567715 73.901032 71.393626 68.888609 66.386249 63.886861 61.390807 58.898510 75.473154 73.019752 70.572479 68.131993 65.699052 63.274525 60.859419 9.158100 8.032185 7.620000 8.032185 9.158100 10.776307 12.700000 5.080000 2.540000 0.000000 2.540000 5.080000 7.620000 10.160000 50.735462 48.738223 46.793641 44.908557 43.090781 41.349190 39.693813 55.680380 53.866798 52.113937 50.428128 48.816319 47.286077 45.845571 34.804546 33.568268 32.334604 31.103865 34.024516 32.758814 31.493458 30.228491 
104.610494 109.139377 58.855695 66.573574 76.410591 73.901032 71.393626 68.888609 66.386249 63.886861 61.390807 77.932104 75.473154 73.019752 70.572479 68.131993 65.699052 63.274525 10.776307 9.158100 8.032185 7.620000 8.032185 9.158100 10.776307 7.620000 5.080000 2.540000 0.000000 2.540000 5.080000 7.620000 52.779381 50.735462 48.738223 46.793641 44.908557 43.090781 41.349190 57.548941 55.680380 53.866798 52.113937 50.428128 48.816319 47.286077 37.283903 36.043169 34.804546 33.568268 36.556814 35.290527 34.024516 32.758814 
106.804043 111.243658 57.823358 65.662689 78.922098 76.410591 73.901032 71.393626 68.888609 66.386249 63.886861 80.396094 77.932104 75.473154 73.019752 70.572479 68.131993 65.699052 12.700000 10.776307 9.158100 8.032185 7.620000 8.032185 9.158100 10.160000 7.620000 5.080000 2.540000 0.000000 2.540000 5.080000 54.864762 52.779381 50.735462 48.738223 46.793641 44.908557 43.090781 59.467300 57.548941 55.680380 53.866798 52.113937 50.428128 48.816319 39.770914 38.526544 37.283903 36.043169 39.090112 37.823351 36.556814 35.290527 
109.012635 113.365791 56.885780 64.838568 81.435372 78.922098 76.410591 73.901032 71.393626 68.888609 66.386249 82.864674 80.396094 77.932104 75.473154 73.019752 70.572479 68.131993 14.810618 12.700000 10.776307 9.158100 8.032185 7.620000 8.032185 12.700000 10.160000 7.620000 5.080000 2.540000 0.000000 2.540000 56.987055 54.864762 52.779381 50.735462 48.738223 46.793641 44.908557 61.430791 59.467300 57.548941 55.680380 53.866798 52.113937 50.428128 42.264228 41.016855 39.770914 38.526544 41.624227 40.357077 39.090112 37.823351 
111.235377 115.504792 56.047714 64.104557 83.950255 81.435372 78.922098 76.410591 73.901032 71.393626 68.888609 85.337446 82.864674 80.396094 77.932104 75.473154 73.019752 70.572479 17.038838 14.810618 12.700000 10.776307 9.158100 8.032185 7.620000 15.240000 12.700000 10.160000 7.620000 5.080000 2.540000 0.000000 59.142286 56.987055 54.864762 52.779381 50.735462 48.738223 46.793641 63.435223 61.430791 59.467300 57.548941 55.680380 53.866798 52.113937 44.762793 43.512911 42.264228 41.016855 44.159018 42.891545 41.624227 40.357077 
96.312375 56.381003 108.018681 74.637655 37.798553 35.630636 33.515028 31.462281 29.485528 27.601102 25.829217 34.574727 32.190424 29.831833 27.505568 25.220578 22.989171 20.828577 52.113937 53.866798 55.680380 57.548941 59.467300 61.430791 63.435223 46.793641 48.738223 50.735462 52.779381 54.864762 56.987055 59.142286 0.000000 2.540000 5.080000 7.620000 10.160000 12.700000 15.240000 7.620000 8.032185 9.158100 10.776307 12.700000 14.810618 17.038838 39.081502 39.311553 39.581035 39.889150 34.081856 34.345412 34.653535 35.005049 
97.579680 58.519552 106.440387 72.334639 40.010275 37.798553 35.630636 33.515028 31.462281 29.485528 27.601102 36.979769 34.574727 32.190424 29.831833 27.505568 25.220578 22.989171 50.428128 52.113937 53.866798 55.680380 57.548941 59.467300 61.430791 44.908557 46.793641 48.738223 50.735462 52.779381 54.864762 56.987055 2.540000 0.000000 2.540000 5.080000 7.620000 10.160000 12.700000 8.032185 7.620000 8.032185 9.158100 10.776307 12.700000 14.810618 38.742386 38.891583 39.081502 39.311553 33.692456 33.863910 34.081856 34.345412 
98.895994 60.689057 104.899855 70.048009 42.258927 40.010275 37.798553 35.630636 33.515028 31.462281 29.485528 39.401752 36.979769 34.574727 32.190424 29.831833 27.505568 25.220578 48.816319 50.428128 52.113937 53.866798 55.680380 57.548941 59.467300 43.090781 44.908557 46.793641 48.738223 50.735462 52.779381 54.864762 5.080000 2.540000 0.000000 2.540000 5.080000 7.620000 10.160000 9.158100 8.032185 7.620000 8.032185 9.158100 10.776307 12.700000 38.567919 38.634383 38.742386 38.891583 33.491693 33.568209 33.692456 33.863910 
100.259386 62.886314 103.398774 67.779425 44.538914 42.258927 40.010275 37.798553 35.630636 33.515028 31.462281 41.837735 39.401752 36.979769 34.574727 32.190424 29.831833 27.505568 47.286077 48.816319 50.428128 52.113937 53.866798 55.680380 57.548941 41.349190 43.090781 44.908557 46.793641 48.738223 50.735462 52.779381 7.620000 5.080000 2.540000 0.000000 2.540000 5.080000 7.620000 10.776307 9.158100 8.032185 7.620000 8.032185 9.158100 10.776307 38.560335 38.543209 38.567919 38.634383 33.482959 33.463235 33.491693 33.568209 
101.667962 65.108513 101.938886 65.530760 46.845662 44.538914 42.258927 40.010275 37.798553 35.630636 33.515028 44.285406 41.837735 39.401752 36.979769 34.574727 32.190424 29.831833 45.845571 47.286077 48.816319 50.428128 52.113937 53.866798 55.680380 39.693813 41.349190 43.090781 44.908557 46.793641 48.738223 50.735462 10.160000 7.620000 5.080000 2.540000 0.000000 2.540000 5.080000 12.700000 10.776307 9.158100 8.032185 7.620000 8.032185 9.158100 38.719733 38.619240 38.560335 38.543209 33.666405 33.550779 33.482959 33.463235 
103.119871 67.353186 100.521986 63.304137 49.175404 46.845662 44.538914 42.258927 40.010275 37.798553 35.630636 46.742930 44.285406 41.837735 39.401752 36.979769 34.574727 32.190424 44.503515 45.845571 47.286077 48.816319 50.428128 52.113937 53.866798 38.135879 39.693813 41.349190 43.090781 44.908557 46.793641 48.738223 12.700000 10.160000 7.620000 5.080000 2.540000 0.000000 2.540000 14.810618 12.700000 10.776307 9.158100 8.032185 7.620000 8.032185 39.044067 38.861492 38.719733 38.619240 34.038923 33.829346 33.666405 33.550779 
104.613308 69.618160 99.149918 61.101965 51.525022 49.175404 46.845662 44.538914 42.258927 40.010275 37.798553 49.208831 46.742930 44.285406 41.837735 39.401752 36.979769 34.574727 43.269071 44.503515 45.845571 47.286077 48.816319 50.428128 52.113937 36.687803 38.135879 39.693813 41.349190 43.090781 44.908557 46.793641 15.240000 12.700000 10.160000 7.620000 5.080000 2.540000 0.000000 17.038838 14.810618 12.700000 10.776307 9.158100 8.032185 7.620000 39.529278 39.266889 39.044067 38.861492 34.594407 34.294282 34.038923 33.829346 
103.026440 52.579382 114.045646 71.809146 42.168450 40.236673 38.375835 36.596759 34.911946 33.335693 31.884104 37.798553 35.630636 33.515028 31.462281 29.485528 27.601102 25.829217 57.950055 59.531322 61.177210 62.882645 64.642912 66.453656 68.310863 52.113937 53.866798 55.680380 57.548941 59.467300 61.430791 63.435223 7.620000 8.032185 9.158100 10.776307 12.700000 14.810618 17.038838 0.000000 2.540000 5.080000 7.620000 10.160000 12.700000 15.240000 46.613561 46.806607 47.033165 47.292754 41.588629 41.804885 42.058395 42.348489 
104.212129 54.866309 112.551898 69.412347 44.161859 42.168450 40.236673 38.375835 36.596759 34.911946 33.335693 40.010275 37.798553 35.630636 33.515028 31.462281 29.485528 27.601102 56.438839 57.950055 59.531322 61.177210 62.882645 64.642912 66.453656 50.428128 52.113937 53.866798 55.680380 57.548941 59.467300 61.430791 8.032185 7.620000 8.032185 9.158100 10.776307 12.700000 14.810618 2.540000 0.000000 2.540000 5.080000 7.620000 10.160000 12.700000 46.329610 46.454446 46.613561 46.806607 41.270119 41.410210 41.588629 41.804885 
105.445680 57.174605 111.096145 67.026096 46.208923 44.161859 42.168450 40.236673 38.375835 36.596759 34.911946 42.258927 40.010275 37.798553 35.630636 33.515028 31.462281 29.485528 55.003449 56.438839 57.950055 59.531322 61.177210 62.882645 64.642912 48.816319 50.428128 52.113937 53.866798 55.680380 57.548941 59.467300 9.158100 8.032185 7.620000 8.032185 9.158100 10.776307 12.700000 5.080000 2.540000 0.000000 2.540000 5.080000 7.620000 10.160000 46.183814 46.239332 46.329610 46.454446 41.106381 41.168747 41.270119 41.410210 
106.725434 59.501784 109.679899 64.651561 48.302821 46.208923 44.161859 42.168450 40.236673 38.375835 36.596759 44.538914 42.258927 40.010275 37.798553 35.630636 33.515028 31.462281 53.649972 55.003449 56.438839 57.950055 59.531322 61.177210 62.882645 47.286077 48.816319 50.428128 52.113937 53.866798 55.680380 57.548941 10.776307 9.158100 8.032185 7.620000 8.032185 9.158100 10.776307 7.620000 5.080000 2.540000 0.000000 2.540000 5.080000 7.620000 46.177481 46.163181 46.183814 46.239332 41.099266 41.083199 41.106381 41.168747 
108.049749 61.845714 108.304711 62.290082 50.437720 48.302821 46.208923 44.161859 42.168450 40.236673 38.375835 46.845662 44.538914 42.258927 40.010275 37.798553 35.630636 33.515028 52.384757 53.649972 55.003449 56.438839 57.950055 59.531322 61.177210 45.845571 47.286077 48.816319 50.428128 52.113937 53.866798 55.680380 12.700000 10.776307 9.158100 8.032185 7.620000 8.032185 9.158100 10.160000 7.620000 5.080000 2.540000 0.000000 2.540000 5.080000 46.310668 46.226680 46.177481 46.163181 41.248854 41.154537 41.099266 41.083199 
109.417008 64.204561 106.972163 59.943203 52.608630 50.437720 48.302821 46.208923 44.161859 42.168450 40.236673 49.175404 46.845662 44.538914 42.258927 40.010275 37.798553 35.630636 51.214346 52.384757 53.649972 55.003449 56.438839 57.950055 59.531322 44.503515 45.845571 47.286077 48.816319 50.428128 52.113937 53.866798 14.810618 12.700000 10.776307 9.158100 8.032185 7.620000 8.032185 12.700000 10.160000 7.620000 5.080000 2.540000 0.000000 2.540000 46.582180 46.429256 46.310668 46.226680 41.553452 41.381950 41.248854 41.154537 
110.825620 66.576738 105.683868 57.612707 54.811272 52.608630 50.437720 48.302821 46.208923 44.161859 42.168450 51.525022 49.175404 46.845662 44.538914 42.258927 40.010275 37.798553 50.145378 51.214346 52.384757 53.649972 55.003449 56.438839 57.950055 43.269071 44.503515 45.845571 47.286077 48.816319 50.428128 52.113937 17.038838 14.810618 12.700000 10.776307 9.158100 8.032185 7.620000 15.240000 12.700000 10.160000 7.620000 5.080000 2.540000 0.000000 46.989617 46.769102 46.582180 46.429256 42.009690 41.762888 41.553452 41.381950 
70.260014 87.773072 76.429370 92.785189 43.633078 41.374077 39.149536 36.965677 34.830153 32.752421 30.744200 47.517603 45.452077 43.436888 41.479372 39.588087 37.772982 36.045567 28.834384 31.374326 33.914276 36.454233 38.994196 41.534163 44.074134 29.876413 32.334604 34.804546 37.283903 39.770914 42.264228 44.762793 39.081502 38.742386 38.567919 38.560335 38.719733 39.044067 39.529278 46.613561 46.329610 46.183814 46.177481 46.310668 46.582180 46.989617 0.000000 1.270000 2.540000 3.810000 5.080000 5.236344 5.679613 6.350000 
71.232986 88.553830 75.412316 91.949225 44.773874 42.499611 40.257139 38.052080 35.891329 33.783390 31.738786 48.567241 46.478963 44.437758 42.450416 40.524864 38.670331 36.897529 27.564418 30.104354 32.644300 35.184254 37.724214 40.264179 42.804148 28.652669 31.103865 33.568268 36.043169 38.526544 41.016855 43.512911 39.311553 38.891583 38.634383 38.543209 38.619240 38.861492 39.266889 46.806607 46.454446 46.239332 46.163181 46.226680 46.429256 46.769102 1.270000 0.000000 1.270000 2.540000 5.236344 5.080000 5.236344 5.679613 
72.215185 89.345820 74.403038 91.123294 45.921454 43.633078 41.374077 39.149536 36.965677 34.830153 32.752421 49.627180 47.517603 45.452077 43.436888 41.479372 39.588087 37.772982 26.294454 28.834384 31.374326 33.914276 36.454233 38.994196 41.534163 27.433130 29.876413 32.334604 34.804546 37.283903 39.770914 42.264228 39.581035 39.081502 38.742386 38.567919 38.560335 38.719733 39.044067 47.033165 46.613561 46.329610 46.183814 46.177481 46.310668 46.582180 2.540000 1.270000 0.000000 1.270000 5.679613 5.236344 5.080000 5.236344 
73.206238 90.148743 73.401856 90.307669 47.075322 44.773874 42.499611 40.257139 38.052080 35.891329 33.783390 50.696775 48.567241 46.478963 44.437758 42.450416 40.524864 38.670331 25.024495 27.564418 30.104354 32.644300 35.184254 37.724214 40.264179 26.218384 28.652669 31.103865 33.568268 36.043169 38.526544 41.016855 39.889150 39.311553 38.891583 38.634383 38.543209 38.619240 38.861492 47.292754 46.806607 46.454446 46.239332 46.163181 46.226680 46.429256 3.810000 2.540000 1.270000 0.000000 6.350000 5.679613 5.236344 5.080000 
73.649293 83.806091 79.556253 89.041788 41.621030 39.246386 36.893777 34.567700 32.273893 30.019755 27.814932 44.821513 42.625540 40.469848 38.361227 36.307879 34.319726 32.408769 29.242985 31.750256 34.262349 36.778276 39.297300 41.818861 44.342528 28.963965 31.493458 34.024516 36.556814 39.090112 41.624227 44.159018 34.081856 33.692456 33.491693 33.482959 33.666405 34.038923 34.594407 41.588629 41.270119 41.106381 41.099266 41.248854 41.553452 42.009690 5.080000 5.236344 5.679613 6.350000 0.000000 1.270000 2.540000 3.810000 
74.578060 84.623458 78.579681 88.170340 42.815470 40.431196 38.067071 35.727096 33.416345 31.141324 28.910468 45.932802 43.718868 41.542265 39.409178 37.327068 35.304956 33.353756 27.991563 30.495944 33.005769 35.519884 38.037439 40.557793 43.080455 27.699940 30.228491 32.758814 35.290527 37.823351 40.357077 42.891545 34.345412 33.863910 33.568209 33.463235 33.550779 33.829346 34.294282 41.804885 41.410210 41.168747 41.083199 41.154537 41.381950 41.762888 5.236344 5.080000 5.236344 5.679613 1.270000 0.000000 1.270000 2.540000 
75.516764 85.451883 77.611602 87.308668 44.014141 41.621030 39.246386 36.893777 34.567700 32.273893 30.019755 47.052125 44.821513 42.625540 40.469848 38.361227 36.307879 34.319726 26.741892 29.242985 31.750256 34.262349 36.778276 39.297300 41.818861 26.436488 28.963965 31.493458 34.024516 36.556814 39.090112 41.624227 34.653535 34.081856 33.692456 33.491693 33.482959 33.666405 34.038923 42.058395 41.588629 41.270119 41.106381 41.099266 41.248854 41.553452 5.679613 5.236344 5.080000 5.236344 2.540000 1.270000 0.000000 1.270000 
76.465038 86.291046 76.652340 86.457063 45.216706 42.815470 40.431196 38.067071 35.727096 33.416345 31.141324 48.178921 45.932802 43.718868 41.542265 39.409178 37.327068 35.304956 25.494231 27.991563 30.495944 33.005769 35.519884 38.037439 40.557793 25.173695 27.699940 30.228491 32.758814 35.290527 37.823351 40.357077 35.005049 34.345412 33.863910 33.568209 33.463235 33.550779 33.829346 42.348489 41.804885 41.410210 41.168747 41.083199 41.154537 41.381950 6.350000 5.679613 5.236344 5.080000 3.810000 2.540000 1.270000 0.000000 
