40
# Circuit board instance
Size: large
Nodes: 40
0.000000 65.000000 65.000000 91.923882 34.062474 35.555430 37.162189 38.868640 40.662234 42.531948 44.468180 40.585807 41.846675 43.220179 44.695937 46.264164 47.915782 49.642468 57.277200 58.037849 58.898298 59.854241 60.901183 62.034516 63.249597 64.629037 65.304110 66.069995 66.923576 67.861542 68.880447 69.976756 36.339689 36.665207 37.031440 37.437194 41.289235 41.576018 41.899348 42.258388 
65.000000 0.000000 91.923882 65.000000 41.553959 42.786306 44.130575 45.576864 47.115779 48.738546 50.437074 34.972662 36.428335 37.998200 39.668705 41.427674 43.264321 45.169171 18.866106 21.062864 23.329419 25.647271 28.003685 30.389694 32.798839 16.172964 18.689010 21.210766 23.736413 26.264829 28.795283 31.327283 30.975337 31.356592 31.784053 32.255883 26.139996 26.590670 27.093429 27.645431 
65.000000 91.923882 0.000000 65.000000 53.763930 51.616826 49.506933 47.439217 45.419438 43.454282 41.551500 58.116399 56.136016 54.202325 52.320501 50.496346 48.736334 47.047664 73.662202 71.997460 70.385026 68.828574 67.331987 65.899344 64.534904 79.513237 77.973516 76.487167 75.057360 73.687389 72.380649 71.140626 66.421662 65.349074 64.283681 63.225846 69.253628 68.225577 67.205800 66.194679 
91.923882 65.000000 65.000000 0.000000 58.796595 56.839916 54.931009 53.075028 51.277721 49.545474 47.885347 54.345148 52.221946 50.137524 48.096925 46.105968 44.171366 42.300852 50.013721 47.527746 45.047798 42.574932 40.110457 37.656020 35.213722 49.061259 46.524418 43.987941 41.451896 38.916366 36.381461 33.847319 63.645390 62.525195 61.410831 60.302621 61.437476 60.276263 59.119523 57.967525 
34.062474 41.553959 53.763930 58.796595 0.000000 2.540000 5.080000 7.620000 10.160000 12.700000 15.240000 7.620000 8.032185 9.158100 10.776307 12.700000 14.810618 17.038838 27.044783 26.863539 26.921782 27.217975 27.744498 28.488584 29.433737 34.623170 34.481783 34.527177 34.758622 35.172444 35.762313 36.519700 12.669227 11.641788 10.666721 9.759737 16.087565 15.291555 14.562945 13.912328 
35.555430 42.786306 51.616826 56.839916 2.540000 0.000000 2.540000 5.080000 7.620000 10.160000 12.700000 8.032185 7.620000 8.032185 9.158100 10.776307 12.700000 14.810618 27.460773 27.044783 26.863539 26.921782 27.217975 27.744498 28.488584 34.949073 34.623170 34.481783 34.527177 34.758622 35.172444 35.762313 14.837213 13.737293 12.669227 11.641788 17.844980 16.941476 16.087565 15.291555 
37.162189 44.130575 49.506933 54.931009 5.080000 2.540000 0.000000 2.540000 5.080000 7.620000 10.160000 9.158100 8.032185 7.620000 8.032185 9.158100 10.776307 12.700000 28.101086 27.460773 27.044783 26.863539 26.921782 27.217975 27.744498 35.454402 34.949073 34.623170 34.481783 34.527177 34.758622 35.172444 17.107883 15.962405 14.837213 13.737293 19.773216 18.790923 17.844980 16.941476 
38.868640 45.576864 47.439217 53.075028 7.620000 5.080000 2.540000 0.000000 2.540000 5.080000 7.620000 10.776307 9.158100 8.032185 7.620000 8.032185 9.158100 10.776307 28.950841 28.101086 27.460773 27.044783 26.863539 26.921782 27.217975 36.131632 35.454402 34.949073 34.623170 34.481783 34.527177 34.758622 19.445299 18.269832 17.107883 15.962405 21.827049 20.786706 19.773216 18.790923 
40.662234 47.115779 45.419438 51.277721 10.160000 7.620000 5.080000 2.540000 0.000000 2.540000 5.080000 12.700000 10.776307 9.158100 8.032185 7.620000 8.032185 9.158100 29.992242 28.950841 28.101086 27.460773 27.044783 26.863539 26.921782 36.971316 36.131632 35.454402 34.949073 34.623170 34.481783 34.527177 21.828028 20.631973 19.445299 18.269832 23.974220 22.890582 21.827049 20.786706 
42.531948 48.738546 43.454282 49.545474 12.700000 10.160000 7.620000 5.080000 2.540000 0.000000 2.540000 14.810618 12.700000 10.776307 9.158100 8.032185 7.620000 8.032185 31.206107 29.992242 28.950841 28.101086 27.460773 27.044783 26.863539 37.962676 36.971316 36.131632 35.454402 34.949073 34.623170 34.481783 24.242714 23.032002 21.828028 20.631973 26.191785 25.075357 23.974220 22.890582 
44.468180 50.437074 41.551500 47.885347 15.240000 12.700000 10.160000 7.620000 5.080000 2.540000 0.000000 17.038838 14.810618 12.700000 10.776307 9.158100 8.032185 7.620000 32.573162 31.206107 29.992242 28.950841 28.101086 27.460773 27.044783 39.094175 37.962676 36.971316 36.131632 35.454402 34.949073 34.623170 26.680681 25.459204 24.242714 23.032002 28.463295 27.321630 26.191785 25.075357 
40.585807 34.972662 58.116399 54.345148 7.620000 8.032185 9.158100 10.776307 12.700000 14.810618 17.038838 0.000000 2.540000 5.080000 7.620000 10.160000 12.700000 15.240000 19.498858 19.246685 19.327895 19.738372 20.458308 21.456575 22.696476 27.044783 26.863539 26.921782 27.217975 27.744498 28.488584 29.433737 10.480110 9.211657 7.943698 6.676514 11.433019 10.282793 9.164253 8.090553 
41.846675 36.428335 56.136016 52.221946 8.032185 7.620000 8.032185 9.158100 10.776307 12.700000 14.810618 2.540000 0.000000 2.540000 5.080000 7.620000 10.160000 12.700000 20.071851 19.498858 19.246685 19.327895 19.738372 20.458308 21.456575 27.460773 27.044783 26.863539 26.921782 27.217975 27.744498 28.488584 13.017921 11.748897 10.480110 9.211657 13.796648 12.606260 11.433019 10.282793 
43.220179 37.998200 54.202325 50.137524 9.158100 8.032185 7.620000 8.032185 9.158100 10.776307 12.700000 5.080000 2.540000 0.000000 2.540000 5.080000 7.620000 10.160000 20.939345 20.071851 19.498858 19.246685 19.327895 19.738372 20.458308 28.101086 27.460773 27.044783 26.863539 26.921782 27.217975 27.744498 15.556447 14.287119 13.017921 11.748897 16.213706 15.000099 13.796648 12.606260 
44.695937 39.668705 52.320501 48.096925 10.776307 9.158100 8.032185 7.620000 8.032185 9.158100 10.776307 7.620000 5.080000 2.540000 0.000000 2.540000 5.080000 7.620000 22.066634 20.939345 20.071851 19.498858 19.246685 19.327895 19.738372 28.950841 28.101086 27.460773 27.044783 26.863539 26.921782 27.217975 18.095387 16.825877 15.556447 14.287119 18.663447 17.435348 16.213706 15.000099 
46.264164 41.427674 50.496346 46.105968 12.700000 10.776307 9.158100 8.032185 7.620000 8.032185 9.158100 10.160000 7.620000 5.080000 2.540000 0.000000 2.540000 5.080000 23.416228 22.066634 20.939345 20.071851 19.498858 19.246685 19.327895 29.992242 28.950841 28.101086 27.460773 27.044783 26.863539 26.921782 20.634587 19.364961 18.095387 16.825877 21.134508 19.896807 18.663447 17.435348 
47.915782 43.264321 48.736334 44.171366 14.810618 12.700000 10.776307 9.158100 8.032185 7.620000 8.032185 12.700000 10.160000 7.620000 5.080000 2.540000 0.000000 2.540000 24.952080 23.416228 22.066634 20.939345 20.071851 19.498858 19.246685 31.206107 29.992242 28.950841 28.101086 27.460773 27.044783 26.863539 23.173963 21.904257 20.634587 19.364961 23.620199 22.375828 21.134508 19.896807 
49.642468 45.169171 47.047664 42.300852 17.038838 14.810618 12.700000 10.776307 9.158100 8.032185 7.620000 15.240000 12.700000 10.160000 7.620000 5.080000 2.540000 0.000000 26.641998 24.952080 23.416228 22.066634 20.939345 20.071851 19.498858 32.573162 31.206107 29.992242 28.950841 28.101086 27.460773 27.044783 25.713462 24.443700 23.173963 21.904257 26.116343 24.867161 23.620199 22.375828 
57.277200 18.866106 73.662202 50.013721 27.044783 27.460773 28.101086 28.950841 29.992242 31.206107 32.573162 19.498858 20.071851 20.939345 22.066634 23.416228 24.952080 26.641998 0.000000 2.540000 5.080000 7.620000 10.160000 12.700000 15.240000 7.620000 8.032185 9.158100 10.776307 12.700000 14.810618 17.038838 21.019659 20.614535 20.280973 20.022549 16.348506 15.824243 15.387185 15.044935 
58.037849 21.062864 71.997460 47.527746 26.863539 27.044783 27.460773 28.101086 28.950841 29.992242 31.206107 19.246685 19.498858 20.071851 20.939345 22.066634 23.416228 24.952080 2.540000 0.000000 2.540000 5.080000 7.620000 10.160000 12.700000 8.032185 7.620000 8.032185 9.158100 10.776307 12.700000 14.810618 22.028106 21.492298 21.019659 20.614535 17.626261 16.951887 16.348506 15.824243 
58.898298 23.329419 70.385026 45.047798 26.921782 26.863539 27.044783 27.460773 28.101086 28.950841 29.992242 19.327895 19.246685 19.498858 20.071851 20.939345 22.066634 23.416228 5.080000 2.540000 0.000000 2.540000 5.080000 7.620000 10.160000 9.158100 8.032185 7.620000 8.032185 9.158100 10.776307 12.700000 23.271272 22.622597 22.028106 21.492298 19.157235 18.363809 17.626261 16.951887 
59.854241 25.647271 68.828574 42.574932 27.217975 26.921782 26.863539 27.044783 27.460773 28.101086 28.950841 19.738372 19.327895 19.246685 19.498858 20.071851 20.939345 22.066634 7.620000 5.080000 2.540000 0.000000 2.540000 5.080000 7.620000 10.776307 9.158100 8.032185 7.620000 8.032185 9.158100 10.776307 24.713759 23.969733 23.271272 22.622597 20.885820 19.999892 19.157235 18.363809 
60.901183 28.003685 67.331987 40.110457 27.744498 27.217975 26.921782 26.863539 27.044783 27.460773 28.101086 20.458308 19.738372 19.327895 19.246685 19.498858 20.071851 20.939345 10.160000 7.620000 5.080000 2.540000 0.000000 2.540000 5.080000 12.700000 10.776307 9.158100 8.032185 7.620000 8.032185 9.158100 26.322821 25.499362 24.713759 23.969733 22.767048 21.809747 20.885820 19.999892 
62.034516 30.389694 65.899344 37.656020 28.488584 27.744498 27.217975 26.921782 26.863539 27.044783 27.460773 21.456575 20.458308 19.738372 19.327895 19.246685 19.498858 20.071851 12.700000 10.160000 7.620000 5.080000 2.540000 0.000000 2.540000 14.810618 12.700000 10.776307 9.158100 8.032185 7.620000 8.032185 28.069825 27.180693 26.322821 25.499362 24.766160 23.753688 22.767048 21.809747 
63.249597 32.798839 64.534904 35.213722 29.433737 28.488584 27.744498 27.217975 26.921782 26.863539 27.044783 22.696476 21.456575 20.458308 19.738372 19.327895 19.246685 19.498858 15.240000 12.700000 10.160000 7.620000 5.080000 2.540000 0.000000 17.038838 14.810618 12.700000 10.776307 9.158100 8.032185 7.620000 29.930628 28.987340 28.069825 27.180693 26.856844 25.801424 24.766160 23.753688 
64.629037 16.172964 79.513237 49.061259 34.623170 34.949073 35.454402 36.131632 36.971316 37.962676 39.094175 27.044783 27.460773 28.101086 28.950841 29.992242 31.206107 32.573162 7.620000 8.032185 9.158100 10.776307 12.700000 14.810618 17.038838 0.000000 2.540000 5.080000 7.620000 10.160000 12.700000 15.240000 28.291848 27.992172 27.747441 27.559120 23.419160 23.056237 22.758490 22.528503 
65.304110 18.689010 77.973516 46.524418 34.481783 34.623170 34.949073 35.454402 36.131632 36.971316 37.962676 26.863539 27.044783 27.460773 28.101086 28.950841 29.992242 31.206107 8.032185 7.620000 8.032185 9.158100 10.776307 12.700000 14.810618 2.540000 0.000000 2.540000 5.080000 7.620000 10.160000 12.700000 29.048926 28.644746 28.291848 27.992172 24.328347 23.844284 23.419160 23.056237 
66.069995 21.210766 76.487167 43.987941 34.527177 34.481783 34.623170 34.949073 35.454402 36.131632 36.971316 26.921782 26.863539 27.044783 27.460773 28.101086 28.950841 29.992242 9.158100 8.032185 7.620000 8.032185 9.158100 10.776307 12.700000 5.080000 2.540000 0.000000 2.540000 5.080000 7.620000 10.160000 30.002578 29.502279 29.048926 28.644746 25.459440 24.867909 24.328347 23.844284 
66.923576 23.736413 75.057360 41.451896 34.758622 34.527177 34.481783 34.623170 34.949073 35.454402 36.131632 27.217975 26.921782 26.863539 27.044783 27.460773 28.101086 28.950841 10.776307 9.158100 8.032185 7.620000 8.032185 9.158100 10.776307 7.620000 5.080000 2.540000 0.000000 2.540000 5.080000 7.620000 31.134747 30.547515 30.002578 29.502279 26.784340 26.099408 25.459440 24.867909 
67.861542 26.264829 73.687389 38.916366 35.172444 34.758622 34.527177 34.481783 34.623170 34.949073 35.454402 27.744498 27.217975 26.921782 26.863539 27.044783 27.460773 28.101086 12.700000 10.776307 9.158100 8.032185 7.620000 8.032185 9.158100 10.160000 7.620000 5.080000 2.540000 0.000000 2.540000 5.080000 32.426741 31.761928 31.134747 30.547515 28.275818 27.510879 26.784340 26.099408 
68.880447 28.795283 72.380649 36.381461 35.762313 35.172444 34.758622 34.527177 34.481783 34.623170 34.949073 28.488584 27.744498 27.217975 26.921782 26.863539 27.044783 27.460773 14.810618 12.700000 10.776307 9.158100 8.032185 7.620000 8.032185 12.700000 10.160000 7.620000 5.080000 2.540000 0.000000 2.540000 33.860267 33.126918 32.426741 31.761928 29.908963 29.076126 28.275818 27.510879 
69.976756 31.327283 71.140626 33.847319 36.519700 35.762313 35.172444 34.758622 34.527177 34.481783 34.623170 29.433737 28.488584 27.744498 27.217975 26.921782 26.863539 27.044783 17.038838 14.810618 12.700000 10.776307 9.158100 8.032185 7.620000 15.240000 12.700000 10.160000 7.620000 5.080000 2.540000 0.000000 35.418147 34.624681 33.860267 33.126918 31.661862 30.771690 29.908963 29.076126 
36.339689 30.975337 66.421662 63.645390 12.669227 14.837213 17.107883 19.445299 21.828028 24.242714 26.680681 10.480110 13.017921 15.556447 18.095387 20.634587 23.173963 25.713462 21.019659 22.028106 23.271272 24.713759 26.322821 28.069825 29.930628 28.291848 29.048926 30.002578 31.134747 32.426741 33.860267 35.418147 0.000000 1.270000 2.540000 3.810000 5.080000 5.236344 5.679613 6.350000 
36.665207 31.356592 65.349074 62.525195 11.641788 13.737293 15.962405 18.269832 20.631973 23.032002 25.459204 9.211657 11.748897 14.287119 16.825877 19.364961 21.904257 24.443700 20.614535 21.492298 22.622597 23.969733 25.499362 27.180693 28.987340 27.992172 28.644746 29.502279 30.547515 31.761928 33.126918 34.624681 1.270000 0.000000 1.270000 2.540000 5.236344 5.080000 5.236344 5.679613 
37.031440 31.784053 64.283681 61.410831 10.666721 12.669227 14.837213 17.107883 19.445299 21.828028 24.242714 7.943698 10.480110 13.017921 15.556447 18.095387 20.634587 23.173963 20.280973 21.019659 22.028106 23.271272 24.713759 26.322821 28.069825 27.747441 28.291848 29.048926 30.002578 31.134747 32.426741 33.860267 2.540000 1.270000 0.000000 1.270000 5.679613 5.236344 5.080000 5.236344 
37.437194 32.255883 63.225846 60.302621 9.759737 11.641788 13.737293 15.962405 18.269832 20.631973 23.032002 6.676514 9.211657 11.748897 14.287119 16.825877 19.364961 21.904257 20.022549 20.614535 21.492298 22.622597 23.969733 25.499362 27.180693 27.559120 27.992172 28.644746 29.502279 30.547515 31.761928 33.126918 3.810000 2.540000 1.270000 0.000000 6.350000 5.679613 5.236344 5.080000 
41.289235 26.139996 69.253628 61.437476 16.087565 17.844980 19.773216 21.827049 23.974220 26.191785 28.463295 11.433019 13.796648 16.213706 18.663447 21.134508 23.620199 26.116343 16.348506 17.626261 19.157235 20.885820 22.767048 24.766160 26.856844 23.419160 24.328347 25.459440 26.784340 28.275818 29.908963 31.661862 5.080000 5.236344 5.679613 6.350000 0.000000 1.270000 2.540000 3.810000 
41.576018 26.590670 68.225577 60.276263 15.291555 16.941476 18.790923 20.786706 22.890582 25.075357 27.321630 10.282793 12.606260 15.000099 17.435348 19.896807 22.375828 24.867161 15.824243 16.951887 18.363809 19.999892 21.809747 23.753688 25.801424 23.056237 23.844284 24.867909 26.099408 27.510879 29.076126 30.771690 5.236344 5.080000 5.236344 5.679613 1.270000 0.000000 1.270000 2.540000 
41.899348 27.093429 67.205800 59.119523 14.562945 16.087565 17.844980 19.773216 21.827049 23.974220 26.191785 9.164253 11.433019 13.796648 16.213706 18.663447 21.134508 23.620199 15.387185 16.348506 17.626261 19.157235 20.885820 22.767048 24.766160 22.758490 23.419160 24.328347 25.459440 26.784340 28.275818 29.908963 5.679613 5.236344 5.080000 5.236344 2.540000 1.270000 0.000000 1.270000 
42.258388 27.645431 66.194679 57.967525 13.912328 15.291555 16.941476 18.790923 20.786706 22.890582 25.075357 8.090553 10.282793 12.606260 15.000099 17.435348 19.896807 22.375828 15.044935 15.824243 16.951887 18.363809 19.999892 21.809747 23.753688 22.528503 23.056237 23.844284 24.867909 26.099408 27.510879 29.076126 6.350000 5.679613 5.236344 5.080000 3.810000 2.540000 1.270000 0.000000 
