36
# Circuit board instance
Size: large
Nodes: 36
0.000000 115.000000 115.000000 162.634560 100.415148 100.531239 100.711276 100.954919 101.261707 106.311360 108.650934 110.999319 113.355968 115.720375 107.352353 109.191885 111.059044 112.952458 114.870830 116.812929 118.777593 112.784483 114.536805 116.318198 118.127345 119.962992 121.823940 123.709048 118.968423 119.707734 120.455898 121.212750 123.146792 123.861165 124.584389 125.316310 
115.000000 0.000000 162.634560 115.000000 150.146969 148.267462 146.407894 144.569035 142.751685 45.268034 44.361189 43.583696 42.942580 42.444022 87.056291 89.314825 91.588107 93.875065 96.174724 98.486195 100.808664 83.797432 86.141452 88.496289 90.861101 93.235130 95.617689 98.008156 71.142367 72.371902 73.602812 74.835028 70.032014 71.280705 72.530135 73.780268 
115.000000 162.634560 0.000000 115.000000 15.012026 15.769874 16.879578 18.277160 19.902065 122.077522 124.120271 126.181081 128.259081 130.353449 83.705088 82.587420 81.533584 80.546085 79.627393 78.779912 78.005966 90.566847 89.534875 88.563747 87.655483 86.812059 86.035379 85.327268 107.453466 106.913999 106.386958 105.872529 112.062009 111.544833 111.039774 110.546999 
162.634560 115.000000 115.000000 0.000000 112.633348 110.115390 107.598468 105.082657 102.568038 75.166556 74.623933 74.164377 73.789440 73.500417 55.324605 53.618579 51.980721 50.417675 48.936609 47.545185 46.251495 50.040221 48.147315 46.316382 44.555065 42.871944 41.276586 39.779551 49.537843 48.356528 47.179820 46.008074 47.929579 46.707605 45.488263 44.271769 
100.415148 150.146969 15.012026 112.633348 0.000000 2.540000 5.080000 7.620000 10.160000 111.071892 113.238726 115.420778 117.617202 119.827208 75.016305 74.269486 73.602786 73.018402 72.518322 72.104302 71.777829 82.295982 81.615802 81.009585 80.479001 80.025557 79.650568 79.355147 98.869788 98.472209 98.089464 97.721725 103.697294 103.318294 102.953566 102.603262 
100.531239 148.267462 15.769874 110.115390 2.540000 0.000000 2.540000 5.080000 7.620000 108.921185 111.071892 113.238726 115.420778 117.617202 72.605268 71.833386 71.143861 70.539109 70.021325 69.592450 69.254138 79.862369 79.161281 78.536119 77.988710 77.520700 77.133535 76.828437 96.465760 96.058232 95.665829 95.288737 101.280454 100.892375 100.518845 100.160026 
100.711276 146.407894 16.879578 107.598468 5.080000 2.540000 0.000000 2.540000 5.080000 106.787580 108.921185 111.071892 113.238726 115.420778 70.203326 69.404736 68.690837 68.064292 67.527535 67.082719 66.731684 77.435589 76.712325 76.067040 75.501731 75.018207 74.618059 74.302632 94.068879 93.650921 93.248388 92.861480 98.869788 98.472209 98.089464 97.721725 
100.954919 144.569035 18.277160 105.082657 7.620000 5.080000 2.540000 0.000000 2.540000 104.672121 106.787580 108.921185 111.071892 113.238726 67.811446 66.984346 66.244368 65.594460 65.037322 64.575355 64.210614 75.016305 74.269486 73.602786 73.018402 72.518322 72.104302 71.777829 91.679705 91.250804 90.837636 90.440416 96.465760 96.058232 95.665829 95.288737 
101.261707 142.751685 19.902065 102.568038 10.160000 7.620000 5.080000 2.540000 0.000000 102.575933 104.672121 106.787580 108.921185 111.071892 65.430732 64.573145 63.805209 63.130196 62.551112 62.070645 61.691096 72.605268 71.833386 71.143861 70.539109 70.021325 69.592450 69.254138 89.298857 88.858465 88.434120 88.026055 94.068879 93.650921 93.248388 92.861480 
106.311360 45.268034 122.077522 75.166556 111.071892 108.921185 106.787580 104.672121 102.575933 0.000000 2.540000 5.080000 7.620000 10.160000 42.171921 44.319772 46.507167 48.728782 50.980144 53.257479 55.557594 38.534101 40.873563 43.235663 45.616885 48.014384 50.425838 52.849336 27.000579 28.270174 29.539802 30.809462 27.344847 28.599162 29.854804 31.111611 
108.650934 44.361189 124.120271 74.623933 113.238726 111.071892 108.921185 106.787580 104.672121 2.540000 0.000000 2.540000 5.080000 7.620000 43.613553 45.693689 47.818277 49.981649 52.178981 54.406159 56.659663 39.621186 41.899996 44.207285 46.538819 48.891129 51.261355 53.647123 27.185132 28.446490 29.708585 30.971326 27.054286 28.321472 29.588900 30.856540 
110.999319 43.583696 126.181081 74.164377 115.420778 113.238726 111.071892 108.921185 106.787580 5.080000 2.540000 0.000000 2.540000 5.080000 45.152146 47.164473 49.225622 51.329714 53.471678 55.647142 57.852326 40.837520 43.051995 45.300648 47.578633 49.881932 52.207195 54.551613 27.603165 28.846250 30.091583 31.338895 27.000579 28.270174 29.539802 30.809462 
113.355968 42.942580 128.259081 73.789440 117.617202 115.420778 113.238726 111.071892 108.921185 7.620000 5.080000 2.540000 0.000000 2.540000 46.778133 48.723351 50.721193 52.765680 54.851598 56.974397 59.130103 42.171921 44.319772 46.507167 48.728782 50.980144 53.257479 55.557594 28.244313 29.460357 30.680773 31.905060 27.185132 28.446490 29.708585 30.971326 
115.720375 42.444022 130.353449 73.500417 119.827208 117.617202 115.420778 113.238726 111.071892 10.160000 7.620000 5.080000 2.540000 0.000000 48.482722 50.362145 52.297419 54.282572 56.312330 58.382039 60.487600 43.613553 45.693689 47.818277 49.981649 52.178981 54.406159 56.659663 29.093830 30.275772 31.464576 32.659495 27.603165 28.846250 30.091583 31.338895 
107.352353 87.056291 83.705088 55.324605 75.016305 72.605268 70.203326 67.811446 65.430732 42.171921 43.613553 45.152146 46.778133 48.482722 0.000000 2.540000 5.080000 7.620000 10.160000 12.700000 15.240000 7.620000 8.032185 9.158100 10.776307 12.700000 14.810618 17.038838 23.868583 23.456787 23.107536 22.823704 28.685494 28.343767 28.055419 27.822109 
109.191885 89.314825 82.587420 53.618579 74.269486 71.833386 69.404736 66.984346 64.573145 44.319772 45.693689 47.164473 48.723351 50.362145 2.540000 0.000000 2.540000 5.080000 7.620000 10.160000 12.700000 8.032185 7.620000 8.032185 9.158100 10.776307 12.700000 14.810618 24.866914 24.339750 23.868583 23.456787 29.521378 29.078716 28.685494 28.343767 
111.059044 91.588107 81.533584 51.980721 73.602786 71.143861 68.690837 66.244368 63.805209 46.507167 47.818277 49.225622 50.721193 52.297419 5.080000 2.540000 0.000000 2.540000 5.080000 7.620000 10.160000 9.158100 8.032185 7.620000 8.032185 9.158100 10.776307 12.700000 26.075292 25.446596 24.866914 24.339750 30.546180 30.011290 29.521378 29.078716 
112.952458 93.875065 80.546085 50.417675 73.018402 70.539109 68.064292 65.594460 63.130196 48.728782 49.981649 51.329714 52.765680 54.282572 7.620000 5.080000 2.540000 0.000000 2.540000 5.080000 7.620000 10.776307 9.158100 8.032185 7.620000 8.032185 9.158100 10.776307 27.466005 26.749546 26.075292 25.446596 31.741609 31.123729 30.546180 30.011290 
114.870830 96.174724 79.627393 48.936609 72.518322 70.021325 67.527535 65.037322 62.551112 50.980144 52.178981 53.471678 54.851598 56.312330 10.160000 7.620000 5.080000 2.540000 0.000000 2.540000 5.080000 12.700000 10.776307 9.158100 8.032185 7.620000 8.032185 9.158100 29.012846 28.221453 27.466005 26.749546 33.089175 32.397511 31.741609 31.123729 
116.812929 98.486195 78.779912 47.545185 72.104302 69.592450 67.082719 64.575355 62.070645 53.257479 54.406159 55.647142 56.974397 58.382039 12.700000 10.160000 7.620000 5.080000 2.540000 0.000000 2.540000 14.810618 12.700000 10.776307 9.158100 8.032185 7.620000 8.032185 30.692217 29.837323 29.012846 28.221453 34.571094 33.814407 33.089175 32.397511 
118.777593 100.808664 78.005966 46.251495 71.777829 69.254138 66.731684 64.210614 61.691096 55.557594 56.659663 57.852326 59.130103 60.487600 15.240000 12.700000 10.160000 7.620000 5.080000 2.540000 0.000000 17.038838 14.810618 12.700000 10.776307 9.158100 8.032185 7.620000 32.483571 31.575060 30.692217 29.837323 36.170854 35.357216 34.571094 33.814407 
112.784483 83.797432 90.566847 50.040221 82.295982 79.862369 77.435589 75.016305 72.605268 38.534101 39.621186 40.837520 42.171921 43.613553 7.620000 8.032185 9.158100 10.776307 12.700000 14.810618 17.038838 0.000000 2.540000 5.080000 7.620000 10.160000 12.700000 15.240000 16.934013 16.348467 15.843288 15.426373 21.505578 21.047601 20.657659 20.339668 
114.536805 86.141452 89.534875 48.147315 81.615802 79.161281 76.712325 74.269486 71.833386 40.873563 41.899996 43.051995 44.319772 45.693689 8.032185 7.620000 8.032185 9.158100 10.776307 12.700000 14.810618 2.540000 0.000000 2.540000 5.080000 7.620000 10.160000 12.700000 18.314338 17.591901 16.934013 16.348467 22.608496 22.027349 21.505578 21.047601 
116.318198 88.496289 88.563747 46.316382 81.009585 78.536119 76.067040 73.602786 71.143861 43.235663 44.207285 45.300648 46.507167 47.818277 9.158100 8.032185 7.620000 8.032185 9.158100 10.776307 12.700000 5.080000 2.540000 0.000000 2.540000 5.080000 7.620000 10.160000 19.924165 19.093998 18.314338 17.591901 23.931182 23.244567 22.608496 22.027349 
118.127345 90.861101 87.655483 44.555065 80.479001 77.988710 75.501731 73.018402 70.539109 45.616885 46.538819 47.578633 48.728782 49.981649 10.776307 9.158100 8.032185 7.620000 8.032185 9.158100 10.776307 7.620000 5.080000 2.540000 0.000000 2.540000 5.080000 7.620000 21.712507 20.798792 19.924165 19.093998 25.439380 24.664121 23.931182 23.244567 
119.962992 93.235130 86.812059 42.871944 80.025557 77.520700 75.018207 72.518322 70.021325 48.014384 48.891129 49.881932 50.980144 52.178981 12.700000 10.776307 9.158100 8.032185 7.620000 8.032185 9.158100 10.160000 7.620000 5.080000 2.540000 0.000000 2.540000 5.080000 23.638882 22.660582 21.712507 20.798792 27.102138 26.253211 25.439380 24.664121 
121.823940 95.617689 86.035379 41.276586 79.650568 77.133535 74.618059 72.104302 69.592450 50.425838 51.261355 52.207195 53.257479 54.406159 14.810618 12.700000 10.776307 9.158100 8.032185 7.620000 8.032185 12.700000 10.160000 7.620000 5.080000 2.540000 0.000000 2.540000 25.672237 24.643810 23.638882 22.660582 28.892782 27.982967 27.102138 26.253211 
123.709048 98.008156 85.327268 39.779551 79.355147 76.828437 74.302632 71.777829 69.254138 52.849336 53.647123 54.551613 55.557594 56.659663 17.038838 14.810618 12.700000 10.776307 9.158100 8.032185 7.620000 15.240000 12.700000 10.160000 7.620000 5.080000 2.540000 0.000000 27.789098 26.721451 25.672237 24.643810 30.789009 29.828930 28.892782 27.982967 
118.968423 71.142367 107.453466 49.537843 98.869788 96.465760 94.068879 91.679705 89.298857 27.000579 27.185132 27.603165 28.244313 29.093830 23.868583 24.866914 26.075292 27.466005 29.012846 30.692217 32.483571 16.934013 18.314338 19.924165 21.712507 23.638882 25.672237 27.789098 0.000000 1.270000 2.540000 3.810000 5.080000 5.236344 5.679613 6.350000 
119.707734 72.371902 106.913999 48.356528 98.472209 96.058232 93.650921 91.250804 88.858465 28.270174 28.446490 28.846250 29.460357 30.275772 23.456787 24.339750 25.446596 26.749546 28.221453 29.837323 31.575060 16.348467 17.591901 19.093998 20.798792 22.660582 24.643810 26.721451 1.270000 0.000000 1.270000 2.540000 5.236344 5.080000 5.236344 5.679613 
120.455898 73.602812 106.386958 47.179820 98.089464 95.665829 93.248388 90.837636 88.434120 29.539802 29.708585 30.091583 30.680773 31.464576 23.107536 23.868583 24.866914 26.075292 27.466005 29.012846 30.692217 15.843288 16.934013 18.314338 19.924165 21.712507 23.638882 25.672237 2.540000 1.270000 0.000000 1.270000 5.679613 5.236344 5.080000 5.236344 
121.212750 74.835028 105.872529 46.008074 97.721725 95.288737 92.861480 90.440416 88.026055 30.809462 30.971326 31.338895 31.905060 32.659495 22.823704 23.456787 24.339750 25.446596 26.749546 28.221453 29.837323 15.426373 16.348467 17.591901 19.093998 20.798792 22.660582 24.643810 3.810000 2.540000 1.270000 0.000000 6.350000 5.679613 5.236344 5.080000 
123.146792 70.032014 112.062009 47.929579 103.697294 101.280454 98.869788 96.465760 94.068879 27.344847 27.054286 27.000579 27.185132 27.603165 28.685494 29.521378 30.546180 31.741609 33.089175 34.571094 36.170854 21.505578 22.608496 23.931182 25.439380 27.102138 28.892782 30.789009 5.080000 5.236344 5.679613 6.350000 0.000000 1.270000 2.540000 3.810000 
123.861165 71.280705 111.544833 46.707605 103.318294 100.892375 98.472209 96.058232 93.650921 28.599162 28.321472 28.270174 28.446490 28.846250 28.343767 29.078716 30.011290 31.123729 32.397511 33.814407 35.357216 21.047601 22.027349 23.244567 24.664121 26.253211 27.982967 29.828930 5.236344 5.080000 5.236344 5.679613 1.270000 0.000000 1.270000 2.540000 
124.584389 72.530135 111.039774 45.488263 102.953566 100.518845 98.089464 95.665829 93.248388 29.854804 29.588900 29.539802 29.708585 30.091583 28.055419 28.685494 29.521378 30.546180 31.741609 33.089175 34.571094 20.657659 21.505578 22.608496 23.931182 25.439380 27.102138 28.892782 5.679613 5.236344 5.080000 5.236344 2.540000 1.270000 0.000000 1.270000 
125.316310 73.780268 110.546999 44.271769 102.603262 100.160026 97.721725 95.288737 92.861480 31.111611 30.856540 30.809462 30.971326 31.338895 27.822109 28.343767 29.078716 30.011290 31.123729 32.397511 33.814407 20.339668 21.047601 22.027349 23.244567 24.664121 26.253211 27.982967 6.350000 5.679613 5.236344 5.080000 3.810000 2.540000 1.270000 0.000000 
