45
# Circuit board instance
Size: large
Nodes: 45
0.000000 115.000000 115.000000 162.634560 123.497287 124.938156 126.413641 127.922546 129.463702 117.535409 118.852878 120.209583 121.604211 123.035474 124.502108 126.002876 124.147394 125.395412 126.682070 128.006200 129.366653 130.762295 132.192011 112.501704 113.682466 114.865132 116.049644 114.479420 115.639990 116.802837 117.967894 127.177942 129.002110 130.850154 132.721078 134.613927 136.527790 138.461795 132.629605 134.379788 136.154860 137.953860 139.775865 141.619986 143.485371 
115.000000 0.000000 162.634560 115.000000 112.079010 111.065149 110.100559 109.186548 108.324396 61.636273 64.112902 66.594305 69.079967 71.569446 74.062355 76.558360 60.369140 62.895684 65.423271 67.951783 70.481122 73.011200 75.541945 127.685678 128.727239 129.772869 130.822471 124.836439 125.901574 126.970476 128.043051 94.338058 96.783183 99.233074 101.687387 104.145809 106.608056 109.073869 92.538923 95.030351 97.524284 100.020536 102.518938 105.019335 107.521588 
115.000000 162.634560 0.000000 115.000000 70.352407 72.852069 75.354429 77.859226 80.366233 115.027437 113.835607 112.688432 111.587289 110.533555 109.528598 108.573771 121.775672 120.650522 119.568749 118.531541 117.540077 116.595526 115.699035 42.944247 42.651823 42.395442 42.175761 47.886455 47.624387 47.394912 47.198506 92.376152 91.741314 91.172843 90.671985 90.239868 89.877483 89.585675 99.748366 99.160737 98.635036 98.172257 97.773293 97.438930 97.169832 
162.634560 115.000000 115.000000 0.000000 47.535099 45.092665 42.661627 40.244050 37.842515 56.707751 54.249452 51.799038 49.357682 46.926799 44.508104 42.103698 55.327859 52.805360 50.284623 47.765927 45.249612 42.736100 40.225916 74.102681 73.933599 73.785991 73.659988 69.077576 68.896162 68.737738 68.602463 35.479482 33.792143 32.216881 30.770913 29.473276 28.344348 27.404988 30.373948 28.384714 26.489818 24.710973 23.075031 21.614466 20.367043 
123.497287 112.079010 70.352407 47.535099 0.000000 2.540000 5.080000 7.620000 10.160000 52.915310 50.909937 48.954228 47.054378 45.217427 43.451353 41.765150 57.823001 55.993670 54.221637 52.512703 50.873226 49.310137 47.830923 27.640820 27.771630 27.959572 28.203505 22.580895 22.740828 22.969970 23.266276 23.048214 21.883624 20.963516 20.321128 19.983260 19.965378 20.268329 29.884272 28.995561 28.307571 27.835190 27.589496 27.576546 27.796668 
124.938156 111.065149 72.852069 45.092665 2.540000 0.000000 2.540000 5.080000 7.620000 51.426452 49.360628 47.340959 45.373609 43.465683 41.625353 39.861982 56.119870 54.233121 52.401586 50.631258 48.928780 47.301479 45.757376 30.173313 30.293189 30.465580 30.689601 25.109844 25.253767 25.460302 25.727943 20.890429 19.598032 18.564991 17.836427 17.450518 17.430037 17.776249 27.559935 26.593662 25.841805 25.323469 25.053154 25.038893 25.281120 
126.413641 110.100559 75.354429 42.661627 5.080000 2.540000 0.000000 2.540000 5.080000 50.022326 47.895978 45.811783 43.775764 41.794961 39.877602 38.033285 54.481954 52.536415 50.643556 48.809505 47.041141 45.346151 43.733065 32.706970 32.817592 32.976789 33.183862 27.640820 27.771630 27.959572 28.203505 18.828253 17.383209 16.209626 15.369815 14.920243 14.896284 15.299938 25.277133 24.219957 23.391929 22.818010 22.517638 22.501770 22.771001 
127.922546 109.186548 77.859226 40.244050 7.620000 5.080000 2.540000 0.000000 2.540000 48.710260 46.523983 44.375397 42.270248 40.215358 38.218836 36.290316 52.915310 50.909937 48.954228 47.054378 45.217427 43.451353 41.765150 35.241540 35.344230 35.492096 35.684576 30.173313 30.293189 30.465580 30.689601 16.896727 15.269978 13.919348 12.931647 12.393947 12.365094 12.848517 23.048214 21.883624 20.963516 20.321128 19.983260 19.965378 20.268329 
129.463702 108.324396 80.366233 37.842515 10.160000 7.620000 5.080000 2.540000 0.000000 47.497883 45.253072 43.041089 40.867265 38.738025 36.661137 34.646018 51.426452 49.360628 47.340959 45.373609 43.465683 41.625353 39.861982 37.776840 37.872656 38.010687 38.190475 32.706970 32.817592 32.976789 33.183862 15.145919 13.306829 11.732337 10.541678 9.874685 9.838447 10.439534 20.890429 19.598032 18.564991 17.836427 17.450518 17.430037 17.776249 
117.535409 61.636273 115.027437 56.707751 52.915310 51.426452 50.022326 48.710260 47.497883 0.000000 2.540000 5.080000 7.620000 10.160000 12.700000 15.240000 7.620000 8.032185 9.158100 10.776307 12.700000 14.810618 17.038838 74.206684 74.974732 75.756285 76.550929 70.206200 71.017525 71.842140 72.679593 32.918214 35.297899 37.698510 40.116292 42.548317 44.992276 47.446325 30.984727 33.502032 36.022523 38.545576 41.070717 43.597585 46.125896 
118.852878 64.112902 113.835607 54.249452 50.909937 49.360628 47.895978 46.523983 45.253072 2.540000 0.000000 2.540000 5.080000 7.620000 10.160000 12.700000 8.032185 7.620000 8.032185 9.158100 10.776307 12.700000 14.810618 72.712808 73.452565 74.206684 74.974732 68.625294 69.408629 70.206200 71.017525 30.564345 32.918214 35.297899 37.698510 40.116292 42.548317 44.992276 28.471454 30.984727 33.502032 36.022523 38.545576 41.070717 43.597585 
120.209583 66.594305 112.688432 51.799038 48.954228 47.340959 45.811783 44.375397 43.041089 5.080000 2.540000 0.000000 2.540000 5.080000 7.620000 10.160000 9.158100 8.032185 7.620000 8.032185 9.158100 10.776307 12.700000 71.278160 71.987856 72.712808 73.452565 67.103313 67.856686 68.625294 69.408629 28.242747 30.564345 32.918214 35.297899 37.698510 40.116292 42.548317 25.963384 28.471454 30.984727 33.502032 36.022523 38.545576 41.070717 
121.604211 69.079967 111.587289 49.357682 47.054378 45.373609 43.775764 42.270248 40.867265 7.620000 5.080000 2.540000 0.000000 2.540000 5.080000 7.620000 10.776307 9.158100 8.032185 7.620000 8.032185 9.158100 10.776307 69.906388 70.584182 71.278160 71.987856 65.644357 66.365693 67.103313 67.856686 25.962079 28.242747 30.564345 32.918214 35.297899 37.698510 40.116292 23.462184 25.963384 28.471454 30.984727 33.502032 36.022523 38.545576 
123.035474 71.569446 110.533555 46.926799 45.217427 43.465683 41.794961 40.215358 38.738025 10.160000 7.620000 5.080000 2.540000 0.000000 2.540000 5.080000 12.700000 10.776307 9.158100 8.032185 7.620000 8.032185 9.158100 68.601262 69.245254 69.906388 70.584182 64.252717 64.939847 65.644357 66.365693 23.734143 25.962079 28.242747 30.564345 32.918214 35.297899 37.698510 20.970313 23.462184 25.963384 28.471454 30.984727 33.502032 36.022523 
124.502108 74.062355 109.528598 44.508104 43.451353 41.625353 39.877602 38.218836 36.661137 12.700000 10.160000 7.620000 5.080000 2.540000 0.000000 2.540000 14.810618 12.700000 10.776307 9.158100 8.032185 7.620000 8.032185 67.366657 67.974899 68.601262 69.245254 62.932861 63.583531 64.252717 64.939847 21.575280 23.734143 25.962079 28.242747 30.564345 32.918214 35.297899 18.491545 20.970313 23.462184 25.963384 28.471454 30.984727 33.502032 
126.002876 76.558360 108.573771 42.103698 41.765150 39.861982 38.033285 36.290316 34.646018 15.240000 12.700000 10.160000 7.620000 5.080000 2.540000 0.000000 17.038838 14.810618 12.700000 10.776307 9.158100 8.032185 7.620000 66.206518 66.777031 67.366657 67.974899 61.689395 62.301287 62.932861 63.583531 19.508436 21.575280 23.734143 25.962079 28.242747 30.564345 32.918214 16.031956 18.491545 20.970313 23.462184 25.963384 28.471454 30.984727 
124.147394 60.369140 121.775672 55.327859 57.823001 56.119870 54.481954 52.915310 51.426452 7.620000 8.032185 9.158100 10.776307 12.700000 14.810618 17.038838 0.000000 2.540000 5.080000 7.620000 10.160000 12.700000 15.240000 80.436237 81.145343 81.868009 82.603880 76.255147 77.002766 77.763939 78.538273 36.377096 38.543818 40.753674 43.000014 45.277407 47.581396 49.908296 32.918214 35.297899 37.698510 40.116292 42.548317 44.992276 47.446325 
125.395412 62.895684 120.650522 52.805360 55.993670 54.233121 52.536415 50.909937 49.360628 8.032185 7.620000 8.032185 9.158100 10.776307 12.700000 14.810618 2.540000 0.000000 2.540000 5.080000 7.620000 10.160000 12.700000 79.060159 79.741053 80.436237 81.145343 74.802193 75.521486 76.255147 77.002766 34.261691 36.377096 38.543818 40.753674 43.000014 45.277407 47.581396 30.564345 32.918214 35.297899 37.698510 40.116292 42.548317 44.992276 
126.682070 65.423271 119.568749 50.284623 54.221637 52.401586 50.643556 48.954228 47.340959 9.158100 8.032185 7.620000 8.032185 9.158100 10.776307 12.700000 5.080000 2.540000 0.000000 2.540000 5.080000 7.620000 10.160000 77.742732 78.393926 79.060159 79.741053 73.408390 74.097685 74.802193 75.521486 32.207717 34.261691 36.377096 38.543818 40.753674 43.000014 45.277407 28.242747 30.564345 32.918214 35.297899 37.698510 40.116292 42.548317 
128.006200 67.951783 118.531541 47.765927 52.512703 50.631258 48.809505 47.054378 45.373609 10.776307 9.158100 8.032185 7.620000 8.032185 9.158100 10.776307 7.620000 5.080000 2.540000 0.000000 2.540000 5.080000 7.620000 76.486988 77.106958 77.742732 78.393926 72.077171 72.734739 73.408390 74.097685 30.227700 32.207717 34.261691 36.377096 38.543818 40.753674 43.000014 25.962079 28.242747 30.564345 32.918214 35.297899 37.698510 40.116292 
129.366653 70.481122 117.540077 45.249612 50.873226 48.928780 47.041141 45.217427 43.465683 12.700000 10.776307 9.158100 8.032185 7.620000 8.032185 9.158100 10.160000 7.620000 5.080000 2.540000 0.000000 2.540000 5.080000 75.296012 75.883209 76.486988 77.106958 70.812066 71.436131 72.077171 72.734739 28.337145 30.227700 32.207717 34.261691 36.377096 38.543818 40.753674 23.734143 25.962079 28.242747 30.564345 32.918214 35.297899 37.698510 
130.762295 73.011200 116.595526 42.736100 49.310137 47.301479 45.346151 43.451353 41.625353 14.810618 12.700000 10.776307 9.158100 8.032185 7.620000 8.032185 12.700000 10.160000 7.620000 5.080000 2.540000 0.000000 2.540000 74.172925 74.725787 75.296012 75.883209 69.616679 70.205430 70.812066 71.436131 26.555169 28.337145 30.227700 32.207717 34.261691 36.377096 38.543818 21.575280 23.734143 25.962079 28.242747 30.564345 32.918214 35.297899 
132.192011 75.541945 115.699035 40.225916 47.830923 45.757376 43.733065 41.765150 39.861982 17.038838 14.810618 12.700000 10.776307 9.158100 8.032185 7.620000 15.240000 12.700000 10.160000 7.620000 5.080000 2.540000 0.000000 73.120854 73.637817 74.172925 74.725787 68.494661 69.046270 69.616679 70.205430 24.905087 26.555169 28.337145 30.227700 32.207717 34.261691 36.377096 19.508436 21.575280 23.734143 25.962079 28.242747 30.564345 32.918214 
112.501704 127.685678 42.944247 74.102681 27.640820 30.173313 32.706970 35.241540 37.776840 74.206684 72.712808 71.278160 69.906388 68.601262 67.366657 66.206518 80.436237 79.060159 77.742732 76.486988 75.296012 74.172925 73.120854 0.000000 1.270000 2.540000 3.810000 5.080000 5.236344 5.679613 6.350000 49.446688 48.799351 48.277133 47.884128 47.623534 47.497532 47.507192 56.804149 56.241560 55.789049 55.449311 55.224428 55.115805 55.124129 
113.682466 128.727239 42.651823 73.933599 27.771630 30.293189 32.817592 35.344230 37.872656 74.974732 73.452565 71.987856 70.584182 69.245254 67.974899 66.777031 81.145343 79.741053 78.393926 77.106958 75.883209 74.725787 73.637817 1.270000 0.000000 1.270000 2.540000 5.236344 5.080000 5.236344 5.679613 49.815788 49.107666 48.522327 48.064256 47.737118 47.543616 47.485382 57.125731 56.509285 56.001362 55.604938 55.322408 55.155523 55.105335 
114.865132 129.772869 42.395442 73.785991 27.959572 30.465580 32.976789 35.492096 38.010687 75.756285 74.206684 72.712808 71.278160 69.906388 68.601262 67.366657 81.868009 80.436237 79.060159 77.742732 76.486988 75.296012 74.172925 2.540000 1.270000 0.000000 1.270000 5.679613 5.236344 5.080000 5.236344 50.214305 49.446688 48.799351 48.277133 47.884128 47.623534 47.497532 57.473583 56.804149 56.241560 55.789049 55.449311 55.224428 55.115805 
116.049644 130.822471 42.175761 73.659988 28.203505 30.689601 33.183862 35.684576 38.190475 76.550929 74.974732 73.452565 71.987856 70.584182 69.245254 67.974899 82.603880 81.145343 79.741053 78.393926 77.106958 75.883209 74.725787 3.810000 2.540000 1.270000 0.000000 6.350000 5.679613 5.236344 5.080000 50.641543 49.815788 49.107666 48.522327 48.064256 47.737118 47.543616 57.847232 57.125731 56.509285 56.001362 55.604938 55.322408 55.155523 
114.479420 124.836439 47.886455 69.077576 22.580895 25.109844 27.640820 30.173313 32.706970 70.206200 68.625294 67.103313 65.644357 64.252717 62.932861 61.689395 76.255147 74.802193 73.408390 72.077171 70.812066 69.616679 68.494661 5.080000 5.236344 5.679613 6.350000 0.000000 1.270000 2.540000 3.810000 44.590731 43.871803 43.290183 42.851466 42.560068 42.419028 42.429844 51.890756 51.274284 50.777526 50.404021 50.156521 50.036898 50.046067 
115.639990 125.901574 47.624387 68.896162 22.740828 25.253767 27.771630 30.293189 32.817592 71.017525 69.408629 67.856686 66.365693 64.939847 63.583531 62.301287 77.002766 75.521486 74.097685 72.734739 71.436131 70.205430 69.046270 5.236344 5.080000 5.236344 5.679613 1.270000 0.000000 1.270000 2.540000 44.999680 44.214492 43.563455 43.052655 42.687128 42.470623 42.405423 52.242591 51.567805 51.010703 50.575175 50.264382 50.080645 50.025365 
116.802837 126.970476 47.394912 68.737738 22.969970 25.460302 27.959572 30.465580 32.976789 71.842140 70.206200 68.625294 67.103313 65.644357 64.252717 62.932861 77.763939 76.255147 74.802193 73.408390 72.077171 70.812066 69.616679 5.679613 5.236344 5.080000 5.236344 2.540000 1.270000 0.000000 1.270000 45.440453 44.590731 43.871803 43.290183 42.851466 42.560068 42.419028 52.622733 51.890756 51.274284 50.777526 50.404021 50.156521 50.036898 
117.967894 128.043051 47.198506 68.602463 23.266276 25.727943 28.203505 30.689601 33.183862 72.679593 71.017525 69.408629 67.856686 66.365693 64.939847 63.583531 78.538273 77.002766 75.521486 74.097685 72.734739 71.436131 70.205430 6.350000 5.679613 5.236344 5.080000 3.810000 2.540000 1.270000 0.000000 45.912136 44.999680 44.214492 43.563455 43.052655 42.687128 42.470623 53.030571 52.242591 51.567805 51.010703 50.575175 50.264382 50.080645 
127.177942 94.338058 92.376152 35.479482 23.048214 20.890429 18.828253 16.896727 15.145919 32.918214 30.564345 28.242747 25.962079 23.734143 21.575280 19.508436 36.377096 34.261691 32.207717 30.227700 28.337145 26.555169 24.905087 49.446688 49.815788 50.214305 50.641543 44.590731 44.999680 45.440453 45.912136 0.000000 2.540000 5.080000 7.620000 10.160000 12.700000 15.240000 7.620000 8.032185 9.158100 10.776307 12.700000 14.810618 17.038838 
129.002110 96.783183 91.741314 33.792143 21.883624 19.598032 17.383209 15.269978 13.306829 35.297899 32.918214 30.564345 28.242747 25.962079 23.734143 21.575280 38.543818 36.377096 34.261691 32.207717 30.227700 28.337145 26.555169 48.799351 49.107666 49.446688 49.815788 43.871803 44.214492 44.590731 44.999680 2.540000 0.000000 2.540000 5.080000 7.620000 10.160000 12.700000 8.032185 7.620000 8.032185 9.158100 10.776307 12.700000 14.810618 
130.850154 99.233074 91.172843 32.216881 20.963516 18.564991 16.209626 13.919348 11.732337 37.698510 35.297899 32.918214 30.564345 28.242747 25.962079 23.734143 40.753674 38.543818 36.377096 34.261691 32.207717 30.227700 28.337145 48.277133 48.522327 48.799351 49.107666 43.290183 43.563455 43.871803 44.214492 5.080000 2.540000 0.000000 2.540000 5.080000 7.620000 10.160000 9.158100 8.032185 7.620000 8.032185 9.158100 10.776307 12.700000 
132.721078 101.687387 90.671985 30.770913 20.321128 17.836427 15.369815 12.931647 10.541678 40.116292 37.698510 35.297899 32.918214 30.564345 28.242747 25.962079 43.000014 40.753674 38.543818 36.377096 34.261691 32.207717 30.227700 47.884128 48.064256 48.277133 48.522327 42.851466 43.052655 43.290183 43.563455 7.620000 5.080000 2.540000 0.000000 2.540000 5.080000 7.620000 10.776307 9.158100 8.032185 7.620000 8.032185 9.158100 10.776307 
134.613927 104.145809 90.239868 29.473276 19.983260 17.450518 14.920243 12.393947 9.874685 42.548317 40.116292 37.698510 35.297899 32.918214 30.564345 28.242747 45.277407 43.000014 40.753674 38.543818 36.377096 34.261691 32.207717 47.623534 47.737118 47.884128 48.064256 42.560068 42.687128 42.851466 43.052655 10.160000 7.620000 5.080000 2.540000 0.000000 2.540000 5.080000 12.700000 10.776307 9.158100 8.032185 7.620000 8.032185 9.158100 
136.527790 106.608056 89.877483 28.344348 19.965378 17.430037 14.896284 12.365094 9.838447 44.992276 42.548317 40.116292 37.698510 35.297899 32.918214 30.564345 47.581396 45.277407 43.000014 40.753674 38.543818 36.377096 34.261691 47.497532 47.543616 47.623534 47.737118 42.419028 42.470623 42.560068 42.687128 12.700000 10.160000 7.620000 5.080000 2.540000 0.000000 2.540000 14.810618 12.700000 10.776307 9.158100 8.032185 7.620000 8.032185 
138.461795 109.073869 89.585675 27.404988 20.268329 17.776249 15.299938 12.848517 10.439534 47.446325 44.992276 42.548317 40.116292 37.698510 35.297899 32.918214 49.908296 47.581396 45.277407 43.000014 40.753674 38.543818 36.377096 47.507192 47.485382 47.497532 47.543616 42.429844 42.405423 42.419028 42.470623 15.240000 12.700000 10.160000 7.620000 5.080000 2.540000 0.000000 17.038838 14.810618 12.700000 10.776307 9.158100 8.032185 7.620000 
132.629605 92.538923 99.748366 30.373948 29.884272 27.559935 25.277133 23.048214 20.890429 30.984727 28.471454 25.963384 23.462184 20.970313 18.491545 16.031956 32.918214 30.564345 28.242747 25.962079 23.734143 21.575280 19.508436 56.804149 57.125731 57.473583 57.847232 51.890756 52.242591 52.622733 53.030571 7.620000 8.032185 9.158100 10.776307 12.700000 14.810618 17.038838 0.000000 2.540000 5.080000 7.620000 10.160000 12.700000 15.240000 
134.379788 95.030351 99.160737 28.384714 28.995561 26.593662 24.219957 21.883624 19.598032 33.502032 30.984727 28.471454 25.963384 23.462184 20.970313 18.491545 35.297899 32.918214 30.564345 28.242747 25.962079 23.734143 21.575280 56.241560 56.509285 56.804149 57.125731 51.274284 51.567805 51.890756 52.242591 8.032185 7.620000 8.032185 9.158100 10.776307 12.700000 14.810618 2.540000 0.000000 2.540000 5.080000 7.620000 10.160000 12.700000 
136.154860 97.524284 98.635036 26.489818 28.307571 25.841805 23.391929 20.963516 18.564991 36.022523 33.502032 30.984727 28.471454 25.963384 23.462184 20.970313 37.698510 35.297899 32.918214 30.564345 28.242747 25.962079 23.734143 55.789049 56.001362 56.241560 56.509285 50.777526 51.010703 51.274284 51.567805 9.158100 8.032185 7.620000 8.032185 9.158100 10.776307 12.700000 5.080000 2.540000 0.000000 2.540000 5.080000 7.620000 10.160000 
137.953860 100.020536 98.172257 24.710973 27.835190 25.323469 22.818010 20.321128 17.836427 38.545576 36.022523 33.502032 30.984727 28.471454 25.963384 23.462184 40.116292 37.698510 35.297899 32.918214 30.564345 28.242747 25.962079 55.449311 55.604938 55.789049 56.001362 50.404021 50.575175 50.777526 51.010703 10.776307 9.158100 8.032185 7.620000 8.032185 9.158100 10.776307 7.620000 5.080000 2.540000 0.000000 2.540000 5.080000 7.620000 
139.775865 102.518938 97.773293 23.075031 27.589496 25.053154 22.517638 19.983260 17.450518 41.070717 38.545576 36.022523 33.502032 30.984727 28.471454 25.963384 42.548317 40.116292 37.698510 35.297899 32.918214 30.564345 28.242747 55.224428 55.322408 55.449311 55.604938 50.156521 50.264382 50.404021 50.575175 12.700000 10.776307 9.158100 8.032185 7.620000 8.032185 9.158100 10.160000 7.620000 5.080000 2.540000 0.000000 2.540000 5.080000 
141.619986 105.019335 97.438930 21.614466 27.576546 25.038893 22.501770 19.965378 17.430037 43.597585 41.070717 38.545576 36.022523 33.502032 30.984727 28.471454 44.992276 42.548317 40.116292 37.698510 35.297899 32.918214 30.564345 55.115805 55.155523 55.224428 55.322408 50.036898 50.080645 50.156521 50.264382 14.810618 12.700000 10.776307 9.158100 8.032185 7.620000 8.032185 12.700000 10.160000 7.620000 5.080000 2.540000 0.000000 2.540000 
143.485371 107.521588 97.169832 20.367043 27.796668 25.281120 22.771001 20.268329 17.776249 46.125896 43.597585 41.070717 38.545576 36.022523 33.502032 30.984727 47.446325 44.992276 42.548317 40.116292 37.698510 35.297899 32.918214 55.124129 55.105335 55.115805 55.155523 50.046067 50.025365 50.036898 50.080645 17.038838 14.810618 12.700000 10.776307 9.158100 8.032185 7.620000 15.240000 12.700000 10.160000 7.620000 5.080000 2.540000 0.000000 
