37
# Circuit board instance
Size: large
Nodes: 37
0.000000 90.000000 90.000000 127.279221 102.344011 103.927050 105.547478 107.203599 108.893785 83.678866 84.755644 85.894057 87.091688 88.346129 89.654994 91.015936 90.678105 91.672708 92.726239 93.836711 95.002130 96.220498 97.489830 68.377974 70.367617 72.391704 74.447427 76.532236 78.643818 80.780074 73.421368 75.277829 77.173239 79.104800 81.069928 83.066240 85.091541 
90.000000 0.000000 127.279221 90.000000 85.045597 84.273891 83.572286 82.942562 82.386366 37.069907 39.440394 41.830785 44.237853 46.659018 49.092193 51.535678 34.970620 37.474137 39.982256 42.494163 45.009223 47.526936 50.046901 70.814504 72.737529 74.697426 76.691369 78.716770 80.771262 82.852682 66.016997 68.075679 70.165914 72.284964 74.430369 76.599914 78.791605 
90.000000 127.279221 0.000000 90.000000 63.698717 66.212248 68.727724 71.244941 73.763720 94.362991 92.889939 91.463712 90.086535 88.760690 87.488511 86.272372 100.621769 99.241660 97.908002 96.622720 95.387768 94.205126 93.076788 56.768831 55.150289 53.603281 52.134176 50.749740 49.457083 48.263581 62.752292 61.291960 59.903771 58.592852 57.364502 56.224133 55.177199 
127.279221 90.000000 90.000000 0.000000 28.565426 26.178593 23.823456 21.510430 19.254697 57.239843 54.777425 52.322425 49.875938 47.439282 45.014053 42.602203 55.903183 53.379139 50.856685 48.336068 45.817592 43.301631 40.788649 59.681210 58.143796 56.678553 55.291219 53.987802 52.774518 51.657718 53.901733 52.194358 50.556981 48.996622 47.520866 46.137834 44.856102 
102.344011 85.045597 63.698717 28.565426 0.000000 2.540000 5.080000 7.620000 10.160000 48.080654 45.644501 43.220305 40.810199 38.416834 36.043545 33.694574 50.713557 48.410082 46.131447 43.881522 41.664958 39.487374 37.355587 34.003390 31.977948 30.030835 28.178292 26.440204 24.840609 23.407916 30.184928 27.883481 25.627142 23.428945 21.306894 19.286140 17.402007 
103.927050 84.273891 66.212248 26.178593 2.540000 0.000000 2.540000 5.080000 7.620000 47.443129 44.972454 42.509952 40.057129 37.615879 35.188611 32.778430 49.721791 47.370113 45.038894 42.731482 40.451951 38.205292 35.997659 35.549081 33.616898 31.770390 30.025368 28.400546 26.917698 25.601506 31.303784 29.090987 26.935987 24.853822 22.864399 20.994099 19.277626 
105.547478 83.572286 68.727724 23.823456 5.080000 2.540000 0.000000 2.540000 5.080000 46.934581 44.435639 41.941631 39.453491 36.972405 34.499894 32.037944 48.842105 46.445909 44.065823 41.704609 39.365659 37.053193 34.772493 37.204126 35.362489 33.612014 31.967680 30.446688 29.068407 27.854029 32.582620 30.462859 28.412104 26.446412 24.586195 22.857218 21.291479 
107.203599 82.942562 71.244941 21.510430 7.620000 5.080000 2.540000 0.000000 2.540000 46.559236 44.039001 41.521175 39.006225 36.494744 33.987502 31.485512 48.080654 45.644501 43.220305 40.810199 38.416834 36.043545 33.694574 38.954589 37.199713 35.539844 33.988904 32.562461 31.277553 30.152280 34.003390 31.977948 30.030835 28.178292 26.440204 24.840609 23.407916 
108.893785 82.386366 73.763720 19.254697 10.160000 7.620000 5.080000 2.540000 0.000000 46.320333 43.786350 41.253107 38.720749 36.189462 33.659488 31.131147 47.443129 44.972454 42.509952 40.057129 37.615879 35.188611 32.778430 40.788187 39.115660 37.540601 36.075778 34.735142 33.533588 32.486554 35.549081 33.616898 31.770390 30.025368 28.400546 26.917698 25.601506 
83.678866 37.069907 94.362991 57.239843 48.080654 47.443129 46.934581 46.559236 46.320333 0.000000 2.540000 5.080000 7.620000 10.160000 12.700000 15.240000 7.620000 8.032185 9.158100 10.776307 12.700000 14.810618 17.038838 38.031428 39.338640 40.762371 42.290855 43.913154 45.619261 47.400127 31.610721 33.171927 34.848516 36.624644 38.486533 40.422335 42.421931 
84.755644 39.440394 92.889939 54.777425 45.644501 44.972454 44.435639 44.039001 43.786350 2.540000 0.000000 2.540000 5.080000 7.620000 10.160000 12.700000 8.032185 7.620000 8.032185 9.158100 10.776307 12.700000 14.810618 36.853136 38.031428 39.338640 40.762371 42.290855 43.913154 45.619261 30.182806 31.610721 33.171927 34.848516 36.624644 38.486533 40.422335 
85.894057 41.830785 91.463712 52.322425 43.220305 42.509952 41.941631 41.521175 41.253107 5.080000 2.540000 0.000000 2.540000 5.080000 7.620000 10.160000 9.158100 8.032185 7.620000 8.032185 9.158100 10.776307 12.700000 35.816490 36.853136 38.031428 39.338640 40.762371 42.290855 43.913154 28.907941 30.182806 31.610721 33.171927 34.848516 36.624644 38.486533 
87.091688 44.237853 90.086535 49.875938 40.810199 40.057129 39.453491 39.006225 38.720749 7.620000 5.080000 2.540000 0.000000 2.540000 5.080000 7.620000 10.776307 9.158100 8.032185 7.620000 8.032185 9.158100 10.776307 34.934101 35.816490 36.853136 38.031428 39.338640 40.762371 42.290855 27.807186 28.907941 30.182806 31.610721 33.171927 34.848516 36.624644 
88.346129 46.659018 88.760690 47.439282 38.416834 37.615879 36.972405 36.494744 36.189462 10.160000 7.620000 5.080000 2.540000 0.000000 2.540000 5.080000 12.700000 10.776307 9.158100 8.032185 7.620000 8.032185 9.158100 34.217907 34.934101 35.816490 36.853136 38.031428 39.338640 40.762371 26.901920 27.807186 28.907941 30.182806 31.610721 33.171927 34.848516 
89.654994 49.092193 87.488511 45.014053 36.043545 35.188611 34.499894 33.987502 33.659488 12.700000 10.160000 7.620000 5.080000 2.540000 0.000000 2.540000 14.810618 12.700000 10.776307 9.158100 8.032185 7.620000 8.032185 33.678510 34.217907 34.934101 35.816490 36.853136 38.031428 39.338640 26.212405 26.901920 27.807186 28.907941 30.182806 31.610721 33.171927 
91.015936 51.535678 86.272372 42.602203 33.694574 32.778430 32.037944 31.485512 31.131147 15.240000 12.700000 10.160000 7.620000 5.080000 2.540000 0.000000 17.038838 14.810618 12.700000 10.776307 9.158100 8.032185 7.620000 33.324498 33.678510 34.217907 34.934101 35.816490 36.853136 38.031428 25.755976 26.212405 26.901920 27.807186 28.907941 30.182806 31.610721 
90.678105 34.970620 100.621769 55.903183 50.713557 49.721791 48.842105 48.080654 47.443129 7.620000 8.032185 9.158100 10.776307 12.700000 14.810618 17.038838 0.000000 2.540000 5.080000 7.620000 10.160000 12.700000 15.240000 44.829345 45.943544 47.168332 48.495330 49.916388 51.423707 53.009931 38.031428 39.338640 40.762371 42.290855 43.913154 45.619261 47.400127 
91.672708 37.474137 99.241660 53.379139 48.410082 47.370113 46.445909 45.644501 44.972454 8.032185 7.620000 8.032185 9.158100 10.776307 12.700000 14.810618 2.540000 0.000000 2.540000 5.080000 7.620000 10.160000 12.700000 43.834168 44.829345 45.943544 47.168332 48.495330 49.916388 51.423707 36.853136 38.031428 39.338640 40.762371 42.290855 43.913154 45.619261 
92.726239 39.982256 97.908002 50.856685 46.131447 45.038894 44.065823 43.220305 42.509952 9.158100 8.032185 7.620000 8.032185 9.158100 10.776307 12.700000 5.080000 2.540000 0.000000 2.540000 5.080000 7.620000 10.160000 42.966284 43.834168 44.829345 45.943544 47.168332 48.495330 49.916388 35.816490 36.853136 38.031428 39.338640 40.762371 42.290855 43.913154 
93.836711 42.494163 96.622720 48.336068 43.881522 42.731482 41.704609 40.810199 40.057129 10.776307 9.158100 8.032185 7.620000 8.032185 9.158100 10.776307 7.620000 5.080000 2.540000 0.000000 2.540000 5.080000 7.620000 42.233542 42.966284 43.834168 44.829345 45.943544 47.168332 48.495330 34.934101 35.816490 36.853136 38.031428 39.338640 40.762371 42.290855 
95.002130 45.009223 95.387768 45.817592 41.664958 40.451951 39.365659 38.416834 37.615879 12.700000 10.776307 9.158100 8.032185 7.620000 8.032185 9.158100 10.160000 7.620000 5.080000 2.540000 0.000000 2.540000 5.080000 41.643076 42.233542 42.966284 43.834168 44.829345 45.943544 47.168332 34.217907 34.934101 35.816490 36.853136 38.031428 39.338640 40.762371 
96.220498 47.526936 94.205126 43.301631 39.487374 38.205292 37.053193 36.043545 35.188611 14.810618 12.700000 10.776307 9.158100 8.032185 7.620000 8.032185 12.700000 10.160000 7.620000 5.080000 2.540000 0.000000 2.540000 41.201004 41.643076 42.233542 42.966284 43.834168 44.829345 45.943544 33.678510 34.217907 34.934101 35.816490 36.853136 38.031428 39.338640 
97.489830 50.046901 93.076788 40.788649 37.355587 35.997659 34.772493 33.694574 32.778430 17.038838 14.810618 12.700000 10.776307 9.158100 8.032185 7.620000 15.240000 12.700000 10.160000 7.620000 5.080000 2.540000 0.000000 40.912135 41.201004 41.643076 42.233542 42.966284 43.834168 44.829345 33.324498 33.678510 34.217907 34.934101 35.816490 36.853136 38.031428 
68.377974 70.814504 56.768831 59.681210 34.003390 35.549081 37.204126 38.954589 40.788187 38.031428 36.853136 35.816490 34.934101 34.217907 33.678510 33.324498 44.829345 43.834168 42.966284 42.233542 41.643076 41.201004 40.912135 0.000000 2.540000 5.080000 7.620000 10.160000 12.700000 15.240000 7.620000 8.032185 9.158100 10.776307 12.700000 14.810618 17.038838 
70.367617 72.737529 55.150289 58.143796 31.977948 33.616898 35.362489 37.199713 39.115660 39.338640 38.031428 36.853136 35.816490 34.934101 34.217907 33.678510 45.943544 44.829345 43.834168 42.966284 42.233542 41.643076 41.201004 2.540000 0.000000 2.540000 5.080000 7.620000 10.160000 12.700000 8.032185 7.620000 8.032185 9.158100 10.776307 12.700000 14.810618 
72.391704 74.697426 53.603281 56.678553 30.030835 31.770390 33.612014 35.539844 37.540601 40.762371 39.338640 38.031428 36.853136 35.816490 34.934101 34.217907 47.168332 45.943544 44.829345 43.834168 42.966284 42.233542 41.643076 5.080000 2.540000 0.000000 2.540000 5.080000 7.620000 10.160000 9.158100 8.032185 7.620000 8.032185 9.158100 10.776307 12.700000 
74.447427 76.691369 52.134176 55.291219 28.178292 30.025368 31.967680 33.988904 36.075778 42.290855 40.762371 39.338640 38.031428 36.853136 35.816490 34.934101 48.495330 47.168332 45.943544 44.829345 43.834168 42.966284 42.233542 7.620000 5.080000 2.540000 0.000000 2.540000 5.080000 7.620000 10.776307 9.158100 8.032185 7.620000 8.032185 9.158100 10.776307 
76.532236 78.716770 50.749740 53.987802 26.440204 28.400546 30.446688 32.562461 34.735142 43.913154 42.290855 40.762371 39.338640 38.031428 36.853136 35.816490 49.916388 48.495330 47.168332 45.943544 44.829345 43.834168 42.966284 10.160000 7.620000 5.080000 2.540000 0.000000 2.540000 5.080000 12.700000 10.776307 9.158100 8.032185 7.620000 8.032185 9.158100 
78.643818 80.771262 49.457083 52.774518 24.840609 26.917698 29.068407 31.277553 33.533588 45.619261 43.913154 42.290855 40.762371 39.338640 38.031428 36.853136 51.423707 49.916388 48.495330 47.168332 45.943544 44.829345 43.834168 12.700000 10.160000 7.620000 5.080000 2.540000 0.000000 2.540000 14.810618 12.700000 10.776307 9.158100 8.032185 7.620000 8.032185 
80.780074 82.852682 48.263581 51.657718 23.407916 25.601506 27.854029 30.152280 32.486554 47.400127 45.619261 43.913154 42.290855 40.762371 39.338640 38.031428 53.009931 51.423707 49.916388 48.495330 47.168332 45.943544 44.829345 15.240000 12.700000 10.160000 7.620000 5.080000 2.540000 0.000000 17.038838 14.810618 12.700000 10.776307 9.158100 8.032185 7.620000 
73.421368 66.016997 62.752292 53.901733 30.184928 31.303784 32.582620 34.003390 35.549081 31.610721 30.182806 28.907941 27.807186 26.901920 26.212405 25.755976 38.031428 36.853136 35.816490 34.934101 34.217907 33.678510 33.324498 7.620000 8.032185 9.158100 10.776307 12.700000 14.810618 17.038838 0.000000 2.540000 5.080000 7.620000 10.160000 12.700000 15.240000 
75.277829 68.075679 61.291960 52.194358 27.883481 29.090987 30.462859 31.977948 33.616898 33.171927 31.610721 30.182806 28.907941 27.807186 26.901920 26.212405 39.338640 38.031428 36.853136 35.816490 34.934101 34.217907 33.678510 8.032185 7.620000 8.032185 9.158100 10.776307 12.700000 14.810618 2.540000 0.000000 2.540000 5.080000 7.620000 10.160000 12.700000 
77.173239 70.165914 59.903771 50.556981 25.627142 26.935987 28.412104 30.030835 31.770390 34.848516 33.171927 31.610721 30.182806 28.907941 27.807186 26.901920 40.762371 39.338640 38.031428 36.853136 35.816490 34.934101 34.217907 9.158100 8.032185 7.620000 8.032185 9.158100 10.776307 12.700000 5.080000 2.540000 0.000000 2.540000 5.080000 7.620000 10.160000 
79.104800 72.284964 58.592852 48.996622 23.428945 24.853822 26.446412 28.178292 30.025368 36.624644 34.848516 33.171927 31.610721 30.182806 28.907941 27.807186 42.290855 40.762371 39.338640 38.031428 36.853136 35.816490 34.934101 10.776307 9.158100 8.032185 7.620000 8.032185 9.158100 10.776307 7.620000 5.080000 2.540000 0.000000 2.540000 5.080000 7.620000 
81.069928 74.430369 57.364502 47.520866 21.306894 22.864399 24.586195 26.440204 28.400546 38.486533 36.624644 34.848516 33.171927 31.610721 30.182806 28.907941 43.913154 42.290855 40.762371 39.338640 38.031428 36.853136 35.816490 12.700000 10.776307 9.158100 8.032185 7.620000 8.032185 9.158100 10.160000 7.620000 5.080000 2.540000 0.000000 2.540000 5.080000 
83.066240 76.599914 56.224133 46.137834 19.286140 20.994099 22.857218 24.840609 26.917698 40.422335 38.486533 36.624644 34.848516 33.171927 31.610721 30.182806 45.619261 43.913154 42.290855 40.762371 39.338640 38.031428 36.853136 14.810618 12.700000 10.776307 9.158100 8.032185 7.620000 8.032185 12.700000 10.160000 7.620000 5.080000 2.540000 0.000000 2.540000 
85.091541 78.791605 55.177199 44.856102 17.402007 19.277626 21.291479 23.407916 25.601506 42.421931 40.422335 38.486533 36.624644 34.848516 33.171927 31.610721 47.400127 45.619261 43.913154 42.290855 40.762371 39.338640 38.031428 17.038838 14.810618 12.700000 10.776307 9.158100 8.032185 7.620000 15.240000 12.700000 10.160000 7.620000 5.080000 2.540000 0.000000 
