39
# Circuit board instance
Size: large
Nodes: 39
0.000000 115.000000 115.000000 162.634560 17.082468 19.444248 21.846054 24.276007 26.726433 66.692849 68.083510 69.539166 71.055824 72.629663 74.257046 75.934531 73.247806 74.516235 75.848537 77.241408 78.691632 80.196096 81.751807 48.728125 49.391468 50.078237 50.787482 53.153107 53.761880 54.393496 55.047170 77.738562 78.517364 79.308856 80.112662 81.829581 82.569805 83.322811 84.088256 
115.000000 0.000000 162.634560 115.000000 99.514183 96.980105 94.446345 91.912929 89.379887 68.595877 69.948713 71.366336 72.844961 74.380953 75.970830 77.611283 62.210123 63.698724 65.252271 66.866235 68.536349 70.258608 72.029273 77.317526 77.737293 78.175440 78.631660 72.528770 72.976088 73.442645 73.928077 71.236336 72.085421 72.946735 73.819849 67.520455 68.415672 69.322597 70.240774 
115.000000 162.634560 0.000000 115.000000 109.429596 109.823061 110.273641 110.780641 111.343289 97.360754 95.301335 93.265620 91.255194 89.271766 87.317175 85.393403 101.962843 99.998248 98.060088 96.149963 94.269577 92.420745 90.605398 99.256154 98.105917 96.958670 95.814520 101.501757 100.377257 99.256266 98.138906 91.623933 90.689235 89.762774 88.844806 95.119616 94.219604 93.328194 92.445637 
162.634560 115.000000 115.000000 0.000000 146.922083 145.217653 143.537932 141.883799 140.256159 98.674083 96.642655 94.635797 92.655106 90.702295 88.779205 86.887809 94.346593 92.219888 90.114588 88.032230 85.974481 83.943149 81.940200 115.997215 115.014524 114.037509 113.066316 112.861758 111.851523 110.846633 109.847233 86.175847 85.181388 84.194341 83.214969 83.130457 82.099118 81.074555 80.057026 
17.082468 99.514183 109.429596 146.922083 0.000000 2.540000 5.080000 7.620000 10.160000 49.903630 51.417341 53.009591 54.673520 56.402784 58.191558 60.034524 56.287013 57.633311 59.058211 60.556167 62.121893 63.750396 65.436990 31.884729 32.629651 33.406258 34.212393 36.163872 36.822327 37.512235 38.231891 61.335068 62.182426 63.043981 63.919158 65.231540 66.028914 66.840907 67.666994 
19.444248 96.980105 109.823061 145.217653 2.540000 0.000000 2.540000 5.080000 7.620000 47.856315 49.432757 51.086899 52.811441 54.599712 56.445655 58.343797 54.123681 55.522459 57.000152 58.550784 60.168717 61.848670 63.585726 29.839503 30.634198 31.460102 32.314823 33.996753 34.696359 35.427691 36.188825 59.453878 60.327666 61.215331 62.116277 63.262316 64.084196 64.920518 65.770729 
21.846054 94.446345 110.273641 143.537932 5.080000 2.540000 0.000000 2.540000 5.080000 45.858310 47.501108 49.220210 51.007902 52.857226 54.761937 56.716456 51.994432 53.448962 54.982410 56.588360 58.260816 59.994217 61.783434 27.875780 28.724854 29.604074 30.510833 31.884729 32.629651 33.406258 34.212393 57.623259 58.524385 59.438986 60.366450 61.335068 62.182426 63.043981 63.919158 
24.276007 91.912929 110.780641 141.883799 7.620000 5.080000 2.540000 0.000000 2.540000 43.916347 45.629115 47.416136 49.269331 51.181513 53.146314 55.158112 49.903630 51.417341 53.009591 54.673520 56.402784 58.191558 60.034524 26.012025 26.919948 27.856194 28.818003 29.839503 30.634198 31.460102 32.314823 55.848183 56.777488 57.719776 58.674422 59.453878 60.327666 61.215331 62.116277 
26.726433 89.379887 111.343289 140.256159 10.160000 7.620000 5.080000 2.540000 0.000000 42.038193 43.824426 45.682099 47.602848 49.579344 51.605182 53.674775 47.856315 49.432757 51.086899 52.811441 54.599712 56.445655 58.343797 24.271280 25.241893 26.238085 27.257052 27.875780 28.724854 29.604074 30.510833 54.134114 55.092340 56.062958 57.045338 57.623259 58.524385 59.438986 60.366450 
66.692849 68.595877 97.360754 98.674083 49.903630 47.856315 45.858310 43.916347 42.038193 0.000000 2.540000 5.080000 7.620000 10.160000 12.700000 15.240000 7.620000 8.032185 9.158100 10.776307 12.700000 14.810618 17.038838 18.021321 17.302215 16.649056 16.069888 14.239507 13.317740 12.457393 11.672055 12.811864 13.976694 15.158426 16.353397 15.624118 16.592685 17.599633 18.638745 
68.083510 69.948713 95.301335 96.642655 51.417341 49.432757 47.501108 45.629115 43.824426 2.540000 0.000000 2.540000 5.080000 7.620000 10.160000 12.700000 8.032185 7.620000 8.032185 9.158100 10.776307 12.700000 14.810618 19.627739 18.798808 18.021321 17.302215 16.224787 15.211533 14.239507 13.317740 10.555237 11.668999 12.811864 13.976694 13.834097 14.701522 15.624118 16.592685 
69.539166 71.366336 93.265620 94.635797 53.009591 51.086899 49.220210 47.416136 45.682099 5.080000 2.540000 0.000000 2.540000 5.080000 7.620000 10.160000 9.158100 8.032185 7.620000 8.032185 9.158100 10.776307 12.700000 21.415683 20.501876 19.627739 18.798808 18.347399 17.272014 16.224787 15.211533 8.460816 9.480840 10.555237 11.668999 12.310752 13.032864 13.834097 14.701522 
71.055824 72.844961 91.255194 92.655106 54.673520 52.811441 51.007902 49.269331 47.602848 7.620000 5.080000 2.540000 0.000000 2.540000 5.080000 7.620000 10.776307 9.158100 8.032185 7.620000 8.032185 9.158100 10.776307 23.343479 22.364298 21.415683 20.501876 20.564862 19.446270 18.347399 17.272014 6.682887 7.517333 8.460816 9.480840 11.163789 11.682444 12.310752 13.032864 
72.629663 74.380953 89.271766 90.702295 56.402784 54.599712 52.857226 51.181513 49.579344 10.160000 7.620000 5.080000 2.540000 0.000000 2.540000 5.080000 12.700000 10.776307 9.158100 8.032185 7.620000 8.032185 9.158100 25.379278 24.349537 23.343479 22.364298 22.849580 21.700128 20.564862 19.446270 5.535319 6.003122 6.682887 7.517333 10.517080 10.770640 11.163789 11.682444 
74.257046 75.970830 87.317175 88.779205 58.191558 56.445655 54.761937 53.146314 51.605182 12.700000 10.160000 7.620000 5.080000 2.540000 0.000000 2.540000 14.810618 12.700000 10.776307 9.158100 8.032185 7.620000 8.032185 27.499103 26.429932 25.379278 24.349537 25.183253 24.011182 22.849580 21.700128 5.433390 5.335527 5.535319 6.003122 10.463792 10.413312 10.517080 10.770640 
75.934531 77.611283 85.393403 86.887809 60.034524 58.343797 56.716456 55.158112 53.674775 15.240000 12.700000 10.160000 7.620000 5.080000 2.540000 0.000000 17.038838 14.810618 12.700000 10.776307 9.158100 8.032185 7.620000 29.684959 28.584713 27.499103 26.429932 27.553446 26.364396 25.183253 24.011182 6.427045 5.813899 5.433390 5.335527 11.012544 10.666332 10.463792 10.413312 
73.247806 62.210123 101.962843 94.346593 56.287013 54.123681 51.994432 49.903630 47.856315 7.620000 8.032185 9.158100 10.776307 12.700000 14.810618 17.038838 0.000000 2.540000 5.080000 7.620000 10.160000 12.700000 15.240000 24.587571 24.065479 23.600249 23.195301 20.127718 19.486500 18.908942 18.401042 11.872828 13.121286 14.373519 15.628620 11.979735 13.218100 14.461953 15.709990 
74.516235 63.698724 99.998248 92.219888 57.633311 55.522459 53.448962 51.417341 49.432757 8.032185 7.620000 8.032185 9.158100 10.776307 12.700000 14.810618 2.540000 0.000000 2.540000 5.080000 7.620000 10.160000 12.700000 25.788152 25.162985 24.587571 24.065479 21.577886 20.826718 20.127718 19.486500 9.393253 10.629474 11.872828 13.121286 9.528023 10.748755 11.979735 13.218100 
75.848537 65.252271 98.060088 90.114588 59.058211 57.000152 54.982410 53.009591 51.086899 9.158100 8.032185 7.620000 8.032185 9.158100 10.776307 12.700000 5.080000 2.540000 0.000000 2.540000 5.080000 7.620000 10.160000 27.173740 26.459546 25.788152 25.162985 23.216126 22.375968 21.577886 20.826718 6.957412 8.167405 9.393253 10.629474 7.138319 8.322050 9.528023 10.748755 
77.241408 66.866235 96.149963 88.032230 60.556167 58.550784 56.588360 54.673520 52.811441 10.776307 9.158100 8.032185 7.620000 8.032185 9.158100 10.776307 7.620000 5.080000 2.540000 0.000000 2.540000 5.080000 7.620000 28.717567 27.927451 27.173740 26.459546 25.005500 24.093959 23.216126 22.375968 4.634777 5.773255 6.957412 8.167405 4.902160 5.990032 7.138319 8.322050 
78.691632 68.536349 94.269577 85.974481 62.121893 60.168717 58.260816 56.402784 54.599712 12.700000 10.776307 9.158100 8.032185 7.620000 8.032185 9.158100 10.160000 7.620000 5.080000 2.540000 0.000000 2.540000 5.080000 30.395532 29.541168 28.717567 27.927451 26.915883 25.947196 25.005500 24.093959 2.731288 3.585756 4.634777 5.773255 3.163850 3.925259 4.902160 5.990032 
80.196096 70.258608 92.420745 83.943149 63.750396 61.848670 59.994217 58.191558 56.445655 14.810618 12.700000 10.776307 9.158100 8.032185 7.620000 8.032185 12.700000 10.160000 7.620000 5.080000 2.540000 0.000000 2.540000 32.186664 31.278139 30.395532 29.541168 28.923307 27.908750 26.915883 25.947196 2.518315 2.299570 2.731288 3.585756 2.981933 2.799650 3.163850 3.925259 
81.751807 72.029273 90.605398 81.940200 65.436990 63.585726 61.783434 60.034524 58.343797 17.038838 14.810618 12.700000 10.776307 9.158100 8.032185 7.620000 15.240000 12.700000 10.160000 7.620000 5.080000 2.540000 0.000000 34.073119 33.118975 32.186664 31.278139 31.008931 29.957351 28.923307 27.908750 4.257592 3.259079 2.518315 2.299570 4.547208 3.629272 2.981933 2.799650 
48.728125 77.317526 99.256154 115.997215 31.884729 29.839503 27.875780 26.012025 24.271280 18.021321 19.627739 21.415683 23.343479 25.379278 27.499103 29.684959 24.587571 25.788152 27.173740 28.717567 30.395532 32.186664 34.073119 0.000000 1.270000 2.540000 3.810000 5.080000 5.236344 5.679613 6.350000 29.863612 30.822941 31.804055 32.804998 33.460654 34.319583 35.203380 36.110219 
49.391468 77.737293 98.105917 115.014524 32.629651 30.634198 28.724854 26.919948 25.241893 17.302215 18.798808 20.501876 22.364298 24.349537 26.429932 28.584713 24.065479 25.162985 26.459546 27.927451 29.541168 31.278139 33.118975 1.270000 0.000000 1.270000 2.540000 5.236344 5.080000 5.236344 5.679613 28.928235 29.863612 30.822941 31.804055 32.628558 33.460654 34.319583 35.203380 
50.078237 78.175440 96.958670 114.037509 33.406258 31.460102 29.604074 27.856194 26.238085 16.649056 18.021321 19.627739 21.415683 23.343479 25.379278 27.499103 23.600249 24.587571 25.788152 27.173740 28.717567 30.395532 32.186664 2.540000 1.270000 0.000000 1.270000 5.679613 5.236344 5.080000 5.236344 28.019207 28.928235 29.863612 30.822941 31.825399 32.628558 33.460654 34.319583 
50.787482 78.631660 95.814520 113.066316 34.212393 32.314823 30.510833 28.818003 27.257052 16.069888 17.302215 18.798808 20.501876 22.364298 24.349537 26.429932 23.195301 24.065479 25.162985 26.459546 27.927451 29.541168 31.278139 3.810000 2.540000 1.270000 0.000000 6.350000 5.679613 5.236344 5.080000 27.139178 28.019207 28.928235 29.863612 31.053423 31.825399 32.628558 33.460654 
53.153107 72.528770 101.501757 112.861758 36.163872 33.996753 31.884729 29.839503 27.875780 14.239507 16.224787 18.347399 20.564862 22.849580 25.183253 27.553446 20.127718 21.577886 23.216126 25.005500 26.915883 28.923307 31.008931 5.080000 5.236344 5.679613 6.350000 0.000000 1.270000 2.540000 3.810000 26.751974 27.818815 28.902087 30.000010 29.863612 30.822941 31.804055 32.804998 
53.761880 72.976088 100.377257 111.851523 36.822327 34.696359 32.629651 30.634198 28.724854 13.317740 15.211533 17.272014 19.446270 21.700128 24.011182 26.364396 19.486500 20.826718 22.375968 24.093959 25.947196 27.908750 29.957351 5.236344 5.080000 5.236344 5.679613 1.270000 0.000000 1.270000 2.540000 25.703609 26.751974 27.818815 28.902087 28.928235 29.863612 30.822941 31.804055 
54.393496 73.442645 99.256266 110.846633 37.512235 35.427691 33.406258 31.460102 29.604074 12.457393 14.239507 16.224787 18.347399 20.564862 22.849580 25.183253 18.908942 20.127718 21.577886 23.216126 25.005500 26.915883 28.923307 5.679613 5.236344 5.080000 5.236344 2.540000 1.270000 0.000000 1.270000 24.676076 25.703609 26.751974 27.818815 28.019207 28.928235 29.863612 30.822941 
55.047170 73.928077 98.138906 109.847233 38.231891 36.188825 34.212393 32.314823 30.510833 11.672055 13.317740 15.211533 17.272014 19.446270 21.700128 24.011182 18.401042 19.486500 20.826718 22.375968 24.093959 25.947196 27.908750 6.350000 5.679613 5.236344 5.080000 3.810000 2.540000 1.270000 0.000000 23.672088 24.676076 25.703609 26.751974 27.139178 28.019207 28.928235 29.863612 
77.738562 71.236336 91.623933 86.175847 61.335068 59.453878 57.623259 55.848183 54.134114 12.811864 10.555237 8.460816 6.682887 5.535319 5.433390 6.427045 11.872828 9.393253 6.957412 4.634777 2.731288 2.518315 4.257592 29.863612 28.928235 28.019207 27.139178 26.751974 25.703609 24.676076 23.672088 0.000000 1.270000 2.540000 3.810000 5.080000 5.236344 5.679613 6.350000 
78.517364 72.085421 90.689235 85.181388 62.182426 60.327666 58.524385 56.777488 55.092340 13.976694 11.668999 9.480840 7.517333 6.003122 5.335527 5.813899 13.121286 10.629474 8.167405 5.773255 3.585756 2.299570 3.259079 30.822941 29.863612 28.928235 28.019207 27.818815 26.751974 25.703609 24.676076 1.270000 0.000000 1.270000 2.540000 5.236344 5.080000 5.236344 5.679613 
79.308856 72.946735 89.762774 84.194341 63.043981 61.215331 59.438986 57.719776 56.062958 15.158426 12.811864 10.555237 8.460816 6.682887 5.535319 5.433390 14.373519 11.872828 9.393253 6.957412 4.634777 2.731288 2.518315 31.804055 30.822941 29.863612 28.928235 28.902087 27.818815 26.751974 25.703609 2.540000 1.270000 0.000000 1.270000 5.679613 5.236344 5.080000 5.236344 
80.112662 73.819849 88.844806 83.214969 63.919158 62.116277 60.366450 58.674422 57.045338 16.353397 13.976694 11.668999 9.480840 7.517333 6.003122 5.335527 15.628620 13.121286 10.629474 8.167405 5.773255 3.585756 2.299570 32.804998 31.804055 30.822941 29.863612 30.000010 28.902087 27.818815 26.751974 3.810000 2.540000 1.270000 0.000000 6.350000 5.679613 5.236344 5.080000 
81.829581 67.520455 95.119616 83.130457 65.231540 63.262316 61.335068 59.453878 57.623259 15.624118 13.834097 12.310752 11.163789 10.517080 10.463792 11.012544 11.979735 9.528023 7.138319 4.902160 3.163850 2.981933 4.547208 33.460654 32.628558 31.825399 31.053423 29.863612 28.928235 28.019207 27.139178 5.080000 5.236344 5.679613 6.350000 0.000000 1.270000 2.540000 3.810000 
82.569805 68.415672 94.219604 82.099118 66.028914 64.084196 62.182426 60.327666 58.524385 16.592685 14.701522 13.032864 11.682444 10.770640 10.413312 10.666332 13.218100 10.748755 8.322050 5.990032 3.925259 2.799650 3.629272 34.319583 33.460654 32.628558 31.825399 30.822941 29.863612 28.928235 28.019207 5.236344 5.080000 5.236344 5.679613 1.270000 0.000000 1.270000 2.540000 
83.322811 69.322597 93.328194 81.074555 66.840907 64.920518 63.043981 61.215331 59.438986 17.599633 15.624118 13.834097 12.310752 11.163789 10.517080 10.463792 14.461953 11.979735 9.528023 7.138319 4.902160 3.163850 2.981933 35.203380 34.319583 33.460654 32.628558 31.804055 30.822941 29.863612 28.928235 5.679613 5.236344 5.080000 5.236344 2.540000 1.270000 0.000000 1.270000 
84.088256 70.240774 92.445637 80.057026 67.666994 65.770729 63.919158 62.116277 60.366450 18.638745 16.592685 14.701522 13.032864 11.682444 10.770640 10.413312 15.709990 13.218100 10.748755 8.322050 5.990032 3.925259 2.799650 36.110219 35.203380 34.319583 33.460654 32.804998 31.804055 30.822941 29.863612 6.350000 5.679613 5.236344 5.080000 3.810000 2.540000 1.270000 0.000000 
