45
# Circuit board instance
Size: large
Nodes: 45
0.000000 115.000000 115.000000 162.634560 56.840737 57.356502 57.895535 58.457193 61.536750 62.013470 62.512360 63.032893 83.510357 85.881381 88.261808 90.650896 93.047979 72.566578 74.659246 76.778910 78.923395 81.090732 83.279135 85.486989 77.199093 79.169406 81.171380 83.202729 85.261355 87.345328 89.452876 70.692711 73.127934 75.570056 78.018428 80.472480 82.931708 85.395665 73.259757 75.612350 77.976701 80.351775 82.736647 85.130493 87.532578 
115.000000 0.000000 162.634560 115.000000 66.750801 67.190537 67.651259 68.132543 61.993319 62.466555 62.961854 63.478702 48.030827 46.091129 44.212298 42.402423 40.670714 94.321770 95.941081 97.599637 99.295470 101.026703 102.791548 104.588304 88.531283 90.254545 92.015656 93.812484 95.643017 97.505355 99.397712 116.283374 117.779702 119.311344 120.876957 122.475237 124.104922 125.764793 110.176021 111.754154 113.367233 115.013787 116.692400 118.401708 120.140400 
115.000000 162.634560 0.000000 115.000000 106.153468 105.049310 103.948941 102.852480 108.740337 107.662713 106.589326 105.520306 114.949291 116.683209 118.446217 120.237035 122.054439 69.525767 67.510941 65.532627 63.594233 61.699521 59.852640 58.058155 74.347994 72.467365 70.628019 68.833264 67.086681 65.392128 63.753755 51.550429 49.228875 46.929955 44.657165 42.414707 40.207655 38.042172 55.017992 52.848981 50.714429 48.618876 46.567586 44.566671 42.623228 
162.634560 115.000000 115.000000 0.000000 111.773694 110.725596 109.682187 108.643604 108.999362 107.924324 106.853565 105.787215 92.446309 91.453550 90.521196 89.651130 88.845183 92.002828 90.489862 89.023667 87.606589 86.241051 84.929539 83.674592 86.056448 84.437001 82.863774 81.339451 79.866832 78.448827 77.088451 105.744079 104.631953 103.570190 102.560353 101.603991 100.702627 99.857751 98.988600 97.799685 96.662903 95.580116 94.553179 93.583929 92.674177 
56.840737 66.750801 106.153468 111.773694 0.000000 1.270000 2.540000 3.810000 5.080000 5.236344 5.679613 6.350000 26.783288 29.222055 31.676737 34.143902 36.621026 38.281916 40.731168 43.190904 45.659430 48.135393 50.617702 53.105468 36.934446 39.467407 42.001218 44.535735 47.070842 49.606451 52.142486 55.164358 57.260543 59.391384 61.553280 63.743073 65.957984 68.195565 51.161463 53.414968 55.693136 57.993063 60.312257 62.648580 65.000185 
57.356502 67.190537 105.049310 110.725596 1.270000 0.000000 1.270000 2.540000 5.236344 5.080000 5.236344 5.679613 26.440454 28.908158 31.387398 33.875642 36.371041 37.061872 39.505109 41.959840 44.424159 46.896555 49.375814 51.860952 35.668340 38.200809 40.734216 43.268396 45.803221 48.338589 50.874419 54.130521 56.207875 58.321868 60.468657 62.644872 64.847549 67.074082 50.045003 52.284933 54.551162 56.840544 59.150392 61.478399 63.822578 
57.895535 67.651259 103.948941 109.682187 2.540000 1.270000 0.000000 1.270000 5.679613 5.236344 5.080000 5.236344 26.154856 28.647172 31.147193 33.653202 36.163954 35.845298 38.281916 40.731168 43.190904 45.659430 48.135393 50.617702 34.402522 36.934446 39.467407 42.001218 44.535735 47.070842 49.606451 53.106931 55.164358 57.260543 59.391384 61.553280 63.743073 65.957984 48.936031 51.161463 53.414968 55.693136 57.993063 60.312257 62.648580 
58.457193 68.132543 102.852480 108.643604 3.810000 2.540000 1.270000 0.000000 6.350000 5.679613 5.236344 5.080000 25.928386 28.440555 30.957266 33.477495 36.000503 34.632560 37.061872 39.505109 41.959840 44.424159 46.896555 49.375814 33.137024 35.668340 38.200809 40.734216 43.268396 45.803221 48.338589 52.094191 54.130521 56.207875 58.321868 60.468657 62.644872 64.847549 47.835067 50.045003 52.284933 54.551162 56.840544 59.150392 61.478399 
61.536750 61.993319 108.740337 108.999362 5.080000 5.236344 5.679613 6.350000 0.000000 1.270000 2.540000 3.810000 21.974672 24.365216 26.783288 29.222055 31.676737 39.969851 42.321530 44.693826 47.083621 49.488382 51.906027 54.334838 37.667200 40.153965 42.647005 45.145281 47.647968 50.154408 52.664063 58.235411 60.224800 62.254262 64.320005 66.418643 68.547154 70.702841 53.743212 55.892721 58.073772 60.282939 62.517244 64.774085 67.051186 
62.013470 62.466555 107.662713 107.924324 5.236344 5.080000 5.236344 5.679613 1.270000 0.000000 1.270000 2.540000 21.555493 23.987848 26.440454 28.908158 31.387398 38.802915 41.142892 43.505311 45.886706 48.284270 50.695709 53.119133 36.426573 38.909723 41.399771 43.895544 46.396118 48.900755 51.408863 57.257052 59.224842 61.234769 63.282819 65.365409 67.479340 69.621758 52.681494 54.813791 56.979529 59.175037 61.397121 63.642997 65.910234 
62.512360 62.961854 106.589326 106.853565 5.679613 5.236344 5.080000 5.236344 2.540000 1.270000 0.000000 1.270000 21.204202 23.672679 26.154856 28.647172 31.147193 37.642652 39.969851 42.321530 44.693826 47.083621 49.488382 51.906027 35.188041 37.667200 40.153965 42.647005 45.145281 47.647968 50.154408 56.290344 58.235411 60.224800 62.254262 64.320005 66.418643 68.547154 51.629183 53.743212 55.892721 58.073772 60.282939 62.517244 64.774085 
63.032893 63.478702 105.520306 105.787215 6.350000 5.679613 5.236344 5.080000 3.810000 2.540000 1.270000 0.000000 20.924217 23.422221 25.928386 28.440555 30.957266 36.489698 38.802915 41.142892 43.505311 45.886706 48.284270 50.695709 33.951834 36.426573 38.909723 41.399771 43.895544 46.396118 48.900755 55.335896 57.257052 59.224842 61.234769 63.282819 65.365409 67.479340 50.586867 52.681494 54.813791 56.979529 59.175037 61.397121 63.642997 
83.510357 48.030827 114.949291 92.446309 26.783288 26.440454 26.154856 25.928386 21.974672 21.555493 21.204202 20.924217 0.000000 2.540000 5.080000 7.620000 10.160000 46.291589 47.924049 49.632862 51.410414 53.249823 55.144897 57.090096 40.634496 42.484886 44.403514 46.381912 48.412753 50.489710 52.607320 68.416910 69.834214 71.313845 72.852005 74.445068 76.089584 77.782290 62.168043 63.724480 65.342608 67.017957 68.746345 70.523873 72.346917 
85.881381 46.091129 116.683209 91.453550 29.222055 28.908158 28.647172 28.440555 24.365216 23.987848 23.672679 23.422221 2.540000 0.000000 2.540000 5.080000 7.620000 48.297349 49.864187 51.508676 53.223617 55.002421 56.839092 58.728202 42.452036 44.226448 46.072608 47.982235 49.948051 51.963679 54.023543 70.559781 71.934877 73.372158 74.868043 76.419089 78.022009 79.673670 64.218105 65.726013 67.296032 68.923915 70.605662 72.337515 74.115963 
88.261808 44.212298 118.446217 90.521196 31.676737 31.387398 31.147193 30.957266 26.783288 26.440454 26.154856 25.928386 5.080000 2.540000 0.000000 2.540000 5.080000 50.351363 51.856177 53.439401 55.094277 56.814542 58.594439 60.428699 44.340632 46.042317 47.818422 49.660962 51.562817 53.517663 55.519902 72.728227 74.063074 75.459830 76.915123 78.425694 79.988413 81.600282 66.302094 67.763645 69.287507 70.869661 72.506291 74.193792 75.928774 
90.650896 42.402423 120.237035 89.651130 34.143902 33.875642 33.653202 33.477495 29.222055 28.908158 28.647172 28.440555 7.620000 5.080000 2.540000 0.000000 2.540000 52.447964 53.894269 55.419299 57.016738 58.680672 60.405608 62.186467 46.291589 47.924049 49.632862 51.410414 53.249823 55.144897 57.090096 74.920028 76.216497 77.574489 78.990832 80.462445 81.986350 83.559688 68.416910 69.834214 71.313845 72.852005 74.445068 76.089584 77.782290 
93.047979 40.670714 122.054439 88.845183 36.621026 36.371041 36.163954 36.000503 31.676737 31.387398 31.147193 30.957266 10.160000 7.620000 5.080000 2.540000 0.000000 54.582243 55.973427 57.443285 58.985937 60.595822 62.267726 63.996789 48.297349 49.864187 51.508676 53.223617 55.002421 56.839092 58.728202 77.133192 78.393068 79.713989 81.092973 82.527109 84.013572 85.549636 70.559781 71.934877 73.372158 74.868043 76.419089 78.022009 79.673670 
72.566578 94.321770 69.525767 92.002828 38.281916 37.061872 35.845298 34.632560 39.969851 38.802915 37.642652 36.489698 46.291589 48.297349 50.351363 52.447964 54.582243 0.000000 2.540000 5.080000 7.620000 10.160000 12.700000 15.240000 7.620000 8.032185 9.158100 10.776307 12.700000 14.810618 17.038838 22.836761 23.876971 25.131754 26.570728 28.165676 29.891641 31.727249 15.978825 17.433157 19.115708 20.971619 22.958887 25.046266 27.210725 
74.659246 95.941081 67.510941 90.489862 40.731168 39.505109 38.281916 37.061872 42.321530 41.142892 39.969851 38.802915 47.924049 49.864187 51.856177 53.894269 55.973427 2.540000 0.000000 2.540000 5.080000 7.620000 10.160000 12.700000 8.032185 7.620000 8.032185 9.158100 10.776307 12.700000 14.810618 22.041523 22.836761 23.876971 25.131754 26.570728 28.165676 29.891641 14.820051 15.978825 17.433157 19.115708 20.971619 22.958887 25.046266 
76.778910 97.599637 65.532627 89.023667 43.190904 41.959840 40.731168 39.505109 44.693826 43.505311 42.321530 41.142892 49.632862 51.508676 53.439401 55.419299 57.443285 5.080000 2.540000 0.000000 2.540000 5.080000 7.620000 10.160000 9.158100 8.032185 7.620000 8.032185 9.158100 10.776307 12.700000 21.518434 22.041523 22.836761 23.876971 25.131754 26.570728 28.165676 14.030260 14.820051 15.978825 17.433157 19.115708 20.971619 22.958887 
78.923395 99.295470 63.594233 87.606589 45.659430 44.424159 43.190904 41.959840 47.083621 45.886706 44.693826 43.505311 51.410414 53.223617 55.094277 57.016738 58.985937 7.620000 5.080000 2.540000 0.000000 2.540000 5.080000 7.620000 10.776307 9.158100 8.032185 7.620000 8.032185 9.158100 10.776307 21.287566 21.518434 22.041523 22.836761 23.876971 25.131754 26.570728 13.673540 14.030260 14.820051 15.978825 17.433157 19.115708 20.971619 
81.090732 101.026703 61.699521 86.241051 48.135393 46.896555 45.659430 44.424159 49.488382 48.284270 47.083621 45.886706 53.249823 55.002421 56.814542 58.680672 60.595822 10.160000 7.620000 5.080000 2.540000 0.000000 2.540000 5.080000 12.700000 10.776307 9.158100 8.032185 7.620000 8.032185 9.158100 21.358398 21.287566 21.518434 22.041523 22.836761 23.876971 25.131754 13.783554 13.673540 14.030260 14.820051 15.978825 17.433157 19.115708 
83.279135 102.791548 59.852640 84.929539 50.617702 49.375814 48.135393 46.896555 51.906027 50.695709 49.488382 48.284270 55.144897 56.839092 58.594439 60.405608 62.267726 12.700000 10.160000 7.620000 5.080000 2.540000 0.000000 2.540000 14.810618 12.700000 10.776307 9.158100 8.032185 7.620000 8.032185 21.727978 21.358398 21.287566 21.518434 22.041523 22.836761 23.876971 14.349573 13.783554 13.673540 14.030260 14.820051 15.978825 17.433157 
85.486989 104.588304 58.058155 83.674592 53.105468 51.860952 50.617702 49.375814 54.334838 53.119133 51.906027 50.695709 57.090096 58.728202 60.428699 62.186467 63.996789 15.240000 12.700000 10.160000 7.620000 5.080000 2.540000 0.000000 17.038838 14.810618 12.700000 10.776307 9.158100 8.032185 7.620000 22.381513 21.727978 21.358398 21.287566 21.518434 22.041523 22.836761 15.321140 14.349573 13.783554 13.673540 14.030260 14.820051 15.978825 
77.199093 88.531283 74.347994 86.056448 36.934446 35.668340 34.402522 33.137024 37.667200 36.426573 35.188041 33.951834 40.634496 42.452036 44.340632 46.291589 48.297349 7.620000 8.032185 9.158100 10.776307 12.700000 14.810618 17.038838 0.000000 2.540000 5.080000 7.620000 10.160000 12.700000 15.240000 30.063952 30.861519 31.842247 32.989804 34.287445 35.718816 37.268511 22.836761 23.876971 25.131754 26.570728 28.165676 29.891641 31.727249 
79.169406 90.254545 72.467365 84.437001 39.467407 38.200809 36.934446 35.668340 40.153965 38.909723 37.667200 36.426573 42.484886 44.226448 46.042317 47.924049 49.864187 8.032185 7.620000 8.032185 9.158100 10.776307 12.700000 14.810618 2.540000 0.000000 2.540000 5.080000 7.620000 10.160000 12.700000 29.464425 30.063952 30.861519 31.842247 32.989804 34.287445 35.718816 22.041523 22.836761 23.876971 25.131754 26.570728 28.165676 29.891641 
81.171380 92.015656 70.628019 82.863774 42.001218 40.734216 39.467407 38.200809 42.647005 41.399771 40.153965 38.909723 44.403514 46.072608 47.818422 49.632862 51.508676 9.158100 8.032185 7.620000 8.032185 9.158100 10.776307 12.700000 5.080000 2.540000 0.000000 2.540000 5.080000 7.620000 10.160000 29.075189 29.464425 30.063952 30.861519 31.842247 32.989804 34.287445 21.518434 22.041523 22.836761 23.876971 25.131754 26.570728 28.165676 
83.202729 93.812484 68.833264 81.339451 44.535735 43.268396 42.001218 40.734216 45.145281 43.895544 42.647005 41.399771 46.381912 47.982235 49.660962 51.410414 53.223617 10.776307 9.158100 8.032185 7.620000 8.032185 9.158100 10.776307 7.620000 5.080000 2.540000 0.000000 2.540000 5.080000 7.620000 28.904741 29.075189 29.464425 30.063952 30.861519 31.842247 32.989804 21.287566 21.518434 22.041523 22.836761 23.876971 25.131754 26.570728 
85.261355 95.643017 67.086681 79.866832 47.070842 45.803221 44.535735 43.268396 47.647968 46.396118 45.145281 43.895544 48.412753 49.948051 51.562817 53.249823 55.002421 12.700000 10.776307 9.158100 8.032185 7.620000 8.032185 9.158100 10.160000 7.620000 5.080000 2.540000 0.000000 2.540000 5.080000 28.956947 28.904741 29.075189 29.464425 30.063952 30.861519 31.842247 21.358398 21.287566 21.518434 22.041523 22.836761 23.876971 25.131754 
87.345328 97.505355 65.392128 78.448827 49.606451 48.338589 47.070842 45.803221 50.154408 48.900755 47.647968 46.396118 50.489710 51.963679 53.517663 55.144897 56.839092 14.810618 12.700000 10.776307 9.158100 8.032185 7.620000 8.032185 12.700000 10.160000 7.620000 5.080000 2.540000 0.000000 2.540000 29.230611 28.956947 28.904741 29.075189 29.464425 30.063952 30.861519 21.727978 21.358398 21.287566 21.518434 22.041523 22.836761 23.876971 
89.452876 99.397712 63.753755 77.088451 52.142486 50.874419 49.606451 48.338589 52.664063 51.408863 50.154408 48.900755 52.607320 54.023543 55.519902 57.090096 58.728202 17.038838 14.810618 12.700000 10.776307 9.158100 8.032185 7.620000 15.240000 12.700000 10.160000 7.620000 5.080000 2.540000 0.000000 29.719619 29.230611 28.956947 28.904741 29.075189 29.464425 30.063952 22.381513 21.727978 21.358398 21.287566 21.518434 22.041523 22.836761 
70.692711 116.283374 51.550429 105.744079 55.164358 54.130521 53.106931 52.094191 58.235411 57.257052 56.290344 55.335896 68.416910 70.559781 72.728227 74.920028 77.133192 22.836761 22.041523 21.518434 21.287566 21.358398 21.727978 22.381513 30.063952 29.464425 29.075189 28.904741 28.956947 29.230611 29.719619 0.000000 2.540000 5.080000 7.620000 10.160000 12.700000 15.240000 7.620000 8.032185 9.158100 10.776307 12.700000 14.810618 17.038838 
73.127934 117.779702 49.228875 104.631953 57.260543 56.207875 55.164358 54.130521 60.224800 59.224842 58.235411 57.257052 69.834214 71.934877 74.063074 76.216497 78.393068 23.876971 22.836761 22.041523 21.518434 21.287566 21.358398 21.727978 30.861519 30.063952 29.464425 29.075189 28.904741 28.956947 29.230611 2.540000 0.000000 2.540000 5.080000 7.620000 10.160000 12.700000 8.032185 7.620000 8.032185 9.158100 10.776307 12.700000 14.810618 
75.570056 119.311344 46.929955 103.570190 59.391384 58.321868 57.260543 56.207875 62.254262 61.234769 60.224800 59.224842 71.313845 73.372158 75.459830 77.574489 79.713989 25.131754 23.876971 22.836761 22.041523 21.518434 21.287566 21.358398 31.842247 30.861519 30.063952 29.464425 29.075189 28.904741 28.956947 5.080000 2.540000 0.000000 2.540000 5.080000 7.620000 10.160000 9.158100 8.032185 7.620000 8.032185 9.158100 10.776307 12.700000 
78.018428 120.876957 44.657165 102.560353 61.553280 60.468657 59.391384 58.321868 64.320005 63.282819 62.254262 61.234769 72.852005 74.868043 76.915123 78.990832 81.092973 26.570728 25.131754 23.876971 22.836761 22.041523 21.518434 21.287566 32.989804 31.842247 30.861519 30.063952 29.464425 29.075189 28.904741 7.620000 5.080000 2.540000 0.000000 2.540000 5.080000 7.620000 10.776307 9.158100 8.032185 7.620000 8.032185 9.158100 10.776307 
80.472480 122.475237 42.414707 101.603991 63.743073 62.644872 61.553280 60.468657 66.418643 65.365409 64.320005 63.282819 74.445068 76.419089 78.425694 80.462445 82.527109 28.165676 26.570728 25.131754 23.876971 22.836761 22.041523 21.518434 34.287445 32.989804 31.842247 30.861519 30.063952 29.464425 29.075189 10.160000 7.620000 5.080000 2.540000 0.000000 2.540000 5.080000 12.700000 10.776307 9.158100 8.032185 7.620000 8.032185 9.158100 
82.931708 124.104922 40.207655 100.702627 65.957984 64.847549 63.743073 62.644872 68.547154 67.479340 66.418643 65.365409 76.089584 78.022009 79.988413 81.986350 84.013572 29.891641 28.165676 26.570728 25.131754 23.876971 22.836761 22.041523 35.718816 34.287445 32.989804 31.842247 30.861519 30.063952 29.464425 12.700000 10.160000 7.620000 5.080000 2.540000 0.000000 2.540000 14.810618 12.700000 10.776307 9.158100 8.032185 7.620000 8.032185 
85.395665 125.764793 38.042172 99.857751 68.195565 67.074082 65.957984 64.847549 70.702841 69.621758 68.547154 67.479340 77.782290 79.673670 81.600282 83.559688 85.549636 31.727249 29.891641 28.165676 26.570728 25.131754 23.876971 22.836761 37.268511 35.718816 34.287445 32.989804 31.842247 30.861519 30.063952 15.240000 12.700000 10.160000 7.620000 5.080000 2.540000 0.000000 17.038838 14.810618 12.700000 10.776307 9.158100 8.032185 7.620000 
73.259757 110.176021 55.017992 98.988600 51.161463 50.045003 48.936031 47.835067 53.743212 52.681494 51.629183 50.586867 62.168043 64.218105 66.302094 68.416910 70.559781 15.978825 14.820051 14.030260 13.673540 13.783554 14.349573 15.321140 22.836761 22.041523 21.518434 21.287566 21.358398 21.727978 22.381513 7.620000 8.032185 9.158100 10.776307 12.700000 14.810618 17.038838 0.000000 2.540000 5.080000 7.620000 10.160000 12.700000 15.240000 
75.612350 111.754154 52.848981 97.799685 53.414968 52.284933 51.161463 50.045003 55.892721 54.813791 53.743212 52.681494 63.724480 65.726013 67.763645 69.834214 71.934877 17.433157 15.978825 14.820051 14.030260 13.673540 13.783554 14.349573 23.876971 22.836761 22.041523 21.518434 21.287566 21.358398 21.727978 8.032185 7.620000 8.032185 9.158100 10.776307 12.700000 14.810618 2.540000 0.000000 2.540000 5.080000 7.620000 10.160000 12.700000 
77.976701 113.367233 50.714429 96.662903 55.693136 54.551162 53.414968 52.284933 58.073772 56.979529 55.892721 54.813791 65.342608 67.296032 69.287507 71.313845 73.372158 19.115708 17.433157 15.978825 14.820051 14.030260 13.673540 13.783554 25.131754 23.876971 22.836761 22.041523 21.518434 21.287566 21.358398 9.158100 8.032185 7.620000 8.032185 9.158100 10.776307 12.700000 5.080000 2.540000 0.000000 2.540000 5.080000 7.620000 10.160000 
80.351775 115.013787 48.618876 95.580116 57.993063 56.840544 55.693136 54.551162 60.282939 59.175037 58.073772 56.979529 67.017957 68.923915 70.869661 72.852005 74.868043 20.971619 19.115708 17.433157 15.978825 14.820051 14.030260 13.673540 26.570728 25.131754 23.876971 22.836761 22.041523 21.518434 21.287566 10.776307 9.158100 8.032185 7.620000 8.032185 9.158100 10.776307 7.620000 5.080000 2.540000 0.000000 2.540000 5.080000 7.620000 
82.736647 116.692400 46.567586 94.553179 60.312257 59.150392 57.993063 56.840544 62.517244 61.397121 60.282939 59.175037 68.746345 70.605662 72.506291 74.445068 76.419089 22.958887 20.971619 19.115708 17.433157 15.978825 14.820051 14.030260 28.165676 26.570728 25.131754 23.876971 22.836761 22.041523 21.518434 12.700000 10.776307 9.158100 8.032185 7.620000 8.032185 9.158100 10.160000 7.620000 5.080000 2.540000 0.000000 2.540000 5.080000 
85.130493 118.401708 44.566671 93.583929 62.648580 61.478399 60.312257 59.150392 64.774085 63.642997 62.517244 61.397121 70.523873 72.337515 74.193792 76.089584 78.022009 25.046266 22.958887 20.971619 19.115708 17.433157 15.978825 14.820051 29.891641 28.165676 26.570728 25.131754 23.876971 22.836761 22.041523 14.810618 12.700000 10.776307 9.158100 8.032185 7.620000 8.032185 12.700000 10.160000 7.620000 5.080000 2.540000 0.000000 2.540000 
87.532578 120.140400 42.623228 92.674177 65.000185 63.822578 62.648580 61.478399 67.051186 65.910234 64.774085 63.642997 72.346917 74.115963 75.928774 77.782290 79.673670 27.210725 25.046266 22.958887 20.971619 19.115708 17.433157 15.978825 31.727249 29.891641 28.165676 26.570728 25.131754 23.876971 22.836761 17.038838 14.810618 12.700000 10.776307 9.158100 8.032185 7.620000 15.240000 12.700000 10.160000 7.620000 5.080000 2.540000 0.000000 
