65
# Circuit board instance
Size: large
Nodes: 65
0.000000 140.000000 140.000000 197.989899 43.551818 44.212009 45.006065 45.927042 46.967475 48.119616 49.375645 50.993434 51.558425 52.240935 53.036428 53.939903 54.946036 56.049298 126.422674 127.830308 129.272526 130.748184 132.256162 133.795368 135.364735 132.865948 134.206018 135.580432 136.988157 138.428176 139.899492 141.401128 98.593222 101.068627 103.547162 106.028606 108.512759 110.999441 113.488484 100.596177 103.023468 105.456068 107.893618 110.335789 112.782283 115.232823 111.321938 113.436263 115.567734 117.715418 119.878444 122.055996 124.247311 115.756900 117.791646 119.845681 121.918028 124.007771 126.114044 128.236033 72.513450 74.793840 77.090464 79.401915 81.726933 
140.000000 0.000000 197.989899 140.000000 98.168671 98.463338 98.822432 99.245254 99.730993 100.278735 100.887470 90.592811 90.912037 91.300835 91.758323 92.283478 92.875153 93.532085 77.167446 79.452564 81.752727 84.066699 86.393371 88.731745 91.080919 74.107235 76.483838 78.870627 81.266705 83.671274 86.083622 88.503114 151.846344 153.465163 155.108684 156.776128 158.466741 160.179789 161.914561 146.022874 147.705531 149.412420 151.142720 152.895636 154.670399 156.466266 120.650239 122.603802 124.578520 126.573402 128.587510 130.619954 132.669893 115.887731 117.920220 119.972053 122.042255 124.129907 126.234142 128.354145 81.845192 79.519517 77.207349 74.909940 72.628691 
140.000000 197.989899 0.000000 140.000000 136.597096 134.184603 131.776902 129.374260 126.976965 124.585326 122.199674 139.148612 136.781129 134.419944 132.065395 129.717844 127.377678 125.045311 127.325519 125.930468 124.571591 123.250082 121.967158 120.724047 119.521992 133.725297 132.397698 131.105868 129.850877 128.633802 127.455729 126.317751 49.339866 47.089982 44.871079 42.687987 40.546491 38.453541 36.417509 53.229595 51.151089 49.115998 47.129945 45.199396 43.331770 41.535556 78.456249 76.937605 75.473905 74.068406 72.724483 71.445611 70.235343 84.631372 83.225484 81.874272 80.580487 79.346938 78.176476 77.071976 125.605451 126.935603 128.302255 129.704252 131.140461 
197.989899 140.000000 140.000000 0.000000 162.477980 160.455087 158.447086 156.454550 154.478079 152.518296 150.575853 158.016023 155.935257 153.868283 151.815664 149.777990 147.755880 145.749981 78.637840 76.358399 74.095907 71.851966 69.628369 67.427129 65.250509 75.637143 73.264402 70.903250 68.554886 66.220671 63.902153 61.601107 125.583085 124.716300 123.895531 123.121701 122.395698 121.718379 121.090561 118.475646 117.556467 116.685347 115.863371 115.091591 114.371025 113.702645 91.210139 89.907183 88.657864 87.464480 86.329351 85.254805 84.243159 84.810232 83.407359 82.059142 80.768319 79.537683 78.370070 77.268337 131.214193 129.776278 128.372519 127.004047 125.672016 
43.551818 98.168671 136.597096 162.477980 0.000000 2.540000 5.080000 7.620000 10.160000 12.700000 15.240000 7.620000 8.032185 9.158100 10.776307 12.700000 14.810618 17.038838 86.679554 88.429355 90.216738 92.039514 93.895621 95.783121 97.700195 92.404044 94.047399 95.729945 97.449651 99.204586 100.992914 102.812890 88.181423 90.657146 93.136331 95.618708 98.104035 100.592093 103.082685 86.772264 89.287068 91.803260 94.320728 96.839372 99.359104 101.879843 84.519917 86.990454 89.464881 91.942885 94.424184 96.908524 99.395678 86.632542 89.044484 91.463359 93.888632 96.319819 98.756483 101.198230 31.677111 33.528928 35.466066 37.475297 39.545634 
44.212009 98.463338 134.184603 160.455087 2.540000 0.000000 2.540000 5.080000 7.620000 10.160000 12.700000 8.032185 7.620000 8.032185 9.158100 10.776307 12.700000 14.810618 84.969656 86.679554 88.429355 90.216738 92.039514 93.895621 95.783121 90.802009 92.404044 94.047399 95.729945 97.449651 99.204586 100.992914 85.709461 88.181423 90.657146 93.136331 95.618708 98.104035 100.592093 84.258971 86.772264 89.287068 91.803260 94.320728 96.839372 99.359104 82.053621 84.519917 86.990454 89.464881 91.942885 94.424184 96.908524 84.228129 86.632542 89.044484 91.463359 93.888632 96.319819 98.756483 29.943554 31.896177 33.926670 36.021868 38.171118 
45.006065 98.822432 131.776902 158.447086 5.080000 2.540000 0.000000 2.540000 5.080000 7.620000 10.160000 9.158100 8.032185 7.620000 8.032185 9.158100 10.776307 12.700000 83.302118 84.969656 86.679554 88.429355 90.216738 92.039514 93.895621 89.243517 90.802009 92.404044 94.047399 95.729945 97.449651 99.204586 83.241596 85.709461 88.181423 90.657146 93.136331 95.618708 98.104035 81.747329 84.258971 86.772264 89.287068 91.803260 94.320728 96.839372 79.591962 82.053621 84.519917 86.990454 89.464881 91.942885 94.424184 81.831910 84.228129 86.632542 89.044484 91.463359 93.888632 96.319819 28.331903 30.388261 32.513062 34.693735 36.920381 
45.927042 99.245254 129.374260 156.454550 7.620000 5.080000 2.540000 0.000000 2.540000 5.080000 7.620000 10.776307 9.158100 8.032185 7.620000 8.032185 9.158100 10.776307 81.679536 83.302118 84.969656 86.679554 88.429355 90.216738 92.039514 87.730890 89.243517 90.802009 92.404044 94.047399 95.729945 97.449651 80.778203 83.241596 85.709461 88.181423 90.657146 93.136331 95.618708 79.237495 81.747329 84.258971 86.772264 89.287068 91.803260 94.320728 77.135383 79.591962 82.053621 84.519917 86.990454 89.464881 91.942885 79.444624 81.831910 84.228129 86.632542 89.044484 91.463359 93.888632 26.864107 29.024642 31.242322 33.505802 35.806396 
46.967475 99.730993 126.976965 154.478079 10.160000 7.620000 5.080000 2.540000 0.000000 2.540000 5.080000 12.700000 10.776307 9.158100 8.032185 7.620000 8.032185 9.158100 80.104642 81.679536 83.302118 84.969656 86.679554 88.429355 90.216738 86.266541 87.730890 89.243517 90.802009 92.404044 94.047399 95.729945 78.319705 80.778203 83.241596 85.709461 88.181423 90.657146 93.136331 76.729646 79.237495 81.747329 84.258971 86.772264 89.287068 91.803260 74.684385 77.135383 79.591962 82.053621 84.519917 86.990454 89.464881 77.067103 79.444624 81.831910 84.228129 86.632542 89.044484 91.463359 25.564955 27.826544 30.132531 32.473458 34.842283 
48.119616 100.278735 124.585326 152.518296 12.700000 10.160000 7.620000 5.080000 2.540000 0.000000 2.540000 14.810618 12.700000 10.776307 9.158100 8.032185 7.620000 8.032185 78.580302 80.104642 81.679536 83.302118 84.969656 86.679554 88.429355 84.852968 86.266541 87.730890 89.243517 90.802009 92.404044 94.047399 75.866576 78.319705 80.778203 83.241596 85.709461 88.181423 90.657146 74.223984 76.729646 79.237495 81.747329 84.258971 86.772264 89.287068 72.239536 74.684385 77.135383 79.591962 82.053621 84.519917 86.990454 74.700279 77.067103 79.444624 81.831910 84.228129 86.632542 89.044484 24.461333 26.816160 29.202043 31.611949 34.040778 
49.375645 100.887470 122.199674 150.575853 15.240000 12.700000 10.160000 7.620000 5.080000 2.540000 0.000000 17.038838 14.810618 12.700000 10.776307 9.158100 8.032185 7.620000 77.109514 78.580302 80.104642 81.679536 83.302118 84.969656 86.679554 83.492752 84.852968 86.266541 87.730890 89.243517 90.802009 92.404044 73.419356 75.866576 78.319705 80.778203 83.241596 85.709461 88.181423 71.720738 74.223984 76.729646 79.237495 81.747329 84.258971 86.772264 69.801483 72.239536 74.684385 77.135383 79.591962 82.053621 84.519917 72.345201 74.700279 77.067103 79.444624 81.831910 84.228129 86.632542 23.580710 26.015371 28.468445 30.935553 33.413585 
50.993434 90.592811 139.148612 158.016023 7.620000 8.032185 9.158100 10.776307 12.700000 14.810618 17.038838 0.000000 2.540000 5.080000 7.620000 10.160000 12.700000 15.240000 81.266914 83.130724 85.029561 86.961132 88.923304 90.914095 92.931665 86.679554 88.429355 90.216738 92.039514 93.895621 95.783121 97.700195 90.214354 92.635762 95.063360 97.496685 99.935319 102.378883 104.827031 88.181423 90.657146 93.136331 95.618708 98.104035 100.592093 103.082685 83.055187 85.568024 88.082420 90.598244 93.115381 95.633727 98.153189 84.519917 86.990454 89.464881 91.942885 94.424184 96.908524 99.395678 26.806895 28.295754 29.926458 31.677111 33.528928 
51.558425 90.912037 136.781129 155.935257 8.032185 7.620000 8.032185 9.158100 10.776307 12.700000 14.810618 2.540000 0.000000 2.540000 5.080000 7.620000 10.160000 12.700000 79.440599 81.266914 83.130724 85.029561 86.961132 88.923304 90.914095 84.969656 86.679554 88.429355 90.216738 92.039514 93.895621 95.783121 87.799647 90.214354 92.635762 95.063360 97.496685 99.935319 102.378883 85.709461 88.181423 90.657146 93.136331 95.618708 98.104035 100.592093 80.544053 83.055187 85.568024 88.082420 90.598244 93.115381 95.633727 82.053621 84.519917 86.990454 89.464881 91.942885 94.424184 96.908524 24.734323 26.340592 28.085049 29.943554 31.896177 
52.240935 91.300835 134.419944 153.868283 9.158100 8.032185 7.620000 8.032185 9.158100 10.776307 12.700000 5.080000 2.540000 0.000000 2.540000 5.080000 7.620000 10.160000 77.654422 79.440599 81.266914 83.130724 85.029561 86.961132 88.923304 83.302118 84.969656 86.679554 88.429355 90.216738 92.039514 93.895621 85.392211 87.799647 90.214354 92.635762 95.063360 97.496685 99.935319 83.241596 85.709461 88.181423 90.657146 93.136331 95.618708 98.104035 78.034788 80.544053 83.055187 85.568024 88.082420 90.598244 93.115381 79.591962 82.053621 84.519917 86.990454 89.464881 91.942885 94.424184 22.756692 24.493000 26.360013 28.331903 30.388261 
53.036428 91.758323 132.065395 151.815664 10.776307 9.158100 8.032185 7.620000 8.032185 9.158100 10.776307 7.620000 5.080000 2.540000 0.000000 2.540000 5.080000 7.620000 75.911218 77.654422 79.440599 81.266914 83.130724 85.029561 86.961132 81.679536 83.302118 84.969656 86.679554 88.429355 90.216738 92.039514 82.992678 85.392211 87.799647 90.214354 92.635762 95.063360 97.496685 80.778203 83.241596 85.709461 88.181423 90.657146 93.136331 95.618708 75.527578 78.034788 80.544053 83.055187 85.568024 88.082420 90.598244 77.135383 79.591962 82.053621 84.519917 86.990454 89.464881 91.942885 20.900969 22.779169 24.775669 26.864107 29.024642 
53.939903 92.283478 129.717844 149.777990 12.700000 10.776307 9.158100 8.032185 7.620000 8.032185 9.158100 10.160000 7.620000 5.080000 2.540000 0.000000 2.540000 5.080000 74.214015 75.911218 77.654422 79.440599 81.266914 83.130724 85.029561 80.104642 81.679536 83.302118 84.969656 86.679554 88.429355 90.216738 80.601753 82.992678 85.392211 87.799647 90.214354 92.635762 95.063360 78.319705 80.778203 83.241596 85.709461 88.181423 90.657146 93.136331 73.022634 75.527578 78.034788 80.544053 83.055187 85.568024 88.082420 74.684385 77.135383 79.591962 82.053621 84.519917 86.990454 89.464881 19.202531 21.231515 23.360661 25.564955 27.826544 
54.946036 92.875153 127.377678 147.755880 14.810618 12.700000 10.776307 9.158100 8.032185 7.620000 8.032185 12.700000 10.160000 7.620000 5.080000 2.540000 0.000000 2.540000 72.566040 74.214015 75.911218 77.654422 79.440599 81.266914 83.130724 78.580302 80.104642 81.679536 83.302118 84.969656 86.679554 88.429355 78.220226 80.601753 82.992678 85.392211 87.799647 90.214354 92.635762 75.866576 78.319705 80.778203 83.241596 85.709461 88.181423 90.657146 70.520198 73.022634 75.527578 78.034788 80.544053 83.055187 85.568024 72.239536 74.684385 77.135383 79.591962 82.053621 84.519917 86.990454 17.706696 19.888869 22.147468 24.461333 26.816160 
56.049298 93.532085 125.045311 145.749981 17.038838 14.810618 12.700000 10.776307 9.158100 8.032185 7.620000 15.240000 12.700000 10.160000 7.620000 5.080000 2.540000 0.000000 70.970723 72.566040 74.214015 75.911218 77.654422 79.440599 81.266914 77.109514 78.580302 80.104642 81.679536 83.302118 84.969656 86.679554 75.848983 78.220226 80.601753 82.992678 85.392211 87.799647 90.214354 73.419356 75.866576 78.319705 80.778203 83.241596 85.709461 88.181423 68.020547 70.520198 73.022634 75.527578 78.034788 80.544053 83.055187 69.801483 72.239536 74.684385 77.135383 79.591962 82.053621 84.519917 16.468763 18.795218 21.170816 23.580710 26.015371 
126.422674 77.167446 127.325519 78.637840 86.679554 84.969656 83.302118 81.679536 80.104642 78.580302 77.109514 81.266914 79.440599 77.654422 75.911218 74.214015 72.566040 70.970723 0.000000 2.540000 5.080000 7.620000 10.160000 12.700000 15.240000 7.620000 8.032185 9.158100 10.776307 12.700000 14.810618 17.038838 87.655304 88.466111 89.341796 90.280471 91.280193 92.338979 93.454821 80.435170 81.318000 82.269806 83.288222 84.370836 85.515211 86.718902 49.287326 50.527309 51.862132 53.284666 54.788080 56.365903 58.012063 42.705076 44.130398 45.652642 47.262444 48.951166 50.710926 52.534584 55.027202 53.163677 51.358188 49.617068 47.947333 
127.830308 79.452564 125.930468 76.358399 88.429355 86.679554 84.969656 83.302118 81.679536 80.104642 78.580302 83.130724 81.266914 79.440599 77.654422 75.911218 74.214015 72.566040 2.540000 0.000000 2.540000 5.080000 7.620000 10.160000 12.700000 8.032185 7.620000 8.032185 9.158100 10.776307 12.700000 14.810618 86.911190 87.655304 88.466111 89.341796 90.280471 91.280193 92.338979 79.623610 80.435170 81.318000 82.269806 83.288222 84.370836 85.515211 48.149509 49.287326 50.527309 51.862132 53.284666 54.788080 56.365903 41.386691 42.705076 44.130398 45.652642 47.262444 48.951166 50.710926 56.754949 54.950049 53.205214 51.526545 49.920718 
129.272526 81.752727 124.571591 74.095907 90.216738 88.429355 86.679554 84.969656 83.302118 81.679536 80.104642 85.029561 83.130724 81.266914 79.440599 77.654422 75.911218 74.214015 5.080000 2.540000 0.000000 2.540000 5.080000 7.620000 10.160000 9.158100 8.032185 7.620000 8.032185 9.158100 10.776307 12.700000 86.235496 86.911190 87.655304 88.466111 89.341796 90.280471 91.280193 78.885519 79.623610 80.435170 81.318000 82.269806 83.288222 84.370836 47.121259 48.149509 49.287326 50.527309 51.862132 53.284666 54.788080 40.185770 41.386691 42.705076 44.130398 45.652642 47.262444 48.951166 58.541941 56.793859 55.107434 53.488497 51.943359 
130.748184 84.066699 123.250082 71.851966 92.039514 90.216738 88.429355 86.679554 84.969656 83.302118 81.679536 86.961132 85.029561 83.130724 81.266914 79.440599 77.654422 75.911218 7.620000 5.080000 2.540000 0.000000 2.540000 5.080000 7.620000 10.776307 9.158100 8.032185 7.620000 8.032185 9.158100 10.776307 85.629842 86.235496 86.911190 87.655304 88.466111 89.341796 90.280471 78.222978 78.885519 79.623610 80.435170 81.318000 82.269806 83.288222 46.209893 47.121259 48.149509 49.287326 50.527309 51.862132 53.284666 39.113133 40.185770 41.386691 42.705076 44.130398 45.652642 47.262444 60.382916 58.689694 57.059329 55.497361 54.009724 
132.256162 86.393371 121.967158 69.628369 93.895621 92.039514 90.216738 88.429355 86.679554 84.969656 83.302118 88.923304 86.961132 85.029561 83.130724 81.266914 79.440599 77.654422 10.160000 7.620000 5.080000 2.540000 0.000000 2.540000 5.080000 12.700000 10.776307 9.158100 8.032185 7.620000 8.032185 9.158100 85.095723 85.629842 86.235496 86.911190 87.655304 88.466111 89.341796 77.637919 78.222978 78.885519 79.623610 80.435170 81.318000 82.269806 45.422445 46.209893 47.121259 48.149509 49.287326 50.527309 51.862132 38.179595 39.113133 40.185770 41.386691 42.705076 44.130398 45.652642 62.273088 60.632674 59.055973 57.548223 56.114982 
133.795368 88.731745 120.724047 67.427129 95.783121 93.895621 92.039514 90.216738 88.429355 86.679554 84.969656 90.914095 88.923304 86.961132 85.029561 83.130724 81.266914 79.440599 12.700000 10.160000 7.620000 5.080000 2.540000 0.000000 2.540000 14.810618 12.700000 10.776307 9.158100 8.032185 7.620000 8.032185 84.634494 85.095723 85.629842 86.235496 86.911190 87.655304 88.466111 77.132107 77.637919 78.222978 78.885519 79.623610 80.435170 81.318000 44.765455 45.422445 46.209893 47.121259 48.149509 49.287326 50.527309 37.395575 38.179595 39.113133 40.185770 41.386691 42.705076 44.130398 64.208112 62.618410 61.092979 59.636751 58.254917 
135.364735 91.080919 119.521992 65.250509 97.700195 95.783121 93.895621 92.039514 90.216738 88.429355 86.679554 92.931665 90.914095 88.923304 86.961132 85.029561 83.130724 81.266914 15.240000 12.700000 10.160000 7.620000 5.080000 2.540000 0.000000 17.038838 14.810618 12.700000 10.776307 9.158100 8.032185 7.620000 84.247351 84.634494 85.095723 85.629842 86.235496 86.911190 87.655304 76.707109 77.132107 77.637919 78.222978 78.885519 79.623610 80.435170 44.244736 44.765455 45.422445 46.209893 47.121259 48.149509 49.287326 36.770636 37.395575 38.179595 39.113133 40.185770 41.386691 42.705076 66.184053 64.642962 63.166442 61.759124 60.425844 
132.865948 74.107235 133.725297 75.637143 92.404044 90.802009 89.243517 87.730890 86.266541 84.852968 83.492752 86.679554 84.969656 83.302118 81.679536 80.104642 78.580302 77.109514 7.620000 8.032185 9.158100 10.776307 12.700000 14.810618 17.038838 0.000000 2.540000 5.080000 7.620000 10.160000 12.700000 15.240000 94.937962 95.687079 96.497259 97.366975 98.294649 99.278655 100.317336 87.655304 88.466111 89.341796 90.280471 91.280193 92.338979 93.454821 56.132756 57.224600 58.406562 59.673289 61.019501 62.440058 63.930003 49.287326 50.527309 51.862132 53.284666 54.788080 56.365903 58.012063 60.911914 58.906157 56.943064 55.027202 53.163677 
134.206018 76.483838 132.397698 73.264402 94.047399 92.404044 90.802009 89.243517 87.730890 86.266541 84.852968 88.429355 86.679554 84.969656 83.302118 81.679536 80.104642 78.580302 8.032185 7.620000 8.032185 9.158100 10.776307 12.700000 14.810618 2.540000 0.000000 2.540000 5.080000 7.620000 10.160000 12.700000 94.251362 94.937962 95.687079 96.497259 97.366975 98.294649 99.278655 86.911190 87.655304 88.466111 89.341796 90.280471 91.280193 92.338979 55.136385 56.132756 57.224600 58.406562 59.673289 61.019501 62.440058 48.149509 49.287326 50.527309 51.862132 53.284666 54.788080 56.365903 62.477136 60.523273 58.614366 56.754949 54.950049 
135.580432 78.870627 131.105868 70.903250 95.729945 94.047399 92.404044 90.802009 89.243517 87.730890 86.266541 90.216738 88.429355 86.679554 84.969656 83.302118 81.679536 80.104642 9.158100 8.032185 7.620000 8.032185 9.158100 10.776307 12.700000 5.080000 2.540000 0.000000 2.540000 5.080000 7.620000 10.160000 93.628656 94.251362 94.937962 95.687079 96.497259 97.366975 98.294649 86.235496 86.911190 87.655304 88.466111 89.341796 90.280471 91.280193 54.240749 55.136385 56.132756 57.224600 58.406562 59.673289 61.019501 47.121259 48.149509 49.287326 50.527309 51.862132 53.284666 54.788080 64.104813 62.202099 60.346320 58.541941 56.793859 
136.988157 81.266705 129.850877 68.554886 97.449651 95.729945 94.047399 92.404044 90.802009 89.243517 87.730890 92.039514 90.216738 88.429355 86.679554 84.969656 83.302118 81.679536 10.776307 9.158100 8.032185 7.620000 8.032185 9.158100 10.776307 7.620000 5.080000 2.540000 0.000000 2.540000 5.080000 7.620000 93.071124 93.628656 94.251362 94.937962 95.687079 96.497259 97.366975 85.629842 86.235496 86.911190 87.655304 88.466111 89.341796 90.280471 53.450912 54.240749 55.136385 56.132756 57.224600 58.406562 59.673289 46.209893 47.121259 48.149509 49.287326 50.527309 51.862132 53.284666 65.790310 63.937773 62.133856 60.382916 58.689694 
138.428176 83.671274 128.633802 66.220671 99.204586 97.449651 95.729945 94.047399 92.404044 90.802009 89.243517 93.895621 92.039514 90.216738 88.429355 86.679554 84.969656 83.302118 12.700000 10.776307 9.158100 8.032185 7.620000 8.032185 9.158100 10.160000 7.620000 5.080000 2.540000 0.000000 2.540000 5.080000 92.579946 93.071124 93.628656 94.251362 94.937962 95.687079 96.497259 85.095723 85.629842 86.235496 86.911190 87.655304 88.466111 89.341796 52.771624 53.450912 54.240749 55.136385 56.132756 57.224600 58.406562 45.422445 46.209893 47.121259 48.149509 49.287326 50.527309 51.862132 67.529296 65.725792 63.972315 62.273088 60.632674 
139.899492 86.083622 127.455729 63.902153 100.992914 99.204586 97.449651 95.729945 94.047399 92.404044 90.802009 95.783121 93.895621 92.039514 90.216738 88.429355 86.679554 84.969656 14.810618 12.700000 10.776307 9.158100 8.032185 7.620000 8.032185 12.700000 10.160000 7.620000 5.080000 2.540000 0.000000 2.540000 92.156182 92.579946 93.071124 93.628656 94.251362 94.937962 95.687079 84.634494 85.095723 85.629842 86.235496 86.911190 87.655304 88.466111 52.207201 52.771624 53.450912 54.240749 55.136385 56.132756 57.224600 44.765455 45.422445 46.209893 47.121259 48.149509 49.287326 50.527309 69.317746 67.562001 65.857431 64.208112 62.618410 
141.401128 88.503114 126.317751 61.601107 102.812890 100.992914 99.204586 97.449651 95.729945 94.047399 92.404044 97.700195 95.783121 93.895621 92.039514 90.216738 88.429355 86.679554 17.038838 14.810618 12.700000 10.776307 9.158100 8.032185 7.620000 15.240000 12.700000 10.160000 7.620000 5.080000 2.540000 0.000000 91.800766 92.156182 92.579946 93.071124 93.628656 94.251362 94.937962 84.247351 84.634494 85.095723 85.629842 86.235496 86.911190 87.655304 51.761400 52.207201 52.771624 53.450912 54.240749 55.136385 56.132756 44.244736 44.765455 45.422445 46.209893 47.121259 48.149509 49.287326 71.151930 69.442575 67.785312 66.184053 64.642962 
98.593222 151.846344 49.339866 125.583085 88.181423 85.709461 83.241596 80.778203 78.319705 75.866576 73.419356 90.214354 87.799647 85.392211 82.992678 80.601753 78.220226 75.848983 87.655304 86.911190 86.235496 85.629842 85.095723 84.634494 84.247351 94.937962 94.251362 93.628656 93.071124 92.579946 92.156182 91.800766 0.000000 2.540000 5.080000 7.620000 10.160000 12.700000 15.240000 7.620000 8.032185 9.158100 10.776307 12.700000 14.810618 17.038838 40.078286 39.921029 39.925072 40.090364 40.414929 40.894973 41.525105 47.670243 47.538107 47.541501 47.680397 47.953618 48.358886 48.892917 76.476059 77.915796 79.410692 80.957693 82.553869 
101.068627 153.465163 47.089982 124.716300 90.657146 88.181423 85.709461 83.241596 80.778203 78.319705 75.866576 92.635762 90.214354 87.799647 85.392211 82.992678 80.601753 78.220226 88.466111 87.655304 86.911190 86.235496 85.629842 85.095723 84.634494 95.687079 94.937962 94.251362 93.628656 93.071124 92.579946 92.156182 2.540000 0.000000 2.540000 5.080000 7.620000 10.160000 12.700000 8.032185 7.620000 8.032185 9.158100 10.776307 12.700000 14.810618 40.394959 40.078286 39.921029 39.925072 40.090364 40.414929 40.894973 47.936788 47.670243 47.538107 47.541501 47.680397 47.953618 48.358886 78.600686 80.002197 81.458814 82.967634 84.525863 
103.547162 155.108684 44.871079 123.895531 93.136331 90.657146 88.181423 85.709461 83.241596 80.778203 78.319705 95.063360 92.635762 90.214354 87.799647 85.392211 82.992678 80.601753 89.341796 88.466111 87.655304 86.911190 86.235496 85.629842 85.095723 96.497259 95.687079 94.937962 94.251362 93.628656 93.071124 92.579946 5.080000 2.540000 0.000000 2.540000 5.080000 7.620000 10.160000 9.158100 8.032185 7.620000 8.032185 9.158100 10.776307 12.700000 40.867341 40.394959 40.078286 39.921029 39.925072 40.090364 40.414929 48.335520 47.936788 47.670243 47.538107 47.541501 47.680397 47.953618 80.749311 82.114158 83.533956 85.005952 86.527481 
106.028606 156.776128 42.687987 123.121701 95.618708 93.136331 90.657146 88.181423 85.709461 83.241596 80.778203 97.496685 95.063360 92.635762 90.214354 87.799647 85.392211 82.992678 90.280471 89.341796 88.466111 87.655304 86.911190 86.235496 85.629842 97.366975 96.497259 95.687079 94.937962 94.251362 93.628656 93.071124 7.620000 5.080000 2.540000 0.000000 2.540000 5.080000 7.620000 10.776307 9.158100 8.032185 7.620000 8.032185 9.158100 10.776307 41.490114 40.867341 40.394959 40.078286 39.921029 39.925072 40.090364 48.863203 48.335520 47.936788 47.670243 47.538107 47.541501 47.680397 82.920070 84.249757 85.634155 87.070652 88.556715 
108.512759 158.466741 40.546491 122.395698 98.104035 95.618708 93.136331 90.657146 88.181423 85.709461 83.241596 99.935319 97.496685 95.063360 92.635762 90.214354 87.799647 85.392211 91.280193 90.280471 89.341796 88.466111 87.655304 86.911190 86.235496 98.294649 97.366975 96.497259 95.687079 94.937962 94.251362 93.628656 10.160000 7.620000 5.080000 2.540000 0.000000 2.540000 5.080000 12.700000 10.776307 9.158100 8.032185 7.620000 8.032185 9.158100 42.256630 41.490114 40.867341 40.394959 40.078286 39.921029 39.925072 49.515713 48.863203 48.335520 47.936788 47.670243 47.538107 47.541501 85.111267 86.407242 87.757611 89.159903 90.611708 
110.999441 160.179789 38.453541 121.718379 100.592093 98.104035 95.618708 93.136331 90.657146 88.181423 85.709461 102.378883 99.935319 97.496685 95.063360 92.635762 90.214354 87.799647 92.338979 91.280193 90.280471 89.341796 88.466111 87.655304 86.911190 99.278655 98.294649 97.366975 96.497259 95.687079 94.937962 94.251362 12.700000 10.160000 7.620000 5.080000 2.540000 0.000000 2.540000 14.810618 12.700000 10.776307 9.158100 8.032185 7.620000 8.032185 43.159231 42.256630 41.490114 40.867341 40.394959 40.078286 39.921029 50.288192 49.515713 48.863203 48.335520 47.936788 47.670243 47.538107 87.321366 88.585013 89.902677 91.272019 92.690747 
113.488484 161.914561 36.417509 121.090561 103.082685 100.592093 98.104035 95.618708 93.136331 90.657146 88.181423 104.827031 102.378883 99.935319 97.496685 95.063360 92.635762 90.214354 93.454821 92.338979 91.280193 90.280471 89.341796 88.466111 87.655304 100.317336 99.278655 98.294649 97.366975 96.497259 95.687079 94.937962 15.240000 12.700000 10.160000 7.620000 5.080000 2.540000 0.000000 17.038838 14.810618 12.700000 10.776307 9.158100 8.032185 7.620000 44.189579 43.159231 42.256630 41.490114 40.867341 40.394959 40.078286 51.175208 50.288192 49.515713 48.863203 48.335520 47.936788 47.670243 89.548965 90.781611 92.067843 93.405448 94.792251 
100.596177 146.022874 53.229595 118.475646 86.772264 84.258971 81.747329 79.237495 76.729646 74.223984 71.720738 88.181423 85.709461 83.241596 80.778203 78.319705 75.866576 73.419356 80.435170 79.623610 78.885519 78.222978 77.637919 77.132107 76.707109 87.655304 86.911190 86.235496 85.629842 85.095723 84.634494 84.247351 7.620000 8.032185 9.158100 10.776307 12.700000 14.810618 17.038838 0.000000 2.540000 5.080000 7.620000 10.160000 12.700000 15.240000 32.499459 32.305331 32.310326 32.514352 32.913709 33.501412 34.267772 40.078286 39.921029 39.925072 40.090364 40.414929 40.894973 41.525105 72.520038 73.774859 75.094654 76.476059 77.915796 
103.023468 147.705531 51.151089 117.556467 89.287068 86.772264 84.258971 81.747329 79.237495 76.729646 74.223984 90.657146 88.181423 85.709461 83.241596 80.778203 78.319705 75.866576 81.318000 80.435170 79.623610 78.885519 78.222978 77.637919 77.132107 88.466111 87.655304 86.911190 86.235496 85.629842 85.095723 84.634494 8.032185 7.620000 8.032185 9.158100 10.776307 12.700000 14.810618 2.540000 0.000000 2.540000 5.080000 7.620000 10.160000 12.700000 32.889185 32.499459 32.305331 32.310326 32.514352 32.913709 33.501412 40.394959 40.078286 39.921029 39.925072 40.090364 40.414929 40.894973 74.757181 75.975063 77.257281 78.600686 80.002197 
105.456068 149.412420 49.115998 116.685347 91.803260 89.287068 86.772264 84.258971 81.747329 79.237495 76.729646 93.136331 90.657146 88.181423 85.709461 83.241596 80.778203 78.319705 82.269806 81.318000 80.435170 79.623610 78.885519 78.222978 77.637919 89.341796 88.466111 87.655304 86.911190 86.235496 85.629842 85.095723 9.158100 8.032185 7.620000 8.032185 9.158100 10.776307 12.700000 5.080000 2.540000 0.000000 2.540000 5.080000 7.620000 10.160000 33.467676 32.889185 32.499459 32.305331 32.310326 32.514352 32.913709 40.867341 40.394959 40.078286 39.921029 39.925072 40.090364 40.414929 77.013113 78.195867 79.442249 80.749311 82.114158 
107.893618 151.142720 47.129945 115.863371 94.320728 91.803260 89.287068 86.772264 84.258971 81.747329 79.237495 95.618708 93.136331 90.657146 88.181423 85.709461 83.241596 80.778203 83.288222 82.269806 81.318000 80.435170 79.623610 78.885519 78.222978 90.280471 89.341796 88.466111 87.655304 86.911190 86.235496 85.629842 10.776307 9.158100 8.032185 7.620000 8.032185 9.158100 10.776307 7.620000 5.080000 2.540000 0.000000 2.540000 5.080000 7.620000 34.225362 33.467676 32.889185 32.499459 32.305331 32.310326 32.514352 41.490114 40.867341 40.394959 40.078286 39.921029 39.925072 40.090364 79.286230 80.435566 81.647765 82.920070 84.249757 
110.335789 152.895636 45.199396 115.091591 96.839372 94.320728 91.803260 89.287068 86.772264 84.258971 81.747329 98.104035 95.618708 93.136331 90.657146 88.181423 85.709461 83.241596 84.370836 83.288222 82.269806 81.318000 80.435170 79.623610 78.885519 91.280193 90.280471 89.341796 88.466111 87.655304 86.911190 86.235496 12.700000 10.776307 9.158100 8.032185 7.620000 8.032185 9.158100 10.160000 7.620000 5.080000 2.540000 0.000000 2.540000 5.080000 35.150656 34.225362 33.467676 32.889185 32.499459 32.305331 32.310326 42.256630 41.490114 40.867341 40.394959 40.078286 39.921029 39.925072 81.575095 82.692625 83.872209 85.111267 86.407242 
112.782283 154.670399 43.331770 114.371025 99.359104 96.839372 94.320728 91.803260 89.287068 86.772264 84.258971 100.592093 98.104035 95.618708 93.136331 90.657146 88.181423 85.709461 85.515211 84.370836 83.288222 82.269806 81.318000 80.435170 79.623610 92.338979 91.280193 90.280471 89.341796 88.466111 87.655304 86.911190 14.810618 12.700000 10.776307 9.158100 8.032185 7.620000 8.032185 12.700000 10.160000 7.620000 5.080000 2.540000 0.000000 2.540000 36.230720 35.150656 34.225362 33.467676 32.889185 32.499459 32.305331 43.159231 42.256630 41.490114 40.867341 40.394959 40.078286 39.921029 83.878419 84.965659 86.114113 87.321366 88.585013 
115.232823 156.466266 41.535556 113.702645 101.879843 99.359104 96.839372 94.320728 91.803260 89.287068 86.772264 103.082685 100.592093 98.104035 95.618708 93.136331 90.657146 88.181423 86.718902 85.515211 84.370836 83.288222 82.269806 81.318000 80.435170 93.454821 92.338979 91.280193 90.280471 89.341796 88.466111 87.655304 17.038838 14.810618 12.700000 10.776307 9.158100 8.032185 7.620000 15.240000 12.700000 10.160000 7.620000 5.080000 2.540000 0.000000 37.452166 36.230720 35.150656 34.225362 33.467676 32.889185 32.499459 44.189579 43.159231 42.256630 41.490114 40.867341 40.394959 40.078286 86.195043 87.253421 88.372149 89.548965 90.781611 
111.321938 120.650239 78.456249 91.210139 84.519917 82.053621 79.591962 77.135383 74.684385 72.239536 69.801483 83.055187 80.544053 78.034788 75.527578 73.022634 70.520198 68.020547 49.287326 48.149509 47.121259 46.209893 45.422445 44.765455 44.244736 56.132756 55.136385 54.240749 53.450912 52.771624 52.207201 51.761400 40.078286 40.394959 40.867341 41.490114 42.256630 43.159231 44.189579 32.499459 32.889185 33.467676 34.225362 35.150656 36.230720 37.452166 0.000000 2.540000 5.080000 7.620000 10.160000 12.700000 15.240000 7.620000 8.032185 9.158100 10.776307 12.700000 14.810618 17.038838 59.897612 60.060814 60.330606 60.705566 61.183763 
113.436263 122.603802 76.937605 89.907183 86.990454 84.519917 82.053621 79.591962 77.135383 74.684385 72.239536 85.568024 83.055187 80.544053 78.034788 75.527578 73.022634 70.520198 50.527309 49.287326 48.149509 47.121259 46.209893 45.422445 44.765455 57.224600 56.132756 55.136385 54.240749 53.450912 52.771624 52.207201 39.921029 40.078286 40.394959 40.867341 41.490114 42.256630 43.159231 32.305331 32.499459 32.889185 33.467676 34.225362 35.150656 36.230720 2.540000 0.000000 2.540000 5.080000 7.620000 10.160000 12.700000 8.032185 7.620000 8.032185 9.158100 10.776307 12.700000 14.810618 62.435344 62.591929 62.850857 63.210870 63.670253 
115.567734 124.578520 75.473905 88.657864 89.464881 86.990454 84.519917 82.053621 79.591962 77.135383 74.684385 88.082420 85.568024 83.055187 80.544053 78.034788 75.527578 73.022634 51.862132 50.527309 49.287326 48.149509 47.121259 46.209893 45.422445 58.406562 57.224600 56.132756 55.136385 54.240749 53.450912 52.771624 39.925072 39.921029 40.078286 40.394959 40.867341 41.490114 42.256630 32.310326 32.305331 32.499459 32.889185 33.467676 34.225362 35.150656 5.080000 2.540000 0.000000 2.540000 5.080000 7.620000 10.160000 9.158100 8.032185 7.620000 8.032185 9.158100 10.776307 12.700000 64.973253 65.123736 65.372637 65.718836 66.160808 
117.715418 126.573402 74.068406 87.464480 91.942885 89.464881 86.990454 84.519917 82.053621 79.591962 77.135383 90.598244 88.082420 85.568024 83.055187 80.544053 78.034788 75.527578 53.284666 51.862132 50.527309 49.287326 48.149509 47.121259 46.209893 59.673289 58.406562 57.224600 56.132756 55.136385 54.240749 53.450912 40.090364 39.925072 39.921029 40.078286 40.394959 40.867341 41.490114 32.514352 32.310326 32.305331 32.499459 32.889185 33.467676 34.225362 7.620000 5.080000 2.540000 0.000000 2.540000 5.080000 7.620000 10.776307 9.158100 8.032185 7.620000 8.032185 9.158100 10.776307 67.511319 67.656157 67.895775 68.229173 68.654986 
119.878444 128.587510 72.724483 86.329351 94.424184 91.942885 89.464881 86.990454 84.519917 82.053621 79.591962 93.115381 90.598244 88.082420 85.568024 83.055187 80.544053 78.034788 54.788080 53.284666 51.862132 50.527309 49.287326 48.149509 47.121259 61.019501 59.673289 58.406562 57.224600 56.132756 55.136385 54.240749 40.414929 40.090364 39.925072 39.921029 40.078286 40.394959 40.867341 32.913709 32.514352 32.310326 32.305331 32.499459 32.889185 33.467676 10.160000 7.620000 5.080000 2.540000 0.000000 2.540000 5.080000 12.700000 10.776307 9.158100 8.032185 7.620000 8.032185 9.158100 70.049525 70.189126 70.420126 70.741628 71.152407 
122.055996 130.619954 71.445611 85.254805 96.908524 94.424184 91.942885 89.464881 86.990454 84.519917 82.053621 95.633727 93.115381 90.598244 88.082420 85.568024 83.055187 80.544053 56.365903 54.788080 53.284666 51.862132 50.527309 49.287326 48.149509 62.440058 61.019501 59.673289 58.406562 57.224600 56.132756 55.136385 40.894973 40.414929 40.090364 39.925072 39.921029 40.078286 40.394959 33.501412 32.913709 32.514352 32.310326 32.305331 32.499459 32.889185 12.700000 10.160000 7.620000 5.080000 2.540000 0.000000 2.540000 14.810618 12.700000 10.776307 9.158100 8.032185 7.620000 8.032185 72.587857 72.722586 72.945563 73.255982 73.652739 
124.247311 132.669893 70.235343 84.243159 99.395678 96.908524 94.424184 91.942885 89.464881 86.990454 84.519917 98.153189 95.633727 93.115381 90.598244 88.082420 85.568024 83.055187 58.012063 56.365903 54.788080 53.284666 51.862132 50.527309 49.287326 63.930003 62.440058 61.019501 59.673289 58.406562 57.224600 56.132756 41.525105 40.894973 40.414929 40.090364 39.925072 39.921029 40.078286 34.267772 33.501412 32.913709 32.514352 32.310326 32.305331 32.499459 15.240000 12.700000 10.160000 7.620000 5.080000 2.540000 0.000000 17.038838 14.810618 12.700000 10.776307 9.158100 8.032185 7.620000 75.126302 75.256486 75.471977 75.772047 76.155697 
115.756900 115.887731 84.631372 84.810232 86.632542 84.228129 81.831910 79.444624 77.067103 74.700279 72.345201 84.519917 82.053621 79.591962 77.135383 74.684385 72.239536 69.801483 42.705076 41.386691 40.185770 39.113133 38.179595 37.395575 36.770636 49.287326 48.149509 47.121259 46.209893 45.422445 44.765455 44.244736 47.670243 47.936788 48.335520 48.863203 49.515713 50.288192 51.175208 40.078286 40.394959 40.867341 41.490114 42.256630 43.159231 44.189579 7.620000 8.032185 9.158100 10.776307 12.700000 14.810618 17.038838 0.000000 2.540000 5.080000 7.620000 10.160000 12.700000 15.240000 60.053399 59.893895 59.841872 59.897612 60.060814 
117.791646 117.920220 83.225484 83.407359 89.044484 86.632542 84.228129 81.831910 79.444624 77.067103 74.700279 86.990454 84.519917 82.053621 79.591962 77.135383 74.684385 72.239536 44.130398 42.705076 41.386691 40.185770 39.113133 38.179595 37.395575 50.527309 49.287326 48.149509 47.121259 46.209893 45.422445 44.765455 47.538107 47.670243 47.936788 48.335520 48.863203 49.515713 50.288192 39.921029 40.078286 40.394959 40.867341 41.490114 42.256630 43.159231 8.032185 7.620000 8.032185 9.158100 10.776307 12.700000 14.810618 2.540000 0.000000 2.540000 5.080000 7.620000 10.160000 12.700000 62.584815 62.431778 62.381871 62.435344 62.591929 
119.845681 119.972053 81.874272 82.059142 91.463359 89.044484 86.632542 84.228129 81.831910 79.444624 77.067103 89.464881 86.990454 84.519917 82.053621 79.591962 77.135383 74.684385 45.652642 44.130398 42.705076 41.386691 40.185770 39.113133 38.179595 51.862132 50.527309 49.287326 48.149509 47.121259 46.209893 45.422445 47.541501 47.538107 47.670243 47.936788 48.335520 48.863203 49.515713 39.925072 39.921029 40.078286 40.394959 40.867341 41.490114 42.256630 9.158100 8.032185 7.620000 8.032185 9.158100 10.776307 12.700000 5.080000 2.540000 0.000000 2.540000 5.080000 7.620000 10.160000 65.116898 64.969826 64.921871 64.973253 65.123736 
121.918028 122.042255 80.580487 80.768319 93.888632 91.463359 89.044484 86.632542 84.228129 81.831910 79.444624 91.942885 89.464881 86.990454 84.519917 82.053621 79.591962 77.135383 47.262444 45.652642 44.130398 42.705076 41.386691 40.185770 39.113133 53.284666 51.862132 50.527309 49.287326 48.149509 47.121259 46.209893 47.680397 47.541501 47.538107 47.670243 47.936788 48.335520 48.863203 40.090364 39.925072 39.921029 40.078286 40.394959 40.867341 41.490114 10.776307 9.158100 8.032185 7.620000 8.032185 9.158100 10.776307 7.620000 5.080000 2.540000 0.000000 2.540000 5.080000 7.620000 67.649576 67.508021 67.461870 67.511319 67.656157 
124.007771 124.129907 79.346938 79.537683 96.319819 93.888632 91.463359 89.044484 86.632542 84.228129 81.831910 94.424184 91.942885 89.464881 86.990454 84.519917 82.053621 79.591962 48.951166 47.262444 45.652642 44.130398 42.705076 41.386691 40.185770 54.788080 53.284666 51.862132 50.527309 49.287326 48.149509 47.121259 47.953618 47.680397 47.541501 47.538107 47.670243 47.936788 48.335520 40.414929 40.090364 39.925072 39.921029 40.078286 40.394959 40.867341 12.700000 10.776307 9.158100 8.032185 7.620000 8.032185 9.158100 10.160000 7.620000 5.080000 2.540000 0.000000 2.540000 5.080000 70.182782 70.046347 70.001870 70.049525 70.189126 
126.114044 126.234142 78.176476 78.370070 98.756483 96.319819 93.888632 91.463359 89.044484 86.632542 84.228129 96.908524 94.424184 91.942885 89.464881 86.990454 84.519917 82.053621 50.710926 48.951166 47.262444 45.652642 44.130398 42.705076 41.386691 56.365903 54.788080 53.284666 51.862132 50.527309 49.287326 48.149509 48.358886 47.953618 47.680397 47.541501 47.538107 47.670243 47.936788 40.894973 40.414929 40.090364 39.925072 39.921029 40.078286 40.394959 14.810618 12.700000 10.776307 9.158100 8.032185 7.620000 8.032185 12.700000 10.160000 7.620000 5.080000 2.540000 0.000000 2.540000 72.716463 72.584790 72.541869 72.587857 72.722586 
128.236033 128.354145 77.071976 77.268337 101.198230 98.756483 96.319819 93.888632 91.463359 89.044484 86.632542 99.395678 96.908524 94.424184 91.942885 89.464881 86.990454 84.519917 52.534584 50.710926 48.951166 47.262444 45.652642 44.130398 42.705076 58.012063 56.365903 54.788080 53.284666 51.862132 50.527309 49.287326 48.892917 48.358886 47.953618 47.680397 47.541501 47.538107 47.670243 41.525105 40.894973 40.414929 40.090364 39.925072 39.921029 40.078286 17.038838 14.810618 12.700000 10.776307 9.158100 8.032185 7.620000 15.240000 12.700000 10.160000 7.620000 5.080000 2.540000 0.000000 75.250569 75.123339 75.081869 75.126302 75.256486 
72.513450 81.845192 125.605451 131.214193 31.677111 29.943554 28.331903 26.864107 25.564955 24.461333 23.580710 26.806895 24.734323 22.756692 20.900969 19.202531 17.706696 16.468763 55.027202 56.754949 58.541941 60.382916 62.273088 64.208112 66.184053 60.911914 62.477136 64.104813 65.790310 67.529296 69.317746 71.151930 76.476059 78.600686 80.749311 82.920070 85.111267 87.321366 89.548965 72.520038 74.757181 77.013113 79.286230 81.575095 83.878419 86.195043 59.897612 62.435344 64.973253 67.511319 70.049525 72.587857 75.126302 60.053399 62.584815 65.116898 67.649576 70.182782 72.716463 75.250569 0.000000 2.540000 5.080000 7.620000 10.160000 
