68
# Circuit board instance
Size: large
Nodes: 68
0.000000 140.000000 140.000000 197.989899 34.575500 36.036127 37.611739 39.288505 41.054032 42.897361 44.808893 41.151450 42.386072 43.733506 45.183662 46.726975 48.354527 50.058101 125.368741 126.215417 127.107218 128.043202 129.022407 130.043856 131.106562 132.599861 133.400650 134.244727 135.131282 136.059485 137.028488 138.037432 111.138553 112.327616 113.561049 114.837422 116.155320 117.513346 118.910125 117.959515 119.080487 120.244671 121.450824 122.697708 123.984094 125.308766 157.002399 158.802372 160.622341 162.461636 164.319605 166.195625 168.089089 162.498134 164.237887 165.998274 167.778644 169.578369 171.396838 173.233461 73.214688 74.480434 75.746322 77.012345 73.807574 75.063322 76.319543 77.576212 
140.000000 0.000000 197.989899 140.000000 112.752331 113.208769 113.720121 114.285649 114.904554 115.575977 116.299010 105.249536 105.738366 106.285665 106.890534 107.552002 108.269031 109.040527 45.952635 48.214675 50.503152 52.814629 55.146214 57.495460 59.860289 42.935377 45.348173 47.774159 50.211422 52.658397 55.113790 57.576524 65.636287 67.630152 69.659572 71.721529 73.813295 75.932409 78.076642 61.132571 63.268527 65.433364 67.624306 69.838898 72.074960 74.330553 114.263294 116.724206 119.188438 121.655785 124.126064 126.599102 129.074741 112.598360 115.094877 117.593257 120.093382 122.595147 125.098453 127.603210 152.542916 153.154450 153.774042 154.401593 148.101683 148.731479 149.369418 150.015397 
140.000000 197.989899 0.000000 140.000000 124.363712 121.894504 119.428266 116.965184 114.505464 112.049325 109.597010 126.349949 123.920325 121.495215 119.074897 116.659667 114.249849 111.845792 154.700350 153.081705 151.488356 149.921108 148.380789 146.868245 145.384345 160.616313 159.057884 157.524994 156.018398 154.538864 153.087176 151.664134 132.897150 131.210395 129.551481 127.921491 126.321546 124.752800 123.216445 138.651800 137.035896 135.448349 133.890168 132.362389 130.866077 129.402324 115.212890 114.591667 114.023653 113.509646 113.050385 112.646537 112.298702 122.596494 122.012870 121.479561 120.997232 120.566496 120.187906 119.861957 67.306345 66.041566 64.776992 63.512634 67.950801 66.698244 65.446360 64.195187 
197.989899 140.000000 140.000000 0.000000 164.267939 162.406567 160.563799 158.740283 156.936688 155.153712 153.392071 159.211597 157.290399 155.386969 153.501967 151.636080 149.790023 147.964537 101.619494 99.137944 96.659430 94.184192 91.712496 89.244635 86.780938 100.291194 97.775937 95.261993 92.749469 90.238483 87.729168 85.221671 98.071386 95.773232 93.487595 91.215416 88.957726 86.715657 84.490452 95.116065 92.744709 90.382518 88.030229 85.688658 83.358709 81.041382 40.992158 39.212206 37.519867 35.927523 34.449043 33.099690 31.895855 36.092207 34.057121 32.094093 30.217169 28.443399 26.793280 25.291025 149.796844 149.232835 148.677534 148.131041 145.271683 144.690035 144.117232 143.553379 
34.575500 112.752331 124.363712 164.267939 0.000000 2.540000 5.080000 7.620000 10.160000 12.700000 15.240000 7.620000 8.032185 9.158100 10.776307 12.700000 14.810618 17.038838 92.296052 92.924086 93.616844 94.372902 95.190749 96.068809 97.005447 99.719862 100.301423 100.943565 101.645139 102.404924 103.221634 104.093930 76.843253 77.935327 79.093919 80.316150 81.599162 82.940133 84.336299 83.831035 84.833201 85.898806 87.025518 88.210997 89.452907 90.748929 123.298611 125.197052 127.117896 129.060142 131.022839 133.005081 135.006007 128.524417 130.346768 132.192805 134.061547 135.952059 137.863446 139.794850 58.564103 59.735715 60.911272 62.090549 56.777166 57.984896 59.195233 60.408019 
36.036127 113.208769 121.894504 162.406567 2.540000 0.000000 2.540000 5.080000 7.620000 10.160000 12.700000 8.032185 7.620000 8.032185 9.158100 10.776307 12.700000 14.810618 91.734071 92.296052 92.924086 93.616844 94.372902 95.190749 96.068809 99.199947 99.719862 100.301423 100.943565 101.645139 102.404924 103.221634 75.820572 76.843253 77.935327 79.093919 80.316150 81.599162 82.940133 82.894608 83.831035 84.833201 85.898806 87.025518 88.210997 89.452907 121.423623 123.298611 125.197052 127.117896 129.060142 131.022839 133.005081 126.726771 128.524417 130.346768 132.192805 134.061547 135.952059 137.863446 56.233694 57.396675 58.564103 59.735715 54.370220 55.572213 56.777166 57.984896 
37.611739 113.720121 119.428266 160.563799 5.080000 2.540000 0.000000 2.540000 5.080000 7.620000 10.160000 9.158100 8.032185 7.620000 8.032185 9.158100 10.776307 12.700000 91.239365 91.734071 92.296052 92.924086 93.616844 94.372902 95.190749 98.742652 99.199947 99.719862 100.301423 100.943565 101.645139 102.404924 74.870127 75.820572 76.843253 77.935327 79.093919 80.316150 81.599162 82.026171 82.894608 83.831035 84.833201 85.898806 87.025518 88.210997 119.573192 121.423623 123.298611 125.197052 127.117896 129.060142 131.022839 124.954898 126.726771 128.524417 130.346768 132.192805 134.061547 135.952059 53.922220 55.075441 56.233694 57.396675 51.975940 53.171390 54.370220 55.572213 
39.288505 114.285649 116.965184 158.740283 7.620000 5.080000 2.540000 0.000000 2.540000 5.080000 7.620000 10.776307 9.158100 8.032185 7.620000 8.032185 9.158100 10.776307 90.813032 91.239365 91.734071 92.296052 92.924086 93.616844 94.372902 98.348850 98.742652 99.199947 99.719862 100.301423 100.943565 101.645139 73.994702 74.870127 75.820572 76.843253 77.935327 79.093919 80.316150 81.227906 82.026171 82.894608 83.831035 84.833201 85.898806 87.025518 117.748476 119.573192 121.423623 123.298611 125.197052 127.117896 129.060142 123.209909 124.954898 126.726771 128.524417 130.346768 132.192805 134.061547 51.632223 52.774361 53.922220 55.075441 49.596159 50.784109 51.975940 53.171390 
41.054032 114.904554 114.505464 156.936688 10.160000 7.620000 5.080000 2.540000 0.000000 2.540000 5.080000 12.700000 10.776307 9.158100 8.032185 7.620000 8.032185 9.158100 90.456039 90.813032 91.239365 91.734071 92.296052 92.924086 93.616844 98.019307 98.348850 98.742652 99.199947 99.719862 100.301423 100.943565 73.196988 73.994702 74.870127 75.820572 76.843253 77.935327 79.093919 80.501900 81.227906 82.026171 82.894608 83.831035 84.833201 85.898806 115.950687 117.748476 119.573192 121.423623 123.298611 125.197052 127.117896 121.492963 123.209909 124.954898 126.726771 128.524417 130.346768 132.192805 49.366692 50.496193 51.632223 52.774361 47.233069 48.412374 49.596159 50.784109 
42.897361 115.575977 112.049325 155.153712 12.700000 10.160000 7.620000 5.080000 2.540000 0.000000 2.540000 14.810618 12.700000 10.776307 9.158100 8.032185 7.620000 8.032185 90.169210 90.456039 90.813032 91.239365 91.734071 92.296052 92.924086 97.754673 98.019307 98.348850 98.742652 99.199947 99.719862 100.301423 72.479552 73.196988 73.994702 74.870127 75.820572 76.843253 77.935327 79.850124 80.501900 81.227906 82.026171 82.894608 83.831035 84.833201 114.181100 115.950687 117.748476 119.573192 121.423623 123.298611 125.197052 119.805266 121.492963 123.209909 124.954898 126.726771 128.524417 130.346768 47.129156 48.244180 49.366692 50.496193 44.889306 46.058587 47.233069 48.412374 
44.808893 116.299010 109.597010 153.392071 15.240000 12.700000 10.160000 7.620000 5.080000 2.540000 0.000000 17.038838 14.810618 12.700000 10.776307 9.158100 8.032185 7.620000 89.953215 90.169210 90.456039 90.813032 91.239365 91.734071 92.296052 97.555475 97.754673 98.019307 98.348850 98.742652 99.199947 99.719862 71.844798 72.479552 73.196988 73.994702 74.870127 75.820572 76.843253 79.274409 79.850124 80.501900 81.227906 82.026171 82.894608 83.831035 112.441044 114.181100 115.950687 117.748476 119.573192 121.423623 123.298611 118.148070 119.805266 121.492963 123.209909 124.954898 126.726771 128.524417 44.923797 46.022164 47.129156 48.244180 42.568064 43.725645 44.889306 46.058587 
41.151450 105.249536 126.349949 159.211597 7.620000 8.032185 9.158100 10.776307 12.700000 14.810618 17.038838 0.000000 2.540000 5.080000 7.620000 10.160000 12.700000 15.240000 84.907010 85.589280 86.340910 87.160103 88.044976 88.993568 90.003865 92.296052 92.924086 93.616844 94.372902 95.190749 96.068809 97.005447 69.987552 71.184880 72.451500 73.783846 75.178422 76.631831 78.140791 76.843253 77.935327 79.093919 80.316150 81.599162 82.940133 84.336299 118.332997 120.309819 122.307441 124.324861 126.361129 128.415350 130.486676 123.298611 125.197052 127.117896 129.060142 131.022839 133.005081 135.006007 61.932942 63.041978 64.156982 65.277649 59.600022 60.751660 61.907929 63.068572 
42.386072 105.738366 123.920325 157.290399 8.032185 7.620000 8.032185 9.158100 10.776307 12.700000 14.810618 2.540000 0.000000 2.540000 5.080000 7.620000 10.160000 12.700000 84.295782 84.907010 85.589280 86.340910 87.160103 88.044976 88.993568 91.734071 92.296052 92.924086 93.616844 94.372902 95.190749 96.068809 68.863133 69.987552 71.184880 72.451500 73.783846 75.178422 76.631831 75.820572 76.843253 77.935327 79.093919 80.316150 81.599162 82.940133 116.378035 118.332997 120.309819 122.307441 124.324861 126.361129 128.415350 121.423623 123.298611 125.197052 127.117896 129.060142 131.022839 133.005081 59.734107 60.830203 61.932942 63.041978 57.311752 58.453288 59.600022 60.751660 
43.733506 106.285665 121.495215 155.386969 9.158100 8.032185 7.620000 8.032185 9.158100 10.776307 12.700000 5.080000 2.540000 0.000000 2.540000 5.080000 7.620000 10.160000 83.757154 84.295782 84.907010 85.589280 86.340910 87.160103 88.044976 91.239365 91.734071 92.296052 92.924086 93.616844 94.372902 95.190749 67.815248 68.863133 69.987552 71.184880 72.451500 73.783846 75.178422 74.870127 75.820572 76.843253 77.935327 79.093919 80.316150 81.599162 114.446053 116.378035 118.332997 120.309819 122.307441 124.324861 126.361129 119.573192 121.423623 123.298611 125.197052 127.117896 129.060142 131.022839 57.563365 58.645029 59.734107 60.830203 55.045566 56.175731 57.311752 58.453288 
45.183662 106.890534 119.074897 153.501967 10.776307 9.158100 8.032185 7.620000 8.032185 9.158100 10.776307 7.620000 5.080000 2.540000 0.000000 2.540000 5.080000 7.620000 83.292531 83.757154 84.295782 84.907010 85.589280 86.340910 87.160103 90.813032 91.239365 91.734071 92.296052 92.924086 93.616844 94.372902 66.847497 67.815248 68.863133 69.987552 71.184880 72.451500 73.783846 73.994702 74.870127 75.820572 76.843253 77.935327 79.093919 80.316150 112.538234 114.446053 116.378035 118.332997 120.309819 122.307441 124.324861 117.748476 119.573192 121.423623 123.298611 125.197052 127.117896 129.060142 55.424017 56.489543 57.563365 58.645029 52.804308 53.921626 55.045566 56.175731 
46.726975 107.552002 116.659667 151.636080 12.700000 10.776307 9.158100 8.032185 7.620000 8.032185 9.158100 10.160000 7.620000 5.080000 2.540000 0.000000 2.540000 5.080000 82.903160 83.292531 83.757154 84.295782 84.907010 85.589280 86.340910 90.456039 90.813032 91.239365 91.734071 92.296052 92.924086 93.616844 65.963406 66.847497 67.815248 68.863133 69.987552 71.184880 72.451500 73.196988 73.994702 74.870127 75.820572 76.843253 77.935327 79.093919 110.655829 112.538234 114.446053 116.378035 118.332997 120.309819 122.307441 115.950687 117.748476 119.573192 121.423623 123.298611 125.197052 127.117896 53.319842 54.367276 55.424017 56.489543 50.591292 51.694042 52.804308 53.921626 
48.354527 108.269031 114.249849 149.790023 14.810618 12.700000 10.776307 9.158100 8.032185 7.620000 8.032185 12.700000 10.160000 7.620000 5.080000 2.540000 0.000000 2.540000 82.590105 82.903160 83.292531 83.757154 84.295782 84.907010 85.589280 90.169210 90.456039 90.813032 91.239365 91.734071 92.296052 92.924086 65.166382 65.963406 66.847497 67.815248 68.863133 69.987552 71.184880 72.479552 73.196988 73.994702 74.870127 75.820572 76.843253 77.935327 108.800157 110.655829 112.538234 114.446053 116.378035 118.332997 120.309819 114.181100 115.950687 117.748476 119.573192 121.423623 123.298611 125.197052 51.255171 52.282274 53.319842 54.367276 48.410390 49.496560 50.591292 51.694042 
50.058101 109.040527 111.845792 147.964537 17.038838 14.810618 12.700000 10.776307 9.158100 8.032185 7.620000 15.240000 12.700000 10.160000 7.620000 5.080000 2.540000 0.000000 82.354235 82.590105 82.903160 83.292531 83.757154 84.295782 84.907010 89.953215 90.169210 90.456039 90.813032 91.239365 91.734071 92.296052 64.459654 65.166382 65.963406 66.847497 67.815248 68.863133 69.987552 71.844798 72.479552 73.196988 73.994702 74.870127 75.820572 76.843253 106.972609 108.800157 110.655829 112.538234 114.446053 116.378035 118.332997 112.441044 114.181100 115.950687 117.748476 119.573192 121.423623 123.298611 49.234975 50.239176 51.255171 52.282274 46.266144 47.333372 48.410390 49.496560 
125.368741 45.952635 154.700350 101.619494 92.296052 91.734071 91.239365 90.813032 90.456039 90.169210 89.953215 84.907010 84.295782 83.757154 83.292531 82.903160 82.590105 82.354235 0.000000 2.540000 5.080000 7.620000 10.160000 12.700000 15.240000 7.620000 8.032185 9.158100 10.776307 12.700000 14.810618 17.038838 22.410569 23.693675 25.168434 26.803230 28.570603 30.447477 32.414834 16.048837 17.796680 19.717547 21.765677 23.908386 26.122412 28.391073 70.334536 72.861707 75.389741 77.918552 80.448069 82.978226 85.508967 69.967848 72.507801 75.047757 77.587716 80.127677 82.667641 85.207607 117.096353 117.453059 117.822374 118.204182 112.222242 112.594390 112.979589 113.377706 
126.215417 48.214675 153.081705 99.137944 92.924086 92.296052 91.734071 91.239365 90.813032 90.456039 90.169210 85.589280 84.907010 84.295782 83.757154 83.292531 82.903160 82.590105 2.540000 0.000000 2.540000 5.080000 7.620000 10.160000 12.700000 8.032185 7.620000 8.032185 9.158100 10.776307 12.700000 14.810618 21.353692 22.410569 23.693675 25.168434 26.803230 28.570603 30.447477 14.536565 16.048837 17.796680 19.717547 21.765677 23.908386 26.122412 67.808323 70.334536 72.861707 75.389741 77.918552 80.448069 82.978226 67.427899 69.967848 72.507801 75.047757 77.587716 80.127677 82.667641 116.421231 116.752373 117.096353 117.453059 111.517616 111.863275 112.222242 112.594390 
127.107218 50.503152 151.488356 96.659430 93.616844 92.924086 92.296052 91.734071 91.239365 90.813032 90.456039 86.340910 85.589280 84.907010 84.295782 83.757154 83.292531 82.903160 5.080000 2.540000 0.000000 2.540000 5.080000 7.620000 10.160000 9.158100 8.032185 7.620000 8.032185 9.158100 10.776307 12.700000 20.557965 21.353692 22.410569 23.693675 25.168434 26.803230 28.570603 13.340220 14.536565 16.048837 17.796680 19.717547 21.765677 23.908386 65.283181 67.808323 70.334536 72.861707 75.389741 77.918552 80.448069 64.887954 67.427899 69.967848 72.507801 75.047757 77.587716 80.127677 115.797900 116.103038 116.421231 116.752373 110.866718 111.185391 111.517616 111.863275 
128.043202 52.814629 149.921108 94.184192 94.372902 93.616844 92.924086 92.296052 91.734071 91.239365 90.813032 87.160103 86.340910 85.589280 84.907010 84.295782 83.757154 83.292531 7.620000 5.080000 2.540000 0.000000 2.540000 5.080000 7.620000 10.776307 9.158100 8.032185 7.620000 8.032185 9.158100 10.776307 20.054497 20.557965 21.353692 22.410569 23.693675 25.168434 26.803230 12.550475 13.340220 14.536565 16.048837 17.796680 19.717547 21.765677 62.759237 65.283181 67.808323 70.334536 72.861707 75.389741 77.918552 62.348013 64.887954 67.427899 69.967848 72.507801 75.047757 77.587716 115.227198 115.505920 115.797900 116.103038 110.270498 110.561716 110.866718 111.185391 
129.022407 55.146214 148.380789 91.712496 95.190749 94.372902 93.616844 92.924086 92.296052 91.734071 91.239365 88.044976 87.160103 86.340910 85.589280 84.907010 84.295782 83.757154 10.160000 7.620000 5.080000 2.540000 0.000000 2.540000 5.080000 12.700000 10.776307 9.158100 8.032185 7.620000 8.032185 9.158100 19.865523 20.054497 20.557965 21.353692 22.410569 23.693675 25.168434 12.246247 12.550475 13.340220 14.536565 16.048837 17.796680 19.717547 60.236644 62.759237 65.283181 67.808323 70.334536 72.861707 75.389741 59.808077 62.348013 64.887954 67.427899 69.967848 72.507801 75.047757 114.709912 114.961831 115.227198 115.505920 109.729848 109.993174 110.270498 110.561716 
130.043856 57.495460 146.868245 89.244635 96.068809 95.190749 94.372902 93.616844 92.924086 92.296052 91.734071 88.993568 88.044976 87.160103 86.340910 85.589280 84.907010 84.295782 12.700000 10.160000 7.620000 5.080000 2.540000 0.000000 2.540000 14.810618 12.700000 10.776307 9.158100 8.032185 7.620000 8.032185 19.999959 19.865523 20.054497 20.557965 21.353692 22.410569 23.693675 12.463143 12.246247 12.550475 13.340220 14.536565 16.048837 17.796680 57.715577 60.236644 62.759237 65.283181 67.808323 70.334536 72.861707 57.268147 59.808077 62.348013 64.887954 67.427899 69.967848 72.507801 114.246768 114.471530 114.709912 114.961831 109.245593 109.480623 109.729848 109.993174 
131.106562 59.860289 145.384345 86.780938 97.005447 96.068809 95.190749 94.372902 93.616844 92.924086 92.296052 90.003865 88.993568 88.044976 87.160103 86.340910 85.589280 84.907010 15.240000 12.700000 10.160000 7.620000 5.080000 2.540000 0.000000 17.038838 14.810618 12.700000 10.776307 9.158100 8.032185 7.620000 20.451428 19.999959 19.865523 20.054497 20.557965 21.353692 22.410569 13.175450 12.463143 12.246247 12.550475 13.340220 14.536565 16.048837 55.196246 57.715577 60.236644 62.759237 65.283181 67.808323 70.334536 54.728223 57.268147 59.808077 62.348013 64.887954 67.427899 69.967848 113.838426 114.035708 114.246768 114.471530 108.818486 109.024852 109.245593 109.480623 
132.599861 42.935377 160.616313 100.291194 99.719862 99.199947 98.742652 98.348850 98.019307 97.754673 97.555475 92.296052 91.734071 91.239365 90.813032 90.456039 90.169210 89.953215 7.620000 8.032185 9.158100 10.776307 12.700000 14.810618 17.038838 0.000000 2.540000 5.080000 7.620000 10.160000 12.700000 15.240000 29.377387 30.367540 31.531688 32.851338 34.308550 35.886572 37.570184 22.410569 23.693675 25.168434 26.803230 28.570603 30.447477 32.414834 71.515893 74.002732 76.493065 78.986561 81.482930 83.981915 86.483290 70.334536 72.861707 75.389741 77.918552 80.448069 82.978226 85.508967 124.438404 124.774122 125.121830 125.481429 119.539838 119.889274 120.251108 120.625228 
133.400650 45.348173 159.057884 97.775937 100.301423 99.719862 99.199947 98.742652 98.348850 98.019307 97.754673 92.924086 92.296052 91.734071 91.239365 90.813032 90.456039 90.169210 8.032185 7.620000 8.032185 9.158100 10.776307 12.700000 14.810618 2.540000 0.000000 2.540000 5.080000 7.620000 10.160000 12.700000 28.579318 29.377387 30.367540 31.531688 32.851338 34.308550 35.886572 21.353692 22.410569 23.693675 25.168434 26.803230 28.570603 30.447477 69.032925 71.515893 74.002732 76.493065 78.986561 81.482930 83.981915 67.808323 70.334536 72.861707 75.389741 77.918552 80.448069 82.978226 123.803327 124.114774 124.438404 124.774122 118.878594 119.202909 119.539838 119.889274 
134.244727 47.774159 157.524994 95.261993 100.943565 100.301423 99.719862 99.199947 98.742652 98.348850 98.019307 93.616844 92.924086 92.296052 91.734071 91.239365 90.813032 90.456039 9.158100 8.032185 7.620000 8.032185 9.158100 10.776307 12.700000 5.080000 2.540000 0.000000 2.540000 5.080000 7.620000 10.160000 27.989769 28.579318 29.377387 30.367540 31.531688 32.851338 34.308550 20.557965 21.353692 22.410569 23.693675 25.168434 26.803230 28.570603 66.554261 69.032925 71.515893 74.002732 76.493065 78.986561 81.482930 65.283181 67.808323 70.334536 72.861707 75.389741 77.918552 80.448069 123.217345 123.504154 123.803327 124.114774 118.268214 118.566995 118.878594 119.202909 
135.131282 50.211422 156.018398 92.749469 101.645139 100.943565 100.301423 99.719862 99.199947 98.742652 98.348850 94.372902 93.616844 92.924086 92.296052 91.734071 91.239365 90.813032 10.776307 9.158100 8.032185 7.620000 8.032185 9.158100 10.776307 7.620000 5.080000 2.540000 0.000000 2.540000 5.080000 7.620000 27.622095 27.989769 28.579318 29.377387 30.367540 31.531688 32.851338 20.054497 20.557965 21.353692 22.410569 23.693675 25.168434 26.803230 64.080401 66.554261 69.032925 71.515893 74.002732 76.493065 78.986561 62.759237 65.283181 67.808323 70.334536 72.861707 75.389741 77.918552 122.681163 122.942987 123.217345 123.504154 117.709490 117.982348 118.268214 118.566995 
136.059485 52.658397 154.538864 90.238483 102.404924 101.645139 100.943565 100.301423 99.719862 99.199947 98.742652 95.190749 94.372902 93.616844 92.924086 92.296052 91.734071 91.239365 12.700000 10.776307 9.158100 8.032185 7.620000 8.032185 9.158100 10.160000 7.620000 5.080000 2.540000 0.000000 2.540000 5.080000 27.485201 27.622095 27.989769 28.579318 29.377387 30.367540 31.531688 19.865523 20.054497 20.557965 21.353692 22.410569 23.693675 25.168434 61.611924 64.080401 66.554261 69.032925 71.515893 74.002732 76.493065 60.236644 62.759237 65.283181 67.808323 70.334536 72.861707 75.389741 122.195436 122.431953 122.681163 122.942987 117.203161 117.449732 117.709490 117.982348 
137.028488 55.113790 153.087176 87.729168 103.221634 102.404924 101.645139 100.943565 100.301423 99.719862 99.199947 96.068809 95.190749 94.372902 93.616844 92.924086 92.296052 91.734071 14.810618 12.700000 10.776307 9.158100 8.032185 7.620000 8.032185 12.700000 10.160000 7.620000 5.080000 2.540000 0.000000 2.540000 27.582524 27.485201 27.622095 27.989769 28.579318 29.377387 30.367540 19.999959 19.865523 20.054497 20.557965 21.353692 22.410569 23.693675 59.149504 61.611924 64.080401 66.554261 69.032925 71.515893 74.002732 57.715577 60.236644 62.759237 65.283181 67.808323 70.334536 72.861707 121.760768 121.971684 122.195436 122.431953 116.749908 116.969860 117.203161 117.449732 
138.037432 57.576524 151.664134 85.221671 104.093930 103.221634 102.404924 101.645139 100.943565 100.301423 99.719862 97.005447 96.068809 95.190749 94.372902 93.616844 92.924086 92.296052 17.038838 14.810618 12.700000 10.776307 9.158100 8.032185 7.620000 15.240000 12.700000 10.160000 7.620000 5.080000 2.540000 0.000000 27.911613 27.582524 27.485201 27.622095 27.989769 28.579318 29.377387 20.451428 19.999959 19.865523 20.054497 20.557965 21.353692 22.410569 56.693929 59.149504 61.611924 64.080401 66.554261 69.032925 71.515893 55.196246 57.715577 60.236644 62.759237 65.283181 67.808323 70.334536 121.377707 121.562754 121.760768 121.971684 116.350351 116.543381 116.749908 116.969860 
111.138553 65.636287 132.897150 98.071386 76.843253 75.820572 74.870127 73.994702 73.196988 72.479552 71.844798 69.987552 68.863133 67.815248 66.847497 65.963406 65.166382 64.459654 22.410569 21.353692 20.557965 20.054497 19.865523 19.999959 20.451428 29.377387 28.579318 27.989769 27.622095 27.485201 27.582524 27.911613 0.000000 2.540000 5.080000 7.620000 10.160000 12.700000 15.240000 7.620000 8.032185 9.158100 10.776307 12.700000 14.810618 17.038838 60.925297 63.411893 65.902563 68.396861 70.894404 73.394862 75.897945 62.953773 65.363246 67.782250 70.209801 72.645043 75.087225 77.535693 95.246650 95.547040 95.863315 96.195319 90.310696 90.627448 90.960831 91.310662 
112.327616 67.630152 131.210395 95.773232 77.935327 76.843253 75.820572 74.870127 73.994702 73.196988 72.479552 71.184880 69.987552 68.863133 67.815248 66.847497 65.963406 65.166382 23.693675 22.410569 21.353692 20.557965 20.054497 19.865523 19.999959 30.367540 29.377387 28.579318 27.989769 27.622095 27.485201 27.582524 2.540000 0.000000 2.540000 5.080000 7.620000 10.160000 12.700000 8.032185 7.620000 8.032185 9.158100 10.776307 12.700000 14.810618 58.443294 60.925297 63.411893 65.902563 68.396861 70.894404 73.394862 60.554969 62.953773 65.363246 67.782250 70.209801 72.645043 75.087225 94.694121 94.962295 95.246650 95.547040 89.727778 90.010750 90.310696 90.627448 
113.561049 69.659572 129.551481 93.487595 79.093919 77.935327 76.843253 75.820572 74.870127 73.994702 73.196988 72.451500 71.184880 69.987552 68.863133 67.815248 66.847497 65.963406 25.168434 23.693675 22.410569 21.353692 20.557965 20.054497 19.865523 31.531688 30.367540 29.377387 28.579318 27.989769 27.622095 27.485201 5.080000 2.540000 0.000000 2.540000 5.080000 7.620000 10.160000 9.158100 8.032185 7.620000 8.032185 9.158100 10.776307 12.700000 55.966496 58.443294 60.925297 63.411893 65.902563 68.396861 70.894404 58.168156 60.554969 62.953773 65.363246 67.782250 70.209801 72.645043 94.206858 94.442265 94.694121 94.962295 89.213393 89.461941 89.727778 90.010750 
114.837422 71.721529 127.921491 91.215416 80.316150 79.093919 77.935327 76.843253 75.820572 74.870127 73.994702 73.783846 72.451500 71.184880 69.987552 68.863133 67.815248 66.847497 26.803230 25.168434 23.693675 22.410569 21.353692 20.557965 20.054497 32.851338 31.531688 30.367540 29.377387 28.579318 27.989769 27.622095 7.620000 5.080000 2.540000 0.000000 2.540000 5.080000 7.620000 10.776307 9.158100 8.032185 7.620000 8.032185 9.158100 10.776307 53.495625 55.966496 58.443294 60.925297 63.411893 65.902563 68.396861 55.794870 58.168156 60.554969 62.953773 65.363246 67.782250 70.209801 93.785877 93.988023 94.206858 94.442265 88.768734 88.982279 89.213393 89.461941 
116.155320 73.813295 126.321546 88.957726 81.599162 80.316150 79.093919 77.935327 76.843253 75.820572 74.870127 75.178422 73.783846 72.451500 71.184880 69.987552 68.863133 67.815248 28.570603 26.803230 25.168434 23.693675 22.410569 21.353692 20.557965 34.308550 32.851338 31.531688 30.367540 29.377387 28.579318 27.989769 10.160000 7.620000 5.080000 2.540000 0.000000 2.540000 5.080000 12.700000 10.776307 9.158100 8.032185 7.620000 8.032185 9.158100 51.031542 53.495625 55.966496 58.443294 60.925297 63.411893 65.902563 53.436916 55.794870 58.168156 60.554969 62.953773 65.363246 67.782250 93.432074 93.600527 93.785877 93.988023 88.394853 88.572887 88.768734 88.982279 
117.513346 75.932409 124.752800 86.715657 82.940133 81.599162 80.316150 79.093919 77.935327 76.843253 75.820572 76.631831 75.178422 73.783846 72.451500 71.184880 69.987552 68.863133 30.447477 28.570603 26.803230 25.168434 23.693675 22.410569 21.353692 35.886572 34.308550 32.851338 31.531688 30.367540 29.377387 28.579318 12.700000 10.160000 7.620000 5.080000 2.540000 0.000000 2.540000 14.810618 12.700000 10.776307 9.158100 8.032185 7.620000 8.032185 48.575281 51.031542 53.495625 55.966496 58.443294 60.925297 63.411893 51.096415 53.436916 55.794870 58.168156 60.554969 62.953773 65.363246 93.146216 93.280610 93.432074 93.600527 88.092651 88.234742 88.394853 88.572887 
118.910125 78.076642 123.216445 84.490452 84.336299 82.940133 81.599162 80.316150 79.093919 77.935327 76.843253 78.140791 76.631831 75.178422 73.783846 72.451500 71.184880 69.987552 32.414834 30.447477 28.570603 26.803230 25.168434 23.693675 22.410569 37.570184 35.886572 34.308550 32.851338 31.531688 30.367540 29.377387 15.240000 12.700000 10.160000 7.620000 5.080000 2.540000 0.000000 17.038838 14.810618 12.700000 10.776307 9.158100 8.032185 7.620000 46.128091 48.575281 51.031542 53.495625 55.966496 58.443294 60.925297 48.775879 51.096415 53.436916 55.794870 58.168156 60.554969 62.953773 92.928929 93.028968 93.146216 93.280610 87.862867 87.968667 88.092651 88.234742 
117.959515 61.132571 138.651800 95.116065 83.831035 82.894608 82.026171 81.227906 80.501900 79.850124 79.274409 76.843253 75.820572 74.870127 73.994702 73.196988 72.479552 71.844798 16.048837 14.536565 13.340220 12.550475 12.246247 12.463143 13.175450 22.410569 21.353692 20.557965 20.054497 19.865523 19.999959 20.451428 7.620000 8.032185 9.158100 10.776307 12.700000 14.810618 17.038838 0.000000 2.540000 5.080000 7.620000 10.160000 12.700000 15.240000 59.805810 62.337078 64.869029 67.401585 69.934681 72.468261 75.002275 60.925297 63.411893 65.902563 68.396861 70.894404 73.394862 75.897945 102.676930 102.955644 103.249227 103.557555 97.720163 98.012973 98.321316 98.645048 
119.080487 63.268527 137.035896 92.744709 84.833201 83.831035 82.894608 82.026171 81.227906 80.501900 79.850124 77.935327 76.843253 75.820572 74.870127 73.994702 73.196988 72.479552 17.796680 16.048837 14.536565 13.340220 12.550475 12.246247 12.463143 23.693675 22.410569 21.353692 20.557965 20.054497 19.865523 19.999959 8.032185 7.620000 8.032185 9.158100 10.776307 12.700000 14.810618 2.540000 0.000000 2.540000 5.080000 7.620000 10.160000 12.700000 57.275315 59.805810 62.337078 64.869029 67.401585 69.934681 72.468261 58.443294 60.925297 63.411893 65.902563 68.396861 70.894404 73.394862 102.164594 102.413208 102.676930 102.955644 97.181699 97.443027 97.720163 98.012973 
120.244671 65.433364 135.448349 90.382518 85.898806 84.833201 83.831035 82.894608 82.026171 81.227906 80.501900 79.093919 77.935327 76.843253 75.820572 74.870127 73.994702 73.196988 19.717547 17.796680 16.048837 14.536565 13.340220 12.550475 12.246247 25.168434 23.693675 22.410569 21.353692 20.557965 20.054497 19.865523 9.158100 8.032185 7.620000 8.032185 9.158100 10.776307 12.700000 5.080000 2.540000 0.000000 2.540000 5.080000 7.620000 10.160000 54.745701 57.275315 59.805810 62.337078 64.869029 67.401585 69.934681 55.966496 58.443294 60.925297 63.411893 65.902563 68.396861 70.894404 101.713125 101.931198 102.164594 102.413208 96.706970 96.936306 97.181699 97.443027 
121.450824 67.624306 133.890168 88.030229 87.025518 85.898806 84.833201 83.831035 82.894608 82.026171 81.227906 80.316150 79.093919 77.935327 76.843253 75.820572 74.870127 73.994702 21.765677 19.717547 17.796680 16.048837 14.536565 13.340220 12.550475 26.803230 25.168434 23.693675 22.410569 21.353692 20.557965 20.054497 10.776307 9.158100 8.032185 7.620000 8.032185 9.158100 10.776307 7.620000 5.080000 2.540000 0.000000 2.540000 5.080000 7.620000 52.217095 54.745701 57.275315 59.805810 62.337078 64.869029 67.401585 53.495625 55.966496 58.443294 60.925297 63.411893 65.902563 68.396861 101.323336 101.510473 101.713125 101.931198 96.296920 96.493805 96.706970 96.936306 
122.697708 69.838898 132.362389 85.688658 88.210997 87.025518 85.898806 84.833201 83.831035 82.894608 82.026171 81.599162 80.316150 79.093919 77.935327 76.843253 75.820572 74.870127 23.908386 21.765677 19.717547 17.796680 16.048837 14.536565 13.340220 28.570603 26.803230 25.168434 23.693675 22.410569 21.353692 20.557965 12.700000 10.776307 9.158100 8.032185 7.620000 8.032185 9.158100 10.160000 7.620000 5.080000 2.540000 0.000000 2.540000 5.080000 49.689651 52.217095 54.745701 57.275315 59.805810 62.337078 64.869029 51.031542 53.495625 55.966496 58.443294 60.925297 63.411893 65.902563 100.995942 101.151799 101.323336 101.510473 95.952377 96.116412 96.296920 96.493805 
123.984094 72.074960 130.866077 83.358709 89.452907 88.210997 87.025518 85.898806 84.833201 83.831035 82.894608 82.940133 81.599162 80.316150 79.093919 77.935327 76.843253 75.820572 26.122412 23.908386 21.765677 19.717547 17.796680 16.048837 14.536565 30.447477 28.570603 26.803230 25.168434 23.693675 22.410569 21.353692 14.810618 12.700000 10.776307 9.158100 8.032185 7.620000 8.032185 12.700000 10.160000 7.620000 5.080000 2.540000 0.000000 2.540000 47.163556 49.689651 52.217095 54.745701 57.275315 59.805810 62.337078 48.575281 51.031542 53.495625 55.966496 58.443294 60.925297 63.411893 100.731551 100.855837 100.995942 101.151799 95.674049 95.804897 95.952377 96.116412 
125.308766 74.330553 129.402324 81.041382 90.748929 89.452907 88.210997 87.025518 85.898806 84.833201 83.831035 84.336299 82.940133 81.599162 80.316150 79.093919 77.935327 76.843253 28.391073 26.122412 23.908386 21.765677 19.717547 17.796680 16.048837 32.414834 30.447477 28.570603 26.803230 25.168434 23.693675 22.410569 17.038838 14.810618 12.700000 10.776307 9.158100 8.032185 7.620000 15.240000 12.700000 10.160000 7.620000 5.080000 2.540000 0.000000 44.639040 47.163556 49.689651 52.217095 54.745701 57.275315 59.805810 46.128091 48.575281 51.031542 53.495625 55.966496 58.443294 60.925297 100.530660 100.623141 100.731551 100.855837 95.462516 95.559902 95.674049 95.804897 
157.002399 114.263294 115.212890 40.992158 123.298611 121.423623 119.573192 117.748476 115.950687 114.181100 112.441044 118.332997 116.378035 114.446053 112.538234 110.655829 108.800157 106.972609 70.334536 67.808323 65.283181 62.759237 60.236644 57.715577 55.196246 71.515893 69.032925 66.554261 64.080401 61.611924 59.149504 56.693929 60.925297 58.443294 55.966496 53.495625 51.031542 48.575281 46.128091 59.805810 57.275315 54.745701 52.217095 49.689651 47.163556 44.639040 0.000000 2.540000 5.080000 7.620000 10.160000 12.700000 15.240000 7.620000 8.032185 9.158100 10.776307 12.700000 14.810618 17.038838 111.895263 111.474213 111.066089 110.671034 107.125316 106.685442 106.258926 105.845932 
158.802372 116.724206 114.591667 39.212206 125.197052 123.298611 121.423623 119.573192 117.748476 115.950687 114.181100 120.309819 118.332997 116.378035 114.446053 112.538234 110.655829 108.800157 72.861707 70.334536 67.808323 65.283181 62.759237 60.236644 57.715577 74.002732 71.515893 69.032925 66.554261 64.080401 61.611924 59.149504 63.411893 60.925297 58.443294 55.966496 53.495625 51.031542 48.575281 62.337078 59.805810 57.275315 54.745701 52.217095 49.689651 47.163556 2.540000 0.000000 2.540000 5.080000 7.620000 10.160000 12.700000 8.032185 7.620000 8.032185 9.158100 10.776307 12.700000 14.810618 112.775560 112.329095 111.895263 111.474213 108.044483 107.578385 107.125316 106.685442 
160.622341 119.188438 114.023653 37.519867 127.117896 125.197052 123.298611 121.423623 119.573192 117.748476 115.950687 122.307441 120.309819 118.332997 116.378035 114.446053 112.538234 110.655829 75.389741 72.861707 70.334536 67.808323 65.283181 62.759237 60.236644 76.493065 74.002732 71.515893 69.032925 66.554261 64.080401 61.611924 65.902563 63.411893 60.925297 58.443294 55.966496 53.495625 51.031542 64.869029 62.337078 59.805810 57.275315 54.745701 52.217095 49.689651 5.080000 2.540000 0.000000 2.540000 5.080000 7.620000 10.160000 9.158100 8.032185 7.620000 8.032185 9.158100 10.776307 12.700000 113.705792 113.234510 112.775560 112.329095 109.015093 108.523442 108.044483 107.578385 
162.461636 121.655785 113.509646 35.927523 129.060142 127.117896 125.197052 123.298611 121.423623 119.573192 117.748476 124.324861 122.307441 120.309819 118.332997 116.378035 114.446053 112.538234 77.918552 75.389741 72.861707 70.334536 67.808323 65.283181 62.759237 78.986561 76.493065 74.002732 71.515893 69.032925 66.554261 64.080401 68.396861 65.902563 63.411893 60.925297 58.443294 55.966496 53.495625 67.401585 64.869029 62.337078 59.805810 57.275315 54.745701 52.217095 7.620000 5.080000 2.540000 0.000000 2.540000 5.080000 7.620000 10.776307 9.158100 8.032185 7.620000 8.032185 9.158100 10.776307 114.684745 114.189255 113.705792 113.234510 110.035785 109.519265 109.015093 108.523442 
164.319605 124.126064 113.050385 34.449043 131.022839 129.060142 127.117896 125.197052 123.298611 121.423623 119.573192 126.361129 124.324861 122.307441 120.309819 118.332997 116.378035 114.446053 80.448069 77.918552 75.389741 72.861707 70.334536 67.808323 65.283181 81.482930 78.986561 76.493065 74.002732 71.515893 69.032925 66.554261 70.894404 68.396861 65.902563 63.411893 60.925297 58.443294 55.966496 69.934681 67.401585 64.869029 62.337078 59.805810 57.275315 54.745701 10.160000 7.620000 5.080000 2.540000 0.000000 2.540000 5.080000 12.700000 10.776307 9.158100 8.032185 7.620000 8.032185 9.158100 115.711180 115.192105 114.684745 114.189255 111.105178 110.564481 110.035785 109.519265 
166.195625 126.599102 112.646537 33.099690 133.005081 131.022839 129.060142 127.117896 125.197052 123.298611 121.423623 128.415350 126.361129 124.324861 122.307441 120.309819 118.332997 116.378035 82.978226 80.448069 77.918552 75.389741 72.861707 70.334536 67.808323 83.981915 81.482930 78.986561 76.493065 74.002732 71.515893 69.032925 73.394862 70.894404 68.396861 65.902563 63.411893 60.925297 58.443294 72.468261 69.934681 67.401585 64.869029 62.337078 59.805810 57.275315 12.700000 10.160000 7.620000 5.080000 2.540000 0.000000 2.540000 14.810618 12.700000 10.776307 9.158100 8.032185 7.620000 8.032185 116.783848 116.241814 115.711180 115.192105 112.221881 111.657703 111.105178 110.564481 
168.089089 129.074741 112.298702 31.895855 135.006007 133.005081 131.022839 129.060142 127.117896 125.197052 123.298611 130.486676 128.415350 126.361129 124.324861 122.307441 120.309819 118.332997 85.508967 82.978226 80.448069 77.918552 75.389741 72.861707 70.334536 86.483290 83.981915 81.482930 78.986561 76.493065 74.002732 71.515893 75.897945 73.394862 70.894404 68.396861 65.902563 63.411893 60.925297 75.002275 72.468261 69.934681 67.401585 64.869029 62.337078 59.805810 15.240000 12.700000 10.160000 7.620000 5.080000 2.540000 0.000000 17.038838 14.810618 12.700000 10.776307 9.158100 8.032185 7.620000 117.901485 117.337124 116.783848 116.241814 113.384494 112.797536 112.221881 111.657703 
162.498134 112.598360 122.596494 36.092207 128.524417 126.726771 124.954898 123.209909 121.492963 119.805266 118.148070 123.298611 121.423623 119.573192 117.748476 115.950687 114.181100 112.441044 69.967848 67.427899 64.887954 62.348013 59.808077 57.268147 54.728223 70.334536 67.808323 65.283181 62.759237 60.236644 57.715577 55.196246 62.953773 60.554969 58.168156 55.794870 53.436916 51.096415 48.775879 60.925297 58.443294 55.966496 53.495625 51.031542 48.575281 46.128091 7.620000 8.032185 9.158100 10.776307 12.700000 14.810618 17.038838 0.000000 2.540000 5.080000 7.620000 10.160000 12.700000 15.240000 119.098274 118.702776 118.319589 117.948831 114.290258 113.878063 113.478585 113.091958 
164.237887 115.094877 122.012870 34.057121 130.346768 128.524417 126.726771 124.954898 123.209909 121.492963 119.805266 125.197052 123.298611 121.423623 119.573192 117.748476 115.950687 114.181100 72.507801 69.967848 67.427899 64.887954 62.348013 59.808077 57.268147 72.861707 70.334536 67.808323 65.283181 62.759237 60.236644 57.715577 65.363246 62.953773 60.554969 58.168156 55.794870 53.436916 51.096415 63.411893 60.925297 58.443294 55.966496 53.495625 51.031542 48.575281 8.032185 7.620000 8.032185 9.158100 10.776307 12.700000 14.810618 2.540000 0.000000 2.540000 5.080000 7.620000 10.160000 12.700000 119.925710 119.505960 119.098274 118.702776 115.152247 114.715032 114.290258 113.878063 
165.998274 117.593257 121.479561 32.094093 132.192805 130.346768 128.524417 126.726771 124.954898 123.209909 121.492963 127.117896 125.197052 123.298611 121.423623 119.573192 117.748476 115.950687 75.047757 72.507801 69.967848 67.427899 64.887954 62.348013 59.808077 75.389741 72.861707 70.334536 67.808323 65.283181 62.759237 60.236644 67.782250 65.363246 62.953773 60.554969 58.168156 55.794870 53.436916 65.902563 63.411893 60.925297 58.443294 55.966496 53.495625 51.031542 9.158100 8.032185 7.620000 8.032185 9.158100 10.776307 12.700000 5.080000 2.540000 0.000000 2.540000 5.080000 7.620000 10.160000 120.800895 120.357398 119.925710 119.505960 116.063432 115.601762 115.152247 114.715032 
167.778644 120.093382 120.997232 30.217169 134.061547 132.192805 130.346768 128.524417 126.726771 124.954898 123.209909 129.060142 127.117896 125.197052 123.298611 121.423623 119.573192 117.748476 77.587716 75.047757 72.507801 69.967848 67.427899 64.887954 62.348013 77.918552 75.389741 72.861707 70.334536 67.808323 65.283181 62.759237 70.209801 67.782250 65.363246 62.953773 60.554969 58.168156 55.794870 68.396861 65.902563 63.411893 60.925297 58.443294 55.966496 53.495625 10.776307 9.158100 8.032185 7.620000 8.032185 9.158100 10.776307 7.620000 5.080000 2.540000 0.000000 2.540000 5.080000 7.620000 121.722798 121.256072 120.800895 120.357398 117.022663 116.537115 116.063432 115.601762 
169.578369 122.595147 120.566496 28.443399 135.952059 134.061547 132.192805 130.346768 128.524417 126.726771 124.954898 131.022839 129.060142 127.117896 125.197052 123.298611 121.423623 119.573192 80.127677 77.587716 75.047757 72.507801 69.967848 67.427899 64.887954 80.448069 77.918552 75.389741 72.861707 70.334536 67.808323 65.283181 72.645043 70.209801 67.782250 65.363246 62.953773 60.554969 58.168156 70.894404 68.396861 65.902563 63.411893 60.925297 58.443294 55.966496 12.700000 10.776307 9.158100 8.032185 7.620000 8.032185 9.158100 10.160000 7.620000 5.080000 2.540000 0.000000 2.540000 5.080000 122.690367 122.200941 121.722798 121.256072 118.028769 117.519931 117.022663 116.537115 
