37
# Circuit board instance
Size: large
Nodes: 37
0.000000 65.000000 65.000000 91.923882 19.600531 21.357144 23.258924 25.273123 27.374936 29.545672 31.771206 25.830975 27.187976 28.706028 30.360982 32.131692 34.000077 35.950911 50.162582 51.251264 52.440468 53.723519 55.093860 56.545147 58.071310 57.204205 58.161228 59.211815 60.351080 61.574101 62.875990 64.251953 53.236570 53.813335 54.502486 55.299820 56.200733 
65.000000 0.000000 91.923882 65.000000 51.864631 52.553656 53.354819 54.263154 55.273378 56.380013 57.577502 44.524133 45.324885 46.251435 47.296389 48.452088 49.710807 51.064931 28.061629 29.964352 31.955798 34.020388 36.145592 38.321326 40.539455 23.513644 25.754589 28.046558 30.378006 32.740499 35.127773 37.535102 75.127908 73.319474 71.555511 69.839389 68.174721 
65.000000 91.923882 0.000000 65.000000 54.158313 51.719142 49.290158 46.872944 44.469419 42.081930 39.713368 56.711387 54.386838 52.082417 49.800917 47.545638 45.320495 43.130153 63.882692 62.138601 60.450942 58.824571 57.264711 55.776943 54.367185 69.548794 67.950292 66.410487 64.933555 63.523882 62.186042 60.924767 16.868950 18.609250 20.517068 22.549927 24.676943 
91.923882 65.000000 65.000000 0.000000 72.380122 70.573570 68.813362 67.103145 65.446836 63.848633 62.313007 67.315233 65.368856 63.464457 61.605929 59.797549 58.044005 56.350415 48.499162 46.177658 43.880368 41.611303 39.375342 37.178458 35.028005 46.017444 43.563890 41.120836 38.690269 36.274701 33.877340 31.502342 55.629414 53.161776 50.701285 48.249035 45.806350 
19.600531 51.864631 54.158313 72.380122 0.000000 2.540000 5.080000 7.620000 10.160000 12.700000 15.240000 7.620000 8.032185 9.158100 10.776307 12.700000 14.810618 17.038838 31.945416 32.640800 33.514732 34.553666 35.743219 37.068891 38.516632 39.389744 39.955778 40.672836 41.533098 42.527874 43.647967 44.883998 39.410722 39.242192 39.237705 39.397317 39.719049 
21.357144 52.553656 51.719142 70.573570 2.540000 0.000000 2.540000 5.080000 7.620000 10.160000 12.700000 8.032185 7.620000 8.032185 9.158100 10.776307 12.700000 14.810618 31.440429 31.945416 32.640800 33.514732 34.553666 35.743219 37.068891 38.981315 39.389744 39.955778 40.672836 41.533098 42.527874 43.647967 36.883904 36.703774 36.698977 36.869581 37.213174 
23.258924 53.354819 49.290158 68.813362 5.080000 2.540000 0.000000 2.540000 5.080000 7.620000 10.160000 9.158100 8.032185 7.620000 8.032185 9.158100 10.776307 12.700000 31.135105 31.440429 31.945416 32.640800 33.514732 34.553666 35.743219 38.735476 38.981315 39.389744 39.955778 40.672836 41.533098 42.527874 34.359030 34.165592 34.160438 34.343655 34.712258 
25.273123 54.263154 46.872944 67.103145 7.620000 5.080000 2.540000 0.000000 2.540000 5.080000 7.620000 10.776307 9.158100 8.032185 7.620000 8.032185 9.158100 10.776307 31.035337 31.135105 31.440429 31.945416 32.640800 33.514732 34.553666 38.655330 38.735476 38.981315 39.389744 39.955778 40.672836 41.533098 31.836564 31.627701 31.622134 31.819969 32.217459 
27.374936 55.273378 44.469419 65.446836 10.160000 7.620000 5.080000 2.540000 0.000000 2.540000 5.080000 12.700000 10.776307 9.158100 8.032185 7.620000 8.032185 9.158100 31.143101 31.035337 31.135105 31.440429 31.945416 32.640800 33.514732 38.741904 38.655330 38.735476 38.981315 39.389744 39.955778 40.672836 29.317124 29.090178 29.084125 29.299103 29.730316 
29.545672 56.380013 42.081930 63.848633 12.700000 10.160000 7.620000 5.080000 2.540000 0.000000 2.540000 14.810618 12.700000 10.776307 9.158100 8.032185 7.620000 8.032185 31.456264 31.143101 31.035337 31.135105 31.440429 31.945416 32.640800 38.994088 38.741904 38.655330 38.735476 38.981315 39.389744 39.955778 26.801567 26.553129 26.546498 26.781852 27.252924 
31.771206 57.577502 39.713368 62.313007 15.240000 12.700000 10.160000 7.620000 5.080000 2.540000 0.000000 17.038838 14.810618 12.700000 10.776307 9.158100 8.032185 7.620000 31.968790 31.456264 31.143101 31.035337 31.135105 31.440429 31.945416 39.408703 38.994088 38.741904 38.655330 38.735476 38.981315 39.389744 24.291097 24.016704 24.009372 24.269343 24.788209 
25.830975 44.524133 56.711387 67.315233 7.620000 8.032185 9.158100 10.776307 12.700000 14.810618 17.038838 0.000000 2.540000 5.080000 7.620000 10.160000 12.700000 15.240000 24.608861 25.505064 26.614351 27.911329 29.371145 30.970779 32.689713 31.945416 32.640800 33.514732 34.553666 35.743219 37.068891 38.516632 40.870407 40.229656 39.741207 39.410722 39.242192 
27.187976 45.324885 54.386838 65.368856 8.032185 7.620000 8.032185 9.158100 10.776307 12.700000 14.810618 2.540000 0.000000 2.540000 5.080000 7.620000 10.160000 12.700000 23.949677 24.608861 25.505064 26.614351 27.911329 29.371145 30.970779 31.440429 31.945416 32.640800 33.514732 34.553666 35.743219 37.068891 38.439661 37.757683 37.236822 36.883904 36.703774 
28.706028 46.251435 52.082417 63.464457 9.158100 8.032185 7.620000 8.032185 9.158100 10.776307 12.700000 5.080000 2.540000 0.000000 2.540000 5.080000 7.620000 10.160000 23.547425 23.949677 24.608861 25.505064 26.614351 27.911329 29.371145 31.135105 31.440429 31.945416 32.640800 33.514732 34.553666 35.743219 36.023994 35.295371 34.737609 34.359030 34.165592 
30.360982 47.296389 49.800917 61.605929 10.776307 9.158100 8.032185 7.620000 8.032185 9.158100 10.776307 7.620000 5.080000 2.540000 0.000000 2.540000 5.080000 7.620000 23.415350 23.547425 23.949677 24.608861 25.505064 26.614351 27.911329 31.035337 31.135105 31.440429 31.945416 32.640800 33.514732 34.553666 33.626655 32.844893 32.244772 31.836564 31.627701 
32.131692 48.452088 47.545638 59.797549 12.700000 10.776307 9.158100 8.032185 7.620000 8.032185 9.158100 10.160000 7.620000 5.080000 2.540000 0.000000 2.540000 5.080000 23.557996 23.415350 23.547425 23.949677 24.608861 25.505064 26.614351 31.143101 31.035337 31.135105 31.440429 31.945416 32.640800 33.514732 31.251863 30.409111 29.759911 29.317124 29.090178 
34.000077 49.710807 45.320495 58.044005 14.810618 12.700000 10.776307 9.158100 8.032185 7.620000 8.032185 12.700000 10.160000 7.620000 5.080000 2.540000 0.000000 2.540000 23.970461 23.557996 23.415350 23.547425 23.949677 24.608861 25.505064 31.456264 31.143101 31.035337 31.135105 31.440429 31.945416 32.640800 28.905175 27.991860 27.285207 26.801567 26.553129 
35.950911 51.064931 43.130153 56.350415 17.038838 14.810618 12.700000 10.776307 9.158100 8.032185 7.620000 15.240000 12.700000 10.160000 7.620000 5.080000 2.540000 0.000000 24.639196 23.970461 23.557996 23.415350 23.547425 23.949677 24.608861 31.968790 31.456264 31.143101 31.035337 31.135105 31.440429 31.945416 26.594032 25.598391 24.823696 24.291097 24.016704 
50.162582 28.061629 63.882692 48.499162 31.945416 31.440429 31.135105 31.035337 31.143101 31.456264 31.968790 24.608861 23.949677 23.547425 23.415350 23.557996 23.970461 24.639196 0.000000 2.540000 5.080000 7.620000 10.160000 12.700000 15.240000 7.620000 8.032185 9.158100 10.776307 12.700000 14.810618 17.038838 47.123751 45.273980 43.493928 41.792506 40.179703 
51.251264 29.964352 62.138601 46.177658 32.640800 31.945416 31.440429 31.135105 31.035337 31.143101 31.456264 25.505064 24.608861 23.949677 23.547425 23.415350 23.557996 23.970461 2.540000 0.000000 2.540000 5.080000 7.620000 10.160000 12.700000 8.032185 7.620000 8.032185 9.158100 10.776307 12.700000 14.810618 45.456858 43.536321 41.682128 39.903528 38.211079 
52.440468 31.955798 60.450942 43.880368 33.514732 32.640800 31.945416 31.440429 31.135105 31.035337 31.143101 26.614351 25.505064 24.608861 23.949677 23.547425 23.415350 23.557996 5.080000 2.540000 0.000000 2.540000 5.080000 7.620000 10.160000 9.158100 8.032185 7.620000 8.032185 9.158100 10.776307 12.700000 43.873763 41.880693 39.949731 38.090324 36.313465 
53.723519 34.020388 58.824571 41.611303 34.553666 33.514732 32.640800 31.945416 31.440429 31.135105 31.035337 27.911329 26.614351 25.505064 24.608861 23.949677 23.547425 23.415350 7.620000 5.080000 2.540000 0.000000 2.540000 5.080000 7.620000 10.776307 9.158100 8.032185 7.620000 8.032185 9.158100 10.776307 42.383859 40.317204 38.307512 36.364230 34.498582 
55.093860 36.145592 57.264711 39.375342 35.743219 34.553666 33.514732 32.640800 31.945416 31.440429 31.135105 29.371145 27.911329 26.614351 25.505064 24.608861 23.949677 23.547425 10.160000 7.620000 5.080000 2.540000 0.000000 2.540000 5.080000 12.700000 10.776307 9.158100 8.032185 7.620000 8.032185 9.158100 40.997307 38.856975 36.767555 34.738233 32.780174 
56.545147 38.321326 55.776943 37.178458 37.068891 35.743219 34.553666 33.514732 32.640800 31.945416 31.440429 30.970779 29.371145 27.911329 26.614351 25.505064 24.608861 23.949677 12.700000 10.160000 7.620000 5.080000 2.540000 0.000000 2.540000 14.810618 12.700000 10.776307 9.158100 8.032185 7.620000 8.032185 39.724929 37.512069 35.343230 33.227032 31.174198 
58.071310 40.539455 54.367185 35.028005 38.516632 37.068891 35.743219 34.553666 33.514732 32.640800 31.945416 32.689713 30.970779 29.371145 27.911329 26.614351 25.505064 24.608861 15.240000 12.700000 10.160000 7.620000 5.080000 2.540000 0.000000 17.038838 14.810618 12.700000 10.776307 9.158100 8.032185 7.620000 38.578025 36.295308 34.049052 31.846973 29.698900 
57.204205 23.513644 69.548794 46.017444 39.389744 38.981315 38.735476 38.655330 38.741904 38.994088 39.408703 31.945416 31.440429 31.135105 31.035337 31.143101 31.456264 31.968790 7.620000 8.032185 9.158100 10.776307 12.700000 14.810618 17.038838 0.000000 2.540000 5.080000 7.620000 10.160000 12.700000 15.240000 53.017082 51.001831 49.035352 47.123751 45.273980 
58.161228 25.754589 67.950292 43.563890 39.955778 39.389744 38.981315 38.735476 38.655330 38.741904 38.994088 32.640800 31.945416 31.440429 31.135105 31.035337 31.143101 31.456264 8.032185 7.620000 8.032185 9.158100 10.776307 12.700000 14.810618 2.540000 0.000000 2.540000 5.080000 7.620000 10.160000 12.700000 51.541139 49.465794 47.435680 45.456858 43.536321 
59.211815 28.046558 66.410487 41.120836 40.672836 39.955778 39.389744 38.981315 38.735476 38.655330 38.741904 33.514732 32.640800 31.945416 31.440429 31.135105 31.035337 31.143101 9.158100 8.032185 7.620000 8.032185 9.158100 10.776307 12.700000 5.080000 2.540000 0.000000 2.540000 5.080000 7.620000 10.160000 50.150476 48.015060 45.920855 43.873763 41.880693 
60.351080 30.378006 64.933555 38.690269 41.533098 40.672836 39.955778 39.389744 38.981315 38.735476 38.655330 34.553666 33.514732 32.640800 31.945416 31.440429 31.135105 31.035337 10.776307 9.158100 8.032185 7.620000 8.032185 9.158100 10.776307 7.620000 5.080000 2.540000 0.000000 2.540000 5.080000 7.620000 48.852376 46.657587 44.499544 42.383859 40.317204 
61.574101 32.740499 63.523882 36.274701 42.527874 41.533098 40.672836 39.955778 39.389744 38.981315 38.735476 35.743219 34.553666 33.514732 32.640800 31.945416 31.440429 31.135105 12.700000 10.776307 9.158100 8.032185 7.620000 8.032185 9.158100 10.160000 7.620000 5.080000 2.540000 0.000000 2.540000 5.080000 47.654405 45.401740 43.180980 40.997307 38.856975 
62.875990 35.127773 62.186042 33.877340 43.647967 42.527874 41.533098 40.672836 39.955778 39.389744 38.981315 37.068891 35.743219 34.553666 33.514732 32.640800 31.945416 31.440429 14.810618 12.700000 10.776307 9.158100 8.032185 7.620000 8.032185 12.700000 10.160000 7.620000 5.080000 2.540000 0.000000 2.540000 46.564290 44.256173 41.974847 39.724929 37.512069 
64.251953 37.535102 60.924767 31.502342 44.883998 43.647967 42.527874 41.533098 40.672836 39.955778 39.389744 38.516632 37.068891 35.743219 34.553666 33.514732 32.640800 31.945416 17.038838 14.810618 12.700000 10.776307 9.158100 8.032185 7.620000 15.240000 12.700000 10.160000 7.620000 5.080000 2.540000 0.000000 45.589770 43.229653 40.891097 38.578025 36.295308 
53.236570 75.127908 16.868950 55.629414 39.410722 36.883904 34.359030 31.836564 29.317124 26.801567 24.291097 40.870407 38.439661 36.023994 33.626655 31.251863 28.905175 26.594032 47.123751 45.456858 43.873763 42.383859 40.997307 39.724929 38.578025 53.017082 51.541139 50.150476 48.852376 47.654405 46.564290 45.589770 0.000000 2.540000 5.080000 7.620000 10.160000 
53.813335 73.319474 18.609250 53.161776 39.242192 36.703774 34.165592 31.627701 29.090178 26.553129 24.016704 40.229656 37.757683 35.295371 32.844893 30.409111 27.991860 25.598391 45.273980 43.536321 41.880693 40.317204 38.856975 37.512069 36.295308 51.001831 49.465794 48.015060 46.657587 45.401740 44.256173 43.229653 2.540000 0.000000 2.540000 5.080000 7.620000 
54.502486 71.555511 20.517068 50.701285 39.237705 36.698977 34.160438 31.622134 29.084125 26.546498 24.009372 39.741207 37.236822 34.737609 32.244772 29.759911 27.285207 24.823696 43.493928 41.682128 39.949731 38.307512 36.767555 35.343230 34.049052 49.035352 47.435680 45.920855 44.499544 43.180980 41.974847 40.891097 5.080000 2.540000 0.000000 2.540000 5.080000 
55.299820 69.839389 22.549927 48.249035 39.397317 36.869581 34.343655 31.819969 29.299103 26.781852 24.269343 39.410722 36.883904 34.359030 31.836564 29.317124 26.801567 24.291097 41.792506 39.903528 38.090324 36.364230 34.738233 33.227032 31.846973 47.123751 45.456858 43.873763 42.383859 40.997307 39.724929 38.578025 7.620000 5.080000 2.540000 0.000000 2.540000 
56.200733 68.174721 24.676943 45.806350 39.719049 37.213174 34.712258 32.217459 29.730316 27.252924 24.788209 39.242192 36.703774 34.165592 31.627701 29.090178 26.553129 24.016704 40.179703 38.211079 36.313465 34.498582 32.780174 31.174198 29.698900 45.273980 43.536321 41.880693 40.317204 38.856975 37.512069 36.295308 10.160000 7.620000 5.080000 2.540000 0.000000 
