50
# Circuit board instance
Size: large
Nodes: 50
0.000000 140.000000 140.000000 197.989899 99.053419 101.060674 103.091431 105.144327 107.218092 144.072485 145.148184 146.260087 147.407374 148.589226 149.804824 151.053354 151.034215 152.060674 153.122390 154.218634 155.348676 156.511784 157.707225 129.556742 130.930739 132.339225 133.781111 135.255330 136.760835 138.296605 136.060150 137.369114 138.712240 140.088547 141.497065 142.936843 144.406946 141.617203 142.245296 142.881916 143.526950 146.063509 146.672563 147.290049 147.915861 101.107600 103.223711 105.358557 107.511021 109.680067 
140.000000 0.000000 197.989899 140.000000 87.334609 85.544223 83.792585 82.082177 80.415629 60.645055 63.158033 65.673091 68.189997 70.708556 73.228595 75.749968 59.988964 62.528316 65.067718 67.607166 70.146653 72.686177 75.225732 75.594072 77.925430 80.269451 82.625057 84.991285 87.367272 89.752244 72.857936 75.274084 77.698133 80.129365 82.567147 85.010914 87.460164 71.521948 72.757687 73.994586 75.232588 70.513159 71.766271 73.019965 74.274214 79.661457 77.891819 76.165783 74.486380 72.856833 
140.000000 197.989899 0.000000 140.000000 110.659361 112.459657 114.288047 116.143205 118.023869 153.507126 152.198397 150.921072 149.675952 148.463850 147.285580 146.141961 160.059023 158.804299 157.580529 156.388439 155.228760 154.102223 153.009561 130.434988 129.073603 127.748218 126.459964 125.209987 123.999446 122.829506 136.896681 135.600185 134.339206 133.114753 131.927844 130.779501 129.670747 142.052817 141.427348 140.810555 140.202553 146.485901 145.879441 145.281551 144.692337 118.329082 120.142247 121.981353 123.845245 125.732820 
197.989899 140.000000 140.000000 0.000000 100.305775 98.750841 97.237399 95.767418 94.342927 80.531854 78.008294 75.485837 72.964598 70.444706 67.926313 65.409590 80.038944 77.499336 74.959755 72.420202 69.880683 67.341199 64.801756 77.089561 74.763021 72.450821 70.154378 67.875292 65.615372 63.376667 74.408437 71.995308 69.591210 67.197112 64.814122 62.443511 60.086746 72.380657 71.145284 69.911152 68.678328 71.384004 70.131077 68.878776 67.627134 100.622923 99.227821 97.878759 96.577667 95.326508 
99.053419 87.334609 110.659361 100.305775 0.000000 2.540000 5.080000 7.620000 10.160000 53.212493 53.209418 53.327460 53.565820 53.922901 54.396367 54.983210 60.830397 60.827706 60.930992 61.139715 61.452804 61.868672 62.385264 32.699512 33.402472 34.279665 35.318110 36.504049 37.823610 39.263324 40.137113 40.711852 41.434589 42.297738 43.292902 44.411206 45.643601 46.297625 46.540747 46.817069 47.126007 51.304286 51.523788 51.773522 52.053052 7.721275 9.837553 12.117755 14.484673 16.901914 
101.060674 85.544223 112.459657 98.750841 2.540000 0.000000 2.540000 5.080000 7.620000 50.673332 50.670102 50.794046 51.044238 51.418834 51.915141 52.529711 58.291035 58.288227 58.396004 58.613756 58.940263 59.373732 59.911841 30.240501 30.999274 31.942531 33.054482 34.318733 35.719117 37.240279 37.649808 38.261928 39.030058 39.945199 40.997507 42.176717 43.472503 43.800629 44.057532 44.349328 44.675335 48.799061 49.029780 49.292151 49.585671 5.946591 7.721275 9.837553 12.117755 14.484673 
103.091431 83.792585 114.288047 97.237399 5.080000 2.540000 0.000000 2.540000 5.080000 48.134260 48.130859 48.261325 48.524577 48.918471 49.439885 50.084837 55.751731 55.748795 55.861472 56.089064 56.430181 56.882781 57.444229 27.796059 28.619713 29.638797 30.833939 32.185532 33.674743 35.284152 35.170036 35.824552 36.643810 37.617048 38.732661 39.978730 41.343463 41.308877 41.581177 41.890227 42.235219 46.297625 46.540747 46.817069 47.126007 4.899897 5.946591 7.721275 9.837553 12.117755 
105.144327 82.082177 116.143205 95.767418 7.620000 5.080000 2.540000 0.000000 2.540000 45.595290 45.591701 45.729411 46.007152 46.422412 46.971542 47.649916 53.212493 53.209418 53.327460 53.565820 53.922901 54.396367 54.983210 25.370399 26.270215 27.376897 28.666496 30.115522 31.702122 33.406700 32.699512 33.402472 34.279665 35.318110 36.504049 37.823610 39.263324 38.823378 39.112986 39.441381 39.807602 43.800629 44.057532 44.349328 44.675335 5.055615 4.899897 5.946591 7.721275 9.837553 
107.218092 80.415629 118.023869 94.342927 10.160000 7.620000 5.080000 2.540000 0.000000 43.056442 43.052641 43.198446 43.492354 43.931391 44.511263 45.226554 50.673332 50.670102 50.794046 51.044238 51.418834 51.915141 52.529711 22.969470 23.959625 25.168113 26.565154 28.122661 29.815499 31.621939 30.240501 30.999274 31.942531 33.054482 34.318733 35.719117 37.240279 36.345416 36.654608 37.004825 37.394916 41.308877 41.581177 41.890227 42.235219 6.325558 5.055615 4.899897 5.946591 7.721275 
144.072485 60.645055 153.507126 80.531854 53.212493 50.673332 48.134260 45.595290 43.056442 0.000000 2.540000 5.080000 7.620000 10.160000 12.700000 15.240000 7.620000 8.032185 9.158100 10.776307 12.700000 14.810618 17.038838 23.352697 24.466191 25.782624 27.272626 28.909371 30.669375 32.532639 16.624526 18.155464 19.893971 21.790423 23.807103 25.915960 28.096245 12.257426 13.274222 14.331478 15.420874 9.921452 11.153282 12.392820 13.637965 47.278403 44.745640 42.213747 39.682890 37.153280 
145.148184 63.158033 152.198397 78.008294 53.209418 50.670102 48.130859 45.591701 43.052641 2.540000 0.000000 2.540000 5.080000 7.620000 10.160000 12.700000 8.032185 7.620000 8.032185 9.158100 10.776307 12.700000 14.810618 22.472331 23.352697 24.466191 25.782624 27.272626 28.909371 30.669375 15.363334 16.624526 18.155464 19.893971 21.790423 23.807103 25.915960 10.392349 11.292024 12.257426 13.274222 7.496107 8.700604 9.921452 11.153282 47.532349 45.013877 42.497967 39.985104 37.475899 
146.260087 65.673091 150.921072 75.485837 53.327460 50.794046 48.261325 45.729411 43.198446 5.080000 2.540000 0.000000 2.540000 5.080000 7.620000 10.160000 9.158100 8.032185 7.620000 8.032185 9.158100 10.776307 12.700000 21.853284 22.472331 23.352697 24.466191 25.782624 27.272626 28.909371 14.442728 15.363334 16.624526 18.155464 19.893971 21.790423 23.807103 8.869077 9.576942 10.392349 11.292024 5.181818 6.317320 7.496107 8.700604 47.919769 45.422782 42.930843 40.444883 37.966077 
147.407374 68.189997 149.675952 72.964598 53.565820 51.044238 48.524577 46.007152 43.492354 7.620000 5.080000 2.540000 0.000000 2.540000 5.080000 7.620000 10.776307 9.158100 8.032185 7.620000 8.032185 9.158100 10.776307 21.518123 21.853284 22.472331 23.352697 24.466191 25.782624 27.272626 13.930398 14.442728 15.363334 16.624526 18.155464 19.893971 21.790423 7.888178 8.296327 8.869077 9.576942 3.227082 4.125500 5.181818 6.317320 48.437459 45.968602 43.507935 41.056933 38.617434 
148.589226 70.708556 148.463850 70.444706 53.922901 51.418834 48.918471 46.422412 43.931391 10.160000 7.620000 5.080000 2.540000 0.000000 2.540000 5.080000 12.700000 10.776307 9.158100 8.032185 7.620000 8.032185 9.158100 21.480139 21.518123 21.853284 22.472331 23.352697 24.466191 25.782624 13.871653 13.930398 14.442728 15.363334 16.624526 18.155464 19.893971 7.660899 7.670949 7.888178 8.296327 2.622990 2.652201 3.227082 4.125500 49.081299 46.646530 44.223601 41.814569 39.421982 
149.804824 73.228595 147.285580 67.926313 54.396367 51.915141 49.439885 46.971542 44.511263 12.700000 10.160000 7.620000 5.080000 2.540000 0.000000 2.540000 14.810618 12.700000 10.776307 9.158100 8.032185 7.620000 8.032185 21.740891 21.480139 21.518123 21.853284 22.472331 23.352697 24.466191 14.272096 13.871653 13.930398 14.442728 15.363334 16.624526 18.155464 8.249763 7.858822 7.660899 7.670949 4.031042 3.154645 2.622990 2.652201 49.846399 47.450905 45.071238 42.710043 40.370562 
151.053354 75.749968 146.141961 65.409590 54.983210 52.529711 50.084837 47.649916 45.226554 15.240000 12.700000 10.160000 7.620000 5.080000 2.540000 0.000000 17.038838 14.810618 12.700000 10.776307 9.158100 8.032185 7.620000 22.289898 21.740891 21.480139 21.518123 21.853284 22.472331 23.352697 15.095228 14.272096 13.871653 13.930398 14.442728 15.363334 16.624526 9.504262 8.808059 8.249763 7.858822 6.206586 5.076673 4.031042 3.154645 50.727274 48.375419 46.043558 43.734890 41.453288 
151.034215 59.988964 160.059023 80.038944 60.830397 58.291035 55.751731 53.212493 50.673332 7.620000 8.032185 9.158100 10.776307 12.700000 14.810618 17.038838 0.000000 2.540000 5.080000 7.620000 10.160000 12.700000 15.240000 30.503293 31.363943 32.401329 33.599086 34.940724 36.410342 37.993092 23.352697 24.466191 25.782624 27.272626 28.909371 30.669375 32.532639 18.020334 18.726797 19.490490 20.304957 13.982272 14.881681 15.831952 16.824471 54.880706 52.346034 49.811904 47.278403 44.745640 
152.060674 62.528316 158.804299 77.499336 60.827706 58.288227 55.748795 53.209418 50.670102 8.032185 7.620000 8.032185 9.158100 10.776307 12.700000 14.810618 2.540000 0.000000 2.540000 5.080000 7.620000 10.160000 12.700000 29.834679 30.503293 31.363943 32.401329 33.599086 34.940724 36.410342 22.472331 23.352697 24.466191 25.782624 27.272626 28.909371 30.669375 16.807404 17.378082 18.020334 18.726797 12.379837 13.144172 13.982272 14.881681 55.099626 52.575508 50.052997 47.532349 45.013877 
153.122390 65.067718 157.580529 74.959755 60.930992 58.396004 55.861472 53.327460 50.794046 9.158100 8.032185 7.620000 8.032185 9.158100 10.776307 12.700000 5.080000 2.540000 0.000000 2.540000 5.080000 7.620000 10.160000 29.371218 29.834679 30.503293 31.363943 32.401329 33.599086 34.940724 21.853284 22.472331 23.352697 24.466191 25.782624 27.272626 28.909371 15.910640 16.315813 16.807404 17.378082 11.131935 11.703729 12.379837 13.144172 55.434184 52.926024 50.421053 47.919769 45.422782 
154.218634 67.607166 156.388439 72.420202 61.139715 58.613756 56.089064 53.565820 51.044238 10.776307 9.158100 8.032185 7.620000 8.032185 9.158100 10.776307 7.620000 5.080000 2.540000 0.000000 2.540000 5.080000 7.620000 29.122706 29.371218 29.834679 30.503293 31.363943 32.401329 33.599086 21.518123 21.853284 22.472331 23.352697 24.466191 25.782624 27.272626 15.385424 15.598621 15.910640 16.315813 10.367391 10.681221 11.131935 11.703729 55.882305 53.395199 50.913316 48.437459 45.968602 
155.348676 70.146653 155.228760 69.880683 61.452804 58.940263 56.430181 53.922901 51.418834 12.700000 10.776307 9.158100 8.032185 7.620000 8.032185 9.158100 10.160000 7.620000 5.080000 2.540000 0.000000 2.540000 5.080000 29.094652 29.122706 29.371218 29.834679 30.503293 31.363943 32.401329 21.480139 21.518123 21.853284 22.472331 23.352697 24.466191 25.782624 15.270144 15.275189 15.385424 15.598621 10.195529 10.203083 10.367391 10.681221 56.441283 53.979938 51.526228 49.081299 46.646530 
156.511784 72.686177 154.102223 67.341199 61.868672 59.373732 56.882781 54.396367 51.915141 14.810618 12.700000 10.776307 9.158100 8.032185 7.620000 8.032185 12.700000 10.160000 7.620000 5.080000 2.540000 0.000000 2.540000 29.287690 29.094652 29.122706 29.371218 29.834679 30.503293 31.363943 21.740891 21.480139 21.518123 21.853284 22.472331 23.352697 24.466191 15.573905 15.370394 15.270144 15.275189 10.645094 10.345072 10.195529 10.203083 57.107863 54.676533 52.255543 49.846399 47.450905 
157.707225 75.225732 153.009561 64.801756 62.385264 59.911841 57.444229 54.983210 52.529711 17.038838 14.810618 12.700000 10.776307 9.158100 8.032185 7.620000 15.240000 12.700000 10.160000 7.620000 5.080000 2.540000 0.000000 29.697507 29.287690 29.094652 29.122706 29.371218 29.834679 30.503293 22.289898 21.740891 21.480139 21.518123 21.853284 22.472331 23.352697 16.273258 15.876707 15.573905 15.370394 11.644331 11.083381 10.645094 10.345072 57.878327 55.480772 53.096465 50.727274 48.375419 
129.556742 75.594072 130.434988 77.089561 32.699512 30.240501 27.796059 25.370399 22.969470 23.352697 22.472331 21.853284 21.518123 21.480139 21.740891 22.289898 30.503293 29.834679 29.371218 29.122706 29.094652 29.287690 29.697507 0.000000 2.540000 5.080000 7.620000 10.160000 12.700000 15.240000 7.620000 8.032185 9.158100 10.776307 12.700000 14.810618 17.038838 13.824912 13.917309 14.123759 14.439371 18.903551 18.971229 19.123196 19.357466 28.650898 26.397187 24.200253 22.077052 20.051020 
130.930739 77.925430 129.073603 74.763021 33.402472 30.999274 28.619713 26.270215 23.959625 24.466191 23.352697 22.472331 21.853284 21.518123 21.480139 21.740891 31.363943 30.503293 29.834679 29.371218 29.122706 29.094652 29.287690 2.540000 0.000000 2.540000 5.080000 7.620000 10.160000 12.700000 8.032185 7.620000 8.032185 9.158100 10.776307 12.700000 14.810618 13.988532 13.848853 13.824912 13.917309 19.023541 18.921067 18.903551 18.971229 29.862102 27.707088 25.622714 23.627684 21.746601 
132.339225 80.269451 127.748218 72.450821 34.279665 31.942531 29.638797 27.376897 25.168113 25.782624 24.466191 23.352697 22.472331 21.853284 21.518123 21.480139 32.401329 31.363943 30.503293 29.834679 29.371218 29.122706 29.094652 5.080000 2.540000 0.000000 2.540000 5.080000 7.620000 10.160000 9.158100 8.032185 7.620000 8.032185 9.158100 10.776307 12.700000 14.599078 14.240546 13.988532 13.848853 19.476887 19.209613 19.023541 18.921067 31.233309 29.179739 27.208416 25.338546 23.594259 
133.781111 82.625057 126.459964 70.154378 35.318110 33.054482 30.833939 28.666496 26.565154 27.272626 25.782624 24.466191 23.352697 22.472331 21.853284 21.518123 33.599086 32.401329 31.363943 30.503293 29.834679 29.371218 29.122706 7.620000 5.080000 2.540000 0.000000 2.540000 5.080000 7.620000 10.776307 9.158100 8.032185 7.620000 8.032185 9.158100 10.776307 15.604176 15.056520 14.599078 14.240546 20.241205 19.822080 19.476887 19.209613 32.744423 30.791797 28.930530 27.179395 25.561039 
135.255330 84.991285 125.209987 67.875292 36.504049 34.318733 32.185532 30.115522 28.122661 28.909371 27.272626 25.782624 24.466191 23.352697 22.472331 21.853284 34.940724 33.599086 32.401329 31.363943 30.503293 29.834679 29.371218 10.160000 7.620000 5.080000 2.540000 0.000000 2.540000 5.080000 12.700000 10.776307 9.158100 8.032185 7.620000 8.032185 9.158100 16.933717 16.232918 15.604176 15.056520 21.283017 20.729778 20.241205 19.822080 34.376999 32.522540 30.766157 29.125596 27.621505 
136.760835 87.367272 123.999446 65.615372 37.823610 35.719117 33.674743 31.702122 29.815499 30.669375 28.909371 27.272626 25.782624 24.466191 23.352697 22.472331 36.410342 34.940724 33.599086 32.401329 31.363943 30.503293 29.834679 12.700000 10.160000 7.620000 5.080000 2.540000 0.000000 2.540000 14.810618 12.700000 10.776307 9.158100 8.032185 7.620000 8.032185 18.517948 17.698014 16.933717 16.232918 22.563919 21.896021 21.283017 20.729778 36.114569 34.354034 32.696184 31.157413 29.756202 
138.296605 89.752244 122.829506 63.376667 39.263324 37.240279 35.284152 33.406700 31.621939 32.532639 30.669375 28.909371 27.272626 25.782624 24.466191 23.352697 37.993092 36.410342 34.940724 33.599086 32.401329 31.363943 30.503293 15.240000 12.700000 10.160000 7.620000 5.080000 2.540000 0.000000 17.038838 14.810618 12.700000 10.776307 9.158100 8.032185 7.620000 20.297321 19.386462 18.517948 17.698014 24.045734 23.281988 22.563919 21.896021 37.942711 36.271020 34.704865 33.259158 31.950255 
136.060150 72.857936 136.896681 74.408437 40.137113 37.649808 35.170036 32.699512 30.240501 16.624526 15.363334 14.442728 13.930398 13.871653 14.272096 15.095228 23.352697 22.472331 21.853284 21.518123 21.480139 21.740891 22.289898 7.620000 8.032185 9.158100 10.776307 12.700000 14.810618 17.038838 0.000000 2.540000 5.080000 7.620000 10.160000 12.700000 15.240000 6.211128 6.414156 6.850582 7.479663 11.286052 11.399046 11.650207 12.030886 35.643799 33.282253 30.948983 28.650898 26.397187 
137.369114 75.274084 135.600185 71.995308 40.711852 38.261928 35.824552 33.402472 30.999274 18.155464 16.624526 15.363334 14.442728 13.930398 13.871653 14.272096 24.466191 23.352697 22.472331 21.853284 21.518123 21.480139 21.740891 8.032185 7.620000 8.032185 9.158100 10.776307 12.700000 14.810618 2.540000 0.000000 2.540000 5.080000 7.620000 10.160000 12.700000 6.567264 6.264235 6.211128 6.414156 11.485896 11.315365 11.286052 11.399046 36.624468 34.330447 32.073522 29.862102 27.707088 
138.712240 77.698133 134.339206 69.591210 41.434589 39.030058 36.643810 34.279665 31.942531 19.893971 18.155464 16.624526 15.363334 14.442728 13.930398 13.871653 25.782624 24.466191 23.352697 22.472331 21.853284 21.518123 21.480139 9.158100 8.032185 7.620000 8.032185 9.158100 10.776307 12.700000 5.080000 2.540000 0.000000 2.540000 5.080000 7.620000 10.160000 7.783508 7.088235 6.567264 6.264235 12.222105 11.791520 11.485896 11.315365 37.750842 35.529622 33.353939 31.233309 29.179739 
140.088547 80.129365 133.114753 67.197112 42.297738 39.945199 37.617048 35.318110 33.054482 21.790423 19.893971 18.155464 16.624526 15.363334 14.442728 13.930398 27.272626 25.782624 24.466191 23.352697 22.472331 21.853284 21.518123 10.776307 9.158100 8.032185 7.620000 8.032185 9.158100 10.776307 7.620000 5.080000 2.540000 0.000000 2.540000 5.080000 7.620000 9.536259 8.610965 7.783508 7.088235 13.406606 12.765014 12.222105 11.791520 39.010303 36.865047 34.773019 32.744423 30.791797 
141.497065 82.567147 131.927844 64.814122 43.292902 40.997507 38.732661 36.504049 34.318733 23.807103 21.790423 19.893971 18.155464 16.624526 15.363334 14.442728 28.909371 27.272626 25.782624 24.466191 23.352697 22.472331 21.853284 12.700000 10.776307 9.158100 8.032185 7.620000 8.032185 9.158100 10.160000 7.620000 5.080000 2.540000 0.000000 2.540000 5.080000 11.584502 10.533639 9.536259 8.610965 14.933102 14.133450 13.406606 12.765014 40.390402 38.322480 36.314511 34.376999 32.522540 
142.936843 85.010914 130.779501 62.443511 44.411206 42.176717 39.978730 37.823610 35.719117 25.915960 23.807103 21.790423 19.893971 18.155464 16.624526 15.363334 30.669375 28.909371 27.272626 25.782624 24.466191 23.352697 22.472331 14.810618 12.700000 10.776307 9.158100 8.032185 7.620000 8.032185 12.700000 10.160000 7.620000 5.080000 2.540000 0.000000 2.540000 13.797258 12.675551 11.584502 10.533639 16.708117 15.794507 14.933102 14.133450 41.879214 39.888552 37.963505 36.114569 34.354034 
144.406946 87.460164 129.670747 60.086746 45.643601 43.472503 41.343463 39.263324 37.240279 28.096245 25.915960 23.807103 21.790423 19.893971 18.155464 16.624526 32.532639 30.669375 28.909371 27.272626 25.782624 24.466191 23.352697 17.038838 14.810618 12.700000 10.776307 9.158100 8.032185 7.620000 15.240000 12.700000 10.160000 7.620000 5.080000 2.540000 0.000000 16.106867 14.942719 13.797258 12.675551 18.660869 17.665834 16.708117 15.794507 43.465570 41.550978 39.706611 37.942711 36.271020 
141.617203 71.521948 142.052817 72.380657 46.297625 43.800629 41.308877 38.823378 36.345416 12.257426 10.392349 8.869077 7.888178 7.660899 8.249763 9.504262 18.020334 16.807404 15.910640 15.385424 15.270144 15.573905 16.273258 13.824912 13.988532 14.599078 15.604176 16.933717 18.517948 20.297321 6.211128 6.567264 7.783508 9.536259 11.584502 13.797258 16.106867 0.000000 1.270000 2.540000 3.810000 5.080000 5.236344 5.679613 6.350000 41.612541 39.208880 36.823528 34.460287 32.124037 
142.245296 72.757687 141.427348 71.145284 46.540747 44.057532 41.581177 39.112986 36.654608 13.274222 11.292024 9.576942 8.296327 7.670949 7.858822 8.808059 18.726797 17.378082 16.315813 15.598621 15.275189 15.370394 15.876707 13.917309 13.848853 14.240546 15.056520 16.232918 17.698014 19.386462 6.414156 6.264235 7.088235 8.610965 10.533639 12.675551 14.942719 1.270000 0.000000 1.270000 2.540000 5.236344 5.080000 5.236344 5.679613 42.028284 39.649835 37.292698 34.961185 32.660784 
142.881916 73.994586 140.810555 69.911152 46.817069 44.349328 41.890227 39.441381 37.004825 14.331478 12.257426 10.392349 8.869077 7.888178 7.660899 8.249763 19.490490 18.020334 16.807404 15.910640 15.385424 15.270144 15.573905 14.123759 13.824912 13.988532 14.599078 15.604176 16.933717 18.517948 6.850582 6.211128 6.567264 7.783508 9.536259 11.584502 13.797258 2.540000 1.270000 0.000000 1.270000 5.679613 5.236344 5.080000 5.236344 42.477942 40.126155 37.798733 35.500470 33.237414 
143.526950 75.232588 140.202553 68.678328 47.126007 44.675335 42.235219 39.807602 37.394916 15.420874 13.274222 11.292024 9.576942 8.296327 7.670949 7.858822 20.304957 18.726797 17.378082 16.315813 15.598621 15.275189 15.370394 14.439371 13.917309 13.848853 14.240546 15.056520 16.232918 17.698014 7.479663 6.414156 6.264235 7.088235 8.610965 10.533639 12.675551 3.810000 2.540000 1.270000 0.000000 6.350000 5.679613 5.236344 5.080000 42.960450 40.636597 38.340174 36.076420 33.851889 
146.063509 70.513159 146.485901 71.384004 51.304286 48.799061 46.297625 43.800629 41.308877 9.921452 7.496107 5.181818 3.227082 2.622990 4.031042 6.206586 13.982272 12.379837 11.131935 10.367391 10.195529 10.645094 11.644331 18.903551 19.023541 19.476887 20.241205 21.283017 22.563919 24.045734 11.286052 11.485896 12.222105 13.406606 14.933102 16.708117 18.660869 5.080000 5.236344 5.679613 6.350000 0.000000 1.270000 2.540000 3.810000 46.463402 44.031512 41.612541 39.208880 36.823528 
146.672563 71.766271 145.879441 70.131077 51.523788 49.029780 46.540747 44.057532 41.581177 11.153282 8.700604 6.317320 4.125500 2.652201 3.154645 5.076673 14.881681 13.144172 11.703729 10.681221 10.203083 10.345072 11.083381 18.971229 18.921067 19.209613 19.822080 20.729778 21.896021 23.281988 11.399046 11.315365 11.791520 12.765014 14.133450 15.794507 17.665834 5.236344 5.080000 5.236344 5.679613 1.270000 0.000000 1.270000 2.540000 46.836105 44.424623 42.028284 39.649835 37.292698 
147.290049 73.019965 145.281551 68.878776 51.773522 49.292151 46.817069 44.349328 41.890227 12.392820 9.921452 7.496107 5.181818 3.227082 2.622990 4.031042 15.831952 13.982272 12.379837 11.131935 10.367391 10.195529 10.645094 19.123196 18.903551 19.023541 19.476887 20.241205 21.283017 22.563919 11.650207 11.286052 11.485896 12.222105 13.406606 14.933102 16.708117 5.679613 5.236344 5.080000 5.236344 2.540000 1.270000 0.000000 1.270000 47.240022 44.850262 42.477942 40.126155 37.798733 
147.915861 74.274214 144.692337 67.627134 52.053052 49.585671 47.126007 44.675335 42.235219 13.637965 11.153282 8.700604 6.317320 4.125500 2.652201 3.154645 16.824471 14.881681 13.144172 11.703729 10.681221 10.203083 10.345072 19.357466 18.971229 18.921067 19.209613 19.822080 20.729778 21.896021 12.030886 11.399046 11.315365 11.791520 12.765014 14.133450 15.794507 6.350000 5.679613 5.236344 5.080000 3.810000 2.540000 1.270000 0.000000 47.674358 45.307513 42.960450 40.636597 38.340174 
101.107600 79.661457 118.329082 100.622923 7.721275 5.946591 4.899897 5.055615 6.325558 47.278403 47.532349 47.919769 48.437459 49.081299 49.846399 50.727274 54.880706 55.099626 55.434184 55.882305 56.441283 57.107863 57.878327 28.650898 29.862102 31.233309 32.744423 34.376999 36.114569 37.942711 35.643799 36.624468 37.750842 39.010303 40.390402 41.879214 43.465570 41.612541 42.028284 42.477942 42.960450 46.463402 46.836105 47.240022 47.674358 0.000000 2.540000 5.080000 7.620000 10.160000 
103.223711 77.891819 120.142247 99.227821 9.837553 7.721275 5.946591 4.899897 5.055615 44.745640 45.013877 45.422782 45.968602 46.646530 47.450905 48.375419 52.346034 52.575508 52.926024 53.395199 53.979938 54.676533 55.480772 26.397187 27.707088 29.179739 30.791797 32.522540 34.354034 36.271020 33.282253 34.330447 35.529622 36.865047 38.322480 39.888552 41.550978 39.208880 39.649835 40.126155 40.636597 44.031512 44.424623 44.850262 45.307513 2.540000 0.000000 2.540000 5.080000 7.620000 
105.358557 76.165783 121.981353 97.878759 12.117755 9.837553 7.721275 5.946591 4.899897 42.213747 42.497967 42.930843 43.507935 44.223601 45.071238 46.043558 49.811904 50.052997 50.421053 50.913316 51.526228 52.255543 53.096465 24.200253 25.622714 27.208416 28.930530 30.766157 32.696184 34.704865 30.948983 32.073522 33.353939 34.773019 36.314511 37.963505 39.706611 36.823528 37.292698 37.798733 38.340174 41.612541 42.028284 42.477942 42.960450 5.080000 2.540000 0.000000 2.540000 5.080000 
107.511021 74.486380 123.845245 96.577667 14.484673 12.117755 9.837553 7.721275 5.946591 39.682890 39.985104 40.444883 41.056933 41.814569 42.710043 43.734890 47.278403 47.532349 47.919769 48.437459 49.081299 49.846399 50.727274 22.077052 23.627684 25.338546 27.179395 29.125596 31.157413 33.259158 28.650898 29.862102 31.233309 32.744423 34.376999 36.114569 37.942711 34.460287 34.961185 35.500470 36.076420 39.208880 39.649835 40.126155 40.636597 7.620000 5.080000 2.540000 0.000000 2.540000 
109.680067 72.856833 125.732820 95.326508 16.901914 14.484673 12.117755 9.837553 7.721275 37.153280 37.475899 37.966077 38.617434 39.421982 40.370562 41.453288 44.745640 45.013877 45.422782 45.968602 46.646530 47.450905 48.375419 20.051020 21.746601 23.594259 25.561039 27.621505 29.756202 31.950255 26.397187 27.707088 29.179739 30.791797 32.522540 34.354034 36.271020 32.124037 32.660784 33.237414 33.851889 36.823528 37.292698 37.798733 38.340174 10.160000 7.620000 5.080000 2.540000 0.000000 
