45
# Circuit board instance
Size: large
Nodes: 45
0.000000 115.000000 115.000000 162.634560 60.884183 61.873966 62.950732 64.110100 65.347673 66.659096 68.040098 68.016448 68.903853 69.872370 70.918674 72.039377 73.231062 74.490324 59.758111 61.539996 63.373604 65.254573 67.178927 96.731085 97.923086 99.117024 100.312831 98.609861 99.779420 100.951406 102.125736 93.852253 95.073342 96.345932 97.668009 99.037592 100.452737 101.911547 100.640630 101.780309 102.970042 104.208114 105.492822 106.822485 108.195445 
115.000000 0.000000 162.634560 115.000000 62.717046 63.678345 64.725101 65.853238 67.058649 68.337245 69.684998 55.679271 56.759889 57.931788 59.189546 60.527810 61.941363 63.425171 85.453483 83.272066 81.111525 78.973573 76.860094 121.893351 122.841430 123.795278 124.754761 118.560495 119.535011 120.515031 121.500421 54.625027 56.697342 58.806350 60.948242 63.119671 65.317690 67.539704 50.513213 52.747319 55.007980 57.292052 59.596844 61.920042 64.259650 
115.000000 162.634560 0.000000 115.000000 108.271995 106.113754 103.972765 101.850116 99.746978 97.664611 95.604373 112.437442 110.360691 108.303690 106.267584 104.253599 102.263041 100.297305 82.809361 84.104278 85.455088 86.859183 88.314023 41.443307 40.712107 40.007867 39.332035 45.656868 44.994194 44.357990 43.749410 108.997675 107.363812 105.765714 104.205027 102.683457 101.202767 99.764779 114.894665 113.345839 111.833257 110.358410 108.922832 107.528095 106.175808 
162.634560 115.000000 115.000000 0.000000 109.313169 107.175897 105.056556 102.956253 100.876179 98.817611 96.781920 105.433023 103.215436 101.013035 98.826836 96.657938 94.507532 92.376910 102.901196 101.096960 99.324911 97.586800 95.884475 84.962544 84.608285 84.271678 83.952934 80.107651 79.731824 79.374540 79.036049 77.821214 75.515802 73.225915 70.953055 68.698912 66.465392 64.254645 74.992215 72.597020 70.212005 67.838241 65.476955 63.129544 60.797618 
60.884183 62.717046 108.271995 109.313169 0.000000 2.540000 5.080000 7.620000 10.160000 12.700000 15.240000 7.620000 8.032185 9.158100 10.776307 12.700000 14.810618 17.038838 25.593902 24.167970 22.935495 21.929120 21.181096 71.825915 73.030569 74.237400 75.446305 70.368824 71.597997 72.828571 74.060477 33.972480 35.633862 37.394091 39.239868 41.159684 43.143656 45.183336 40.163807 41.578530 43.096637 44.707597 46.401741 48.170293 50.005358 
61.873966 63.678345 106.113754 107.175897 2.540000 0.000000 2.540000 5.080000 7.620000 10.160000 12.700000 8.032185 7.620000 8.032185 9.158100 10.776307 12.700000 14.810618 23.601638 22.047228 20.688800 19.567212 18.725073 69.423597 70.623552 71.825915 73.030569 67.914984 69.141126 70.368824 71.597997 32.425142 33.972480 35.633862 37.394091 39.239868 41.159684 43.143656 38.863760 40.163807 41.578530 43.096637 44.707597 46.401741 48.170293 
62.950732 64.725101 103.972765 105.056556 5.080000 2.540000 0.000000 2.540000 5.080000 7.620000 10.160000 9.158100 8.032185 7.620000 8.032185 9.158100 10.776307 12.700000 21.723950 20.024310 18.518076 17.255970 16.294817 67.031432 68.226179 69.423597 70.623552 65.467718 66.690484 67.914984 69.141126 31.008926 32.425142 33.972480 35.633862 37.394091 39.239868 41.159684 37.690258 38.863760 40.163807 41.578530 43.096637 44.707597 46.401741 
64.110100 65.853238 101.850116 102.956253 7.620000 5.080000 2.540000 0.000000 2.540000 5.080000 7.620000 10.776307 9.158100 8.032185 7.620000 8.032185 9.158100 10.776307 19.993147 18.131985 16.453421 15.018802 13.903848 64.650545 65.839502 67.031432 68.226179 63.027789 64.246784 65.467718 66.690484 29.742568 31.008926 32.425142 33.972480 35.633862 37.394091 39.239868 36.655455 37.690258 38.863760 40.163807 41.578530 43.096637 44.707597 
65.347673 67.058649 99.746978 100.876179 10.160000 7.620000 5.080000 2.540000 0.000000 2.540000 5.080000 12.700000 10.776307 9.158100 8.032185 7.620000 8.032185 9.158100 18.450611 16.415481 14.540088 12.894321 11.576532 62.282231 63.464728 64.650545 65.839502 60.596085 61.810848 63.027789 64.246784 28.645949 29.742568 31.008926 32.425142 33.972480 35.633862 37.394091 35.771391 36.655455 37.690258 38.863760 40.163807 41.578530 43.096637 
66.659096 68.337245 97.664611 98.817611 12.700000 10.160000 7.620000 5.080000 2.540000 0.000000 2.540000 14.810618 12.700000 10.776307 9.158100 8.032185 7.620000 8.032185 17.147226 14.935539 12.845874 10.948326 9.360470 59.927981 61.103246 62.282231 63.464728 58.173638 59.383634 60.596085 61.810848 27.739208 28.645949 29.742568 31.008926 32.425142 33.972480 35.633862 35.049475 35.771391 36.655455 37.690258 38.863760 40.163807 41.578530 
68.040098 69.684998 95.604373 96.781920 15.240000 12.700000 10.160000 7.620000 5.080000 2.540000 0.000000 17.038838 14.810618 12.700000 10.776307 9.158100 8.032185 7.620000 16.141030 13.768654 11.468304 9.293619 7.356895 57.589518 58.756658 59.927981 61.103246 55.761652 56.966254 58.173638 59.383634 27.041452 27.739208 28.645949 29.742568 31.008926 32.425142 33.972480 34.499886 35.049475 35.771391 36.655455 37.690258 38.863760 40.163807 
68.016448 55.679271 112.437442 105.433023 7.620000 8.032185 9.158100 10.776307 12.700000 14.810618 17.038838 0.000000 2.540000 5.080000 7.620000 10.160000 12.700000 15.240000 30.746351 28.907983 27.182863 25.593902 24.167970 74.609130 75.769546 76.933424 78.100609 72.676766 73.867545 75.060920 76.256771 28.482559 30.445015 32.487611 34.596156 36.759303 38.967960 41.214811 33.972480 35.633862 37.394091 39.239868 41.159684 43.143656 45.183336 
68.903853 56.759889 110.360691 103.215436 8.032185 7.620000 8.032185 9.158100 10.776307 12.700000 14.810618 2.540000 0.000000 2.540000 5.080000 7.620000 10.160000 12.700000 29.108893 27.159915 25.315955 23.601638 22.047228 72.299350 73.452340 74.609130 75.769546 70.303528 71.488714 72.676766 73.867545 26.617976 28.482559 30.445015 32.487611 34.596156 36.759303 38.967960 32.425142 33.972480 35.633862 37.394091 39.239868 41.159684 43.143656 
69.872370 57.931788 108.303690 101.013035 9.158100 8.032185 7.620000 8.032185 9.158100 10.776307 12.700000 5.080000 2.540000 0.000000 2.540000 5.080000 7.620000 10.160000 27.608338 25.545131 23.575204 21.723950 20.024310 70.005521 71.150345 72.299350 73.452340 67.942351 69.121354 70.303528 71.488714 24.873285 26.617976 28.482559 30.445015 32.487611 34.596156 36.759303 31.008926 32.425142 33.972480 35.633862 37.394091 39.239868 41.159684 
70.918674 59.189546 106.267584 98.826836 10.776307 9.158100 8.032185 7.620000 8.032185 9.158100 10.776307 7.620000 5.080000 2.540000 0.000000 2.540000 5.080000 7.620000 26.268160 24.090446 21.990593 19.993147 18.131985 67.729264 68.865087 70.005521 71.150345 65.594536 66.766685 67.942351 69.121354 23.275462 24.873285 26.617976 28.482559 30.445015 32.487611 34.596156 29.742568 31.008926 32.425142 33.972480 35.633862 37.394091 39.239868 
72.039377 60.527810 104.253599 96.657938 12.700000 10.776307 9.158100 8.032185 7.620000 8.032185 9.158100 10.160000 7.620000 5.080000 2.540000 0.000000 2.540000 5.080000 25.114047 22.826492 20.598186 18.450611 16.415481 65.472410 66.598288 67.729264 68.865087 63.261572 64.426097 65.594536 66.766685 21.856743 23.275462 24.873285 26.617976 28.482559 30.445015 32.487611 28.645949 29.742568 31.008926 32.425142 33.972480 35.633862 37.394091 
73.231062 61.941363 102.263041 94.507532 14.810618 12.700000 10.776307 9.158100 8.032185 7.620000 8.032185 12.700000 10.160000 7.620000 5.080000 2.540000 0.000000 2.540000 24.172664 21.786487 19.439331 17.147226 14.935539 63.237039 64.351899 65.472410 66.598288 60.945164 62.101183 63.261572 64.426097 20.654066 21.856743 23.275462 24.873285 26.617976 28.482559 30.445015 27.739208 28.645949 29.742568 31.008926 32.425142 33.972480 35.633862 
74.490324 63.425171 100.297305 92.376910 17.038838 14.810618 12.700000 10.776307 9.158100 8.032185 7.620000 15.240000 12.700000 10.160000 7.620000 5.080000 2.540000 0.000000 23.469623 21.003727 18.557831 16.141030 13.768654 61.025509 62.128134 63.237039 64.351899 58.647275 59.793771 60.945164 62.101183 19.707027 20.654066 21.856743 23.275462 24.873285 26.617976 28.482559 27.041452 27.739208 28.645949 29.742568 31.008926 32.425142 33.972480 
59.758111 85.453483 82.809361 102.901196 25.593902 23.601638 21.723950 19.993147 18.450611 17.147226 16.141030 30.746351 29.108893 27.608338 26.268160 25.114047 24.172664 23.469623 0.000000 2.540000 5.080000 7.620000 10.160000 48.122300 49.376376 50.631246 51.886853 47.575017 48.843147 50.111372 51.379685 41.556592 41.690898 41.978742 42.417000 43.001071 43.725114 44.582308 49.174976 49.288527 49.532240 49.904206 50.401588 51.020716 51.757223 
61.539996 83.272066 84.104278 101.096960 24.167970 22.047228 20.024310 18.131985 16.415481 14.935539 13.768654 28.907983 27.159915 25.545131 24.090446 22.826492 21.786487 21.003727 2.540000 0.000000 2.540000 5.080000 7.620000 48.593181 49.835410 51.079004 52.323867 47.781978 49.044757 50.307899 51.571379 39.017271 39.160287 39.466592 39.932430 40.552302 41.319277 42.225340 46.635456 46.755175 47.012022 47.403769 47.927107 48.577783 49.350761 
63.373604 81.111525 85.455088 99.324911 22.935495 20.688800 18.518076 16.453421 14.540088 12.845874 11.468304 27.182863 25.315955 23.575204 21.990593 20.598186 19.439331 18.557831 5.080000 2.540000 0.000000 2.540000 5.080000 49.190873 50.418378 51.647937 52.879408 48.122300 49.376376 50.631246 51.886853 36.478044 36.630975 36.958249 37.455297 38.115476 38.930489 39.890846 44.095991 44.222586 44.494055 44.907772 45.459853 46.145332 46.958368 
65.254573 78.973573 86.859183 97.586800 21.929120 19.567212 17.255970 15.018802 12.894321 10.948326 9.293619 25.593902 23.601638 21.723950 19.993147 18.450611 17.147226 16.141030 7.620000 5.080000 2.540000 0.000000 2.540000 49.910820 51.121040 52.334093 53.549787 48.593181 49.835410 51.079004 52.323867 33.938933 34.103253 34.454545 34.987180 35.693038 36.562090 37.583016 41.556592 41.690898 41.978742 42.417000 43.001071 43.725114 44.582308 
67.178927 76.860094 88.314023 95.884475 21.181096 18.725073 16.294817 13.903848 11.576532 9.360470 7.356895 24.167970 22.047228 20.024310 18.131985 16.415481 14.935539 13.768654 10.160000 7.620000 5.080000 2.540000 0.000000 50.747819 51.938540 53.132932 54.330754 49.190873 50.418378 51.647937 52.879408 31.399966 31.577500 31.956570 32.530131 33.288131 34.218316 35.307078 39.017271 39.160287 39.466592 39.932430 40.552302 41.319277 42.225340 
96.731085 121.893351 41.443307 84.962544 71.825915 69.423597 67.031432 64.650545 62.282231 59.927981 57.589518 74.609130 72.299350 70.005521 67.729264 65.472410 63.237039 61.025509 48.122300 48.593181 49.190873 49.910820 50.747819 0.000000 1.270000 2.540000 3.810000 5.080000 5.236344 5.679613 6.350000 67.776456 66.056892 64.391622 62.784969 61.241545 59.766249 58.364248 73.499291 71.916693 70.390190 68.923509 67.520549 66.185363 64.922132 
97.923086 122.841430 40.712107 84.608285 73.030569 70.623552 68.226179 65.839502 63.464728 61.103246 58.756658 75.769546 73.452340 71.150345 68.865087 66.598288 64.351899 62.128134 49.376376 49.835410 50.418378 51.121040 51.938540 1.270000 0.000000 1.270000 2.540000 5.236344 5.080000 5.236344 5.679613 68.655330 66.910146 65.217207 63.580687 62.005054 60.495064 59.055754 74.310511 72.701206 71.146201 69.649132 68.213814 66.844226 65.544487 
99.117024 123.795278 40.007867 84.271678 74.237400 71.825915 69.423597 67.031432 64.650545 62.282231 59.927981 76.933424 74.609130 72.299350 70.005521 67.729264 65.472410 63.237039 50.631246 51.079004 51.647937 52.334093 53.132932 2.540000 1.270000 0.000000 1.270000 5.679613 5.236344 5.080000 5.236344 69.546289 67.776456 66.056892 64.391622 62.784969 61.241545 59.766249 75.134440 73.499291 71.916693 70.390190 68.923509 67.520549 66.185363 
100.312831 124.754761 39.332035 83.952934 75.446305 73.030569 70.623552 68.226179 65.839502 63.464728 61.103246 78.100609 75.769546 73.452340 71.150345 68.865087 66.598288 64.351899 51.886853 52.323867 52.879408 53.549787 54.330754 3.810000 2.540000 1.270000 0.000000 6.350000 5.679613 5.236344 5.080000 70.448876 68.655330 66.910146 65.217207 63.580687 62.005054 60.495064 75.970665 74.310511 72.701206 71.146201 69.649132 68.213814 66.844226 
98.609861 118.560495 45.656868 80.107651 70.368824 67.914984 65.467718 63.027789 60.596085 58.173638 55.761652 72.676766 70.303528 67.942351 65.594536 63.261572 60.945164 58.647275 47.575017 47.781978 48.122300 48.593181 49.190873 5.080000 5.236344 5.679613 6.350000 0.000000 1.270000 2.540000 3.810000 64.180725 62.362091 60.595367 58.885226 57.236739 55.655386 54.147049 69.643694 67.971384 66.354179 64.796206 63.301839 61.875686 60.522570 
99.779420 119.535011 44.994194 79.731824 71.597997 69.141126 66.690484 64.246784 61.810848 59.383634 56.966254 73.867545 71.488714 69.121354 66.766685 64.426097 62.101183 59.793771 48.843147 49.044757 49.376376 49.835410 50.418378 5.236344 5.080000 5.236344 5.679613 1.270000 0.000000 1.270000 2.540000 65.108154 63.265196 61.471958 59.732916 58.052943 56.437313 54.891707 70.499293 68.800899 67.155641 65.567521 64.040790 62.579939 61.189690 
100.951406 120.515031 44.357990 79.374540 72.828571 70.368824 67.914984 65.467718 63.027789 60.596085 58.173638 75.060920 72.676766 70.303528 67.942351 65.594536 63.261572 60.945164 50.111372 50.307899 50.631246 51.079004 51.647937 5.679613 5.236344 5.080000 5.236344 2.540000 1.270000 0.000000 1.270000 66.046982 64.180725 62.362091 60.595367 58.885226 57.236739 55.655386 71.367236 69.643694 67.971384 66.354179 64.796206 63.301839 61.875686 
102.125736 121.500421 43.749410 79.036049 74.060477 71.597997 69.141126 66.690484 64.246784 61.810848 59.383634 76.256771 73.867545 71.488714 69.121354 66.766685 64.426097 62.101183 51.379685 51.571379 51.886853 52.323867 52.879408 6.350000 5.679613 5.236344 5.080000 3.810000 2.540000 1.270000 0.000000 66.996729 65.108154 63.265196 61.471958 59.732916 58.052943 56.437313 72.247078 70.499293 68.800899 67.155641 65.567521 64.040790 62.579939 
93.852253 54.625027 108.997675 77.821214 33.972480 32.425142 31.008926 29.742568 28.645949 27.739208 27.041452 28.482559 26.617976 24.873285 23.275462 21.856743 20.654066 19.707027 41.556592 39.017271 36.478044 33.938933 31.399966 67.776456 68.655330 69.546289 70.448876 64.180725 65.108154 66.046982 66.996729 0.000000 2.540000 5.080000 7.620000 10.160000 12.700000 15.240000 7.620000 8.032185 9.158100 10.776307 12.700000 14.810618 17.038838 
95.073342 56.697342 107.363812 75.515802 35.633862 33.972480 32.425142 31.008926 29.742568 28.645949 27.739208 30.445015 28.482559 26.617976 24.873285 23.275462 21.856743 20.654066 41.690898 39.160287 36.630975 34.103253 31.577500 66.056892 66.910146 67.776456 68.655330 62.362091 63.265196 64.180725 65.108154 2.540000 0.000000 2.540000 5.080000 7.620000 10.160000 12.700000 8.032185 7.620000 8.032185 9.158100 10.776307 12.700000 14.810618 
96.345932 58.806350 105.765714 73.225915 37.394091 35.633862 33.972480 32.425142 31.008926 29.742568 28.645949 32.487611 30.445015 28.482559 26.617976 24.873285 23.275462 21.856743 41.978742 39.466592 36.958249 34.454545 31.956570 64.391622 65.217207 66.056892 66.910146 60.595367 61.471958 62.362091 63.265196 5.080000 2.540000 0.000000 2.540000 5.080000 7.620000 10.160000 9.158100 8.032185 7.620000 8.032185 9.158100 10.776307 12.700000 
97.668009 60.948242 104.205027 70.953055 39.239868 37.394091 35.633862 33.972480 32.425142 31.008926 29.742568 34.596156 32.487611 30.445015 28.482559 26.617976 24.873285 23.275462 42.417000 39.932430 37.455297 34.987180 32.530131 62.784969 63.580687 64.391622 65.217207 58.885226 59.732916 60.595367 61.471958 7.620000 5.080000 2.540000 0.000000 2.540000 5.080000 7.620000 10.776307 9.158100 8.032185 7.620000 8.032185 9.158100 10.776307 
99.037592 63.119671 102.683457 68.698912 41.159684 39.239868 37.394091 35.633862 33.972480 32.425142 31.008926 36.759303 34.596156 32.487611 30.445015 28.482559 26.617976 24.873285 43.001071 40.552302 38.115476 35.693038 33.288131 61.241545 62.005054 62.784969 63.580687 57.236739 58.052943 58.885226 59.732916 10.160000 7.620000 5.080000 2.540000 0.000000 2.540000 5.080000 12.700000 10.776307 9.158100 8.032185 7.620000 8.032185 9.158100 
100.452737 65.317690 101.202767 66.465392 43.143656 41.159684 39.239868 37.394091 35.633862 33.972480 32.425142 38.967960 36.759303 34.596156 32.487611 30.445015 28.482559 26.617976 43.725114 41.319277 38.930489 36.562090 34.218316 59.766249 60.495064 61.241545 62.005054 55.655386 56.437313 57.236739 58.052943 12.700000 10.160000 7.620000 5.080000 2.540000 0.000000 2.540000 14.810618 12.700000 10.776307 9.158100 8.032185 7.620000 8.032185 
101.911547 67.539704 99.764779 64.254645 45.183336 43.143656 41.159684 39.239868 37.394091 35.633862 33.972480 41.214811 38.967960 36.759303 34.596156 32.487611 30.445015 28.482559 44.582308 42.225340 39.890846 37.583016 35.307078 58.364248 59.055754 59.766249 60.495064 54.147049 54.891707 55.655386 56.437313 15.240000 12.700000 10.160000 7.620000 5.080000 2.540000 0.000000 17.038838 14.810618 12.700000 10.776307 9.158100 8.032185 7.620000 
100.640630 50.513213 114.894665 74.992215 40.163807 38.863760 37.690258 36.655455 35.771391 35.049475 34.499886 33.972480 32.425142 31.008926 29.742568 28.645949 27.739208 27.041452 49.174976 46.635456 44.095991 41.556592 39.017271 73.499291 74.310511 75.134440 75.970665 69.643694 70.499293 71.367236 72.247078 7.620000 8.032185 9.158100 10.776307 12.700000 14.810618 17.038838 0.000000 2.540000 5.080000 7.620000 10.160000 12.700000 15.240000 
101.780309 52.747319 113.345839 72.597020 41.578530 40.163807 38.863760 37.690258 36.655455 35.771391 35.049475 35.633862 33.972480 32.425142 31.008926 29.742568 28.645949 27.739208 49.288527 46.755175 44.222586 41.690898 39.160287 71.916693 72.701206 73.499291 74.310511 67.971384 68.800899 69.643694 70.499293 8.032185 7.620000 8.032185 9.158100 10.776307 12.700000 14.810618 2.540000 0.000000 2.540000 5.080000 7.620000 10.160000 12.700000 
102.970042 55.007980 111.833257 70.212005 43.096637 41.578530 40.163807 38.863760 37.690258 36.655455 35.771391 37.394091 35.633862 33.972480 32.425142 31.008926 29.742568 28.645949 49.532240 47.012022 44.494055 41.978742 39.466592 70.390190 71.146201 71.916693 72.701206 66.354179 67.155641 67.971384 68.800899 9.158100 8.032185 7.620000 8.032185 9.158100 10.776307 12.700000 5.080000 2.540000 0.000000 2.540000 5.080000 7.620000 10.160000 
104.208114 57.292052 110.358410 67.838241 44.707597 43.096637 41.578530 40.163807 38.863760 37.690258 36.655455 39.239868 37.394091 35.633862 33.972480 32.425142 31.008926 29.742568 49.904206 47.403769 44.907772 42.417000 39.932430 68.923509 69.649132 70.390190 71.146201 64.796206 65.567521 66.354179 67.155641 10.776307 9.158100 8.032185 7.620000 8.032185 9.158100 10.776307 7.620000 5.080000 2.540000 0.000000 2.540000 5.080000 7.620000 
105.492822 59.596844 108.922832 65.476955 46.401741 44.707597 43.096637 41.578530 40.163807 38.863760 37.690258 41.159684 39.239868 37.394091 35.633862 33.972480 32.425142 31.008926 50.401588 47.927107 45.459853 43.001071 40.552302 67.520549 68.213814 68.923509 69.649132 63.301839 64.040790 64.796206 65.567521 12.700000 10.776307 9.158100 8.032185 7.620000 8.032185 9.158100 10.160000 7.620000 5.080000 2.540000 0.000000 2.540000 5.080000 
106.822485 61.920042 107.528095 63.129544 48.170293 46.401741 44.707597 43.096637 41.578530 40.163807 38.863760 43.143656 41.159684 39.239868 37.394091 35.633862 33.972480 32.425142 51.020716 48.577783 46.145332 43.725114 41.319277 66.185363 66.844226 67.520549 68.213814 61.875686 62.579939 63.301839 64.040790 14.810618 12.700000 10.776307 9.158100 8.032185 7.620000 8.032185 12.700000 10.160000 7.620000 5.080000 2.540000 0.000000 2.540000 
108.195445 64.259650 106.175808 60.797618 50.005358 48.170293 46.401741 44.707597 43.096637 41.578530 40.163807 45.183336 43.143656 41.159684 39.239868 37.394091 35.633862 33.972480 51.757223 49.350761 46.958368 44.582308 42.225340 64.922132 65.544487 66.185363 66.844226 60.522570 61.189690 61.875686 62.579939 17.038838 14.810618 12.700000 10.776307 9.158100 8.032185 7.620000 15.240000 12.700000 10.160000 7.620000 5.080000 2.540000 0.000000 
