40
# Circuit board instance
Size: large
Nodes: 40
0.000000 90.000000 90.000000 127.279221 76.803355 77.403291 78.019289 78.650970 81.332602 81.899366 82.481793 83.079551 63.875907 64.634287 65.482469 66.417013 67.434329 68.530730 69.702485 71.222145 71.903084 72.666472 73.509741 74.430176 75.424952 76.491169 61.115804 63.060087 65.045452 67.068250 69.125197 71.213332 73.329992 66.347188 68.142369 69.983703 71.867643 73.790925 75.750554 77.743781 
90.000000 0.000000 127.279221 90.000000 42.032390 43.118858 44.215109 45.320432 39.605032 40.756259 41.914348 43.078746 33.822102 35.233422 36.766245 38.406023 40.139653 41.955500 43.843352 27.654963 29.364204 31.186843 33.104154 35.100629 37.163509 39.282336 68.156131 69.904873 71.700958 73.540920 75.421545 77.339869 79.293154 62.773132 64.667605 66.605070 68.581883 70.594740 72.640644 74.716880 
90.000000 127.279221 0.000000 90.000000 86.930642 86.144360 85.369729 84.607070 90.956986 90.205806 89.466348 88.738904 94.633201 92.713010 90.823261 88.965896 87.142985 85.356734 83.609495 99.739185 97.919174 96.131822 94.378987 92.662626 90.984804 89.347692 59.237051 57.386943 55.591343 53.855704 52.186008 50.588786 49.071115 64.620709 62.929080 61.296046 59.726415 58.225315 56.798179 55.450718 
127.279221 90.000000 90.000000 0.000000 58.522671 57.348210 56.177906 55.012024 56.804399 55.593650 54.385603 53.180443 77.583798 75.229683 72.888050 70.560143 68.247365 65.951309 63.673783 75.100653 72.666138 70.239094 67.820323 65.410742 63.011408 60.623535 66.476649 64.833463 63.249617 61.729681 60.278488 58.901120 57.602873 60.945490 59.148844 57.408379 55.729358 54.117502 52.578986 51.120435 
76.803355 42.032390 86.930642 58.522671 0.000000 1.270000 2.540000 3.810000 5.080000 5.236344 5.679613 6.350000 19.067740 16.710348 14.415131 12.217178 10.179690 8.419972 7.146256 17.899598 15.364005 12.830156 10.299337 7.774509 5.264298 2.808180 29.904088 30.885030 32.037772 33.344502 34.787871 36.351607 38.020862 22.921972 24.187753 25.643346 27.258359 29.006178 30.864247 32.813843 
77.403291 43.118858 86.144360 57.348210 1.270000 0.000000 1.270000 2.540000 5.236344 5.080000 5.236344 5.679613 20.262993 17.882794 15.553230 13.300933 11.172728 9.254626 7.705164 19.167832 16.631633 14.096804 11.564243 9.035860 6.516518 4.023239 29.483519 30.371975 31.441041 32.672992 34.050154 35.555657 37.173912 22.370521 23.529114 24.893802 26.432684 28.117172 29.922686 31.828637 
78.019289 44.215109 85.369729 56.177906 2.540000 1.270000 0.000000 1.270000 5.679613 5.236344 5.080000 5.236344 21.466832 19.067740 16.710348 14.415131 12.217178 10.179690 8.419972 20.436285 17.899598 15.364005 12.830156 10.299337 7.774509 5.264298 29.112318 29.904088 30.885030 32.037772 33.344502 34.787871 36.351607 21.878972 22.921972 24.187753 25.643346 27.258359 29.006178 30.864247 
78.650970 45.320432 84.607070 55.012024 3.810000 2.540000 1.270000 0.000000 6.350000 5.679613 5.236344 5.080000 22.677889 20.262993 17.882794 15.553230 13.300933 11.172728 9.254626 21.704920 19.167832 16.631633 14.096804 11.564243 9.035860 6.516518 28.792397 29.483519 30.371975 31.441041 32.672992 34.050154 35.555657 21.451444 22.370521 23.529114 24.893802 26.432684 28.117172 29.922686 
81.332602 39.605032 90.956986 56.804399 5.080000 5.236344 5.679613 6.350000 0.000000 1.270000 2.540000 3.810000 21.374832 19.301308 17.352254 15.574472 14.033204 12.814080 12.015561 18.337970 15.872561 13.434970 11.043635 8.736619 6.602905 4.875593 34.708244 35.556895 36.562639 37.712910 38.994920 40.396128 41.904579 27.539161 28.601328 29.842415 31.241106 32.777231 34.432402 36.190287 
81.899366 40.756259 90.205806 55.593650 5.236344 5.080000 5.236344 5.679613 1.270000 0.000000 1.270000 2.540000 22.447575 20.324838 18.308678 16.438356 14.769380 13.377325 12.356143 19.577827 17.102537 14.649416 12.231813 9.875844 7.638752 5.663213 34.346552 35.112172 36.040905 37.120509 38.338242 39.681388 41.137666 27.081891 28.046529 29.200855 30.523357 31.993185 33.591006 35.299443 
82.481793 41.914348 89.466348 54.385603 5.679613 5.236344 5.080000 5.236344 2.540000 1.270000 0.000000 1.270000 23.539957 21.374832 19.301308 17.352254 15.574472 14.033204 12.814080 20.821318 18.337970 15.872561 13.434970 11.043635 8.736619 6.602905 34.028442 34.708244 35.556895 36.562639 37.712910 38.994920 40.396128 26.677294 27.539161 28.601328 29.842415 31.241106 32.777231 34.432402 
83.079551 43.078746 88.738904 53.180443 6.350000 5.679613 5.236344 5.080000 3.810000 2.540000 1.270000 0.000000 24.649368 22.447575 20.324838 18.308678 16.438356 14.769380 13.377325 22.067829 19.577827 17.102537 14.649416 12.231813 9.875844 7.638752 33.755146 34.346552 35.112172 36.040905 37.120509 38.338242 39.681388 26.327799 27.081891 28.046529 29.200855 30.523357 31.993185 33.591006 
63.875907 33.822102 94.633201 77.583798 19.067740 20.262993 21.466832 22.677889 21.374832 22.447575 23.539957 24.649368 0.000000 2.540000 5.080000 7.620000 10.160000 12.700000 15.240000 7.620000 8.032185 9.158100 10.776307 12.700000 14.810618 17.038838 35.494157 37.553433 39.668484 41.830852 44.033566 46.270864 48.537964 31.499921 33.803405 36.138601 38.499741 40.882328 43.282822 45.698401 
64.634287 35.233422 92.713010 75.229683 16.710348 17.882794 19.067740 20.262993 19.301308 20.324838 21.374832 22.447575 2.540000 0.000000 2.540000 5.080000 7.620000 10.160000 12.700000 8.032185 7.620000 8.032185 9.158100 10.776307 12.700000 14.810618 33.500944 35.494157 37.553433 39.668484 41.830852 44.033566 46.270864 29.235648 31.499921 33.803405 36.138601 38.499741 40.882328 43.282822 
65.482469 36.766245 90.823261 72.888050 14.415131 15.553230 16.710348 17.882794 17.352254 18.308678 19.301308 20.324838 5.080000 2.540000 0.000000 2.540000 5.080000 7.620000 10.160000 9.158100 8.032185 7.620000 8.032185 9.158100 10.776307 12.700000 31.586303 33.500944 35.494157 37.553433 39.668484 41.830852 44.033566 27.020443 29.235648 31.499921 33.803405 36.138601 38.499741 40.882328 
66.417013 38.406023 88.965896 70.560143 12.217178 13.300933 14.415131 15.553230 15.574472 16.438356 17.352254 18.308678 7.620000 5.080000 2.540000 0.000000 2.540000 5.080000 7.620000 10.776307 9.158100 8.032185 7.620000 8.032185 9.158100 10.776307 29.765399 31.586303 33.500944 35.494157 37.553433 39.668484 41.830852 24.867425 27.020443 29.235648 31.499921 33.803405 36.138601 38.499741 
67.434329 40.139653 87.142985 68.247365 10.179690 11.172728 12.217178 13.300933 14.033204 14.769380 15.574472 16.438356 10.160000 7.620000 5.080000 2.540000 0.000000 2.540000 5.080000 12.700000 10.776307 9.158100 8.032185 7.620000 8.032185 9.158100 28.056490 29.765399 31.586303 33.500944 35.494157 37.553433 39.668484 22.794221 24.867425 27.020443 29.235648 31.499921 33.803405 36.138601 
68.530730 41.955500 85.356734 65.951309 8.419972 9.254626 10.179690 11.172728 12.814080 13.377325 14.033204 14.769380 12.700000 10.160000 7.620000 5.080000 2.540000 0.000000 2.540000 14.810618 12.700000 10.776307 9.158100 8.032185 7.620000 8.032185 26.481267 28.056490 29.765399 31.586303 33.500944 35.494157 37.553433 20.824682 22.794221 24.867425 27.020443 29.235648 31.499921 33.803405 
69.702485 43.843352 83.609495 63.673783 7.146256 7.705164 8.419972 9.254626 12.015561 12.356143 12.814080 13.377325 15.240000 12.700000 10.160000 7.620000 5.080000 2.540000 0.000000 17.038838 14.810618 12.700000 10.776307 9.158100 8.032185 7.620000 25.064947 26.481267 28.056490 29.765399 31.586303 33.500944 35.494157 18.991088 20.824682 22.794221 24.867425 27.020443 29.235648 31.499921 
71.222145 27.654963 99.739185 75.100653 17.899598 19.167832 20.436285 21.704920 18.337970 19.577827 20.821318 22.067829 7.620000 8.032185 9.158100 10.776307 12.700000 14.810618 17.038838 0.000000 2.540000 5.080000 7.620000 10.160000 12.700000 15.240000 40.540771 42.355393 44.241469 46.190249 48.194127 50.246510 52.341694 35.494157 37.553433 39.668484 41.830852 44.033566 46.270864 48.537964 
71.903084 29.364204 97.919174 72.666138 15.364005 16.631633 17.899598 19.167832 15.872561 17.102537 18.337970 19.577827 8.032185 7.620000 8.032185 9.158100 10.776307 12.700000 14.810618 2.540000 0.000000 2.540000 5.080000 7.620000 10.160000 12.700000 38.807631 40.540771 42.355393 44.241469 46.190249 48.194127 50.246510 33.500944 35.494157 37.553433 39.668484 41.830852 44.033566 46.270864 
72.666472 31.186843 96.131822 70.239094 12.830156 14.096804 15.364005 16.631633 13.434970 14.649416 15.872561 17.102537 9.158100 8.032185 7.620000 8.032185 9.158100 10.776307 12.700000 5.080000 2.540000 0.000000 2.540000 5.080000 7.620000 10.160000 37.167371 38.807631 40.540771 42.355393 44.241469 46.190249 48.194127 31.586303 33.500944 35.494157 37.553433 39.668484 41.830852 44.033566 
73.509741 33.104154 94.378987 67.820323 10.299337 11.564243 12.830156 14.096804 11.043635 12.231813 13.434970 14.649416 10.776307 9.158100 8.032185 7.620000 8.032185 9.158100 10.776307 7.620000 5.080000 2.540000 0.000000 2.540000 5.080000 7.620000 35.632821 37.167371 38.807631 40.540771 42.355393 44.241469 46.190249 29.765399 31.586303 33.500944 35.494157 37.553433 39.668484 41.830852 
74.430176 35.100629 92.662626 65.410742 7.774509 9.035860 10.299337 11.564243 8.736619 9.875844 11.043635 12.231813 12.700000 10.776307 9.158100 8.032185 7.620000 8.032185 9.158100 10.160000 7.620000 5.080000 2.540000 0.000000 2.540000 5.080000 34.218206 35.632821 37.167371 38.807631 40.540771 42.355393 44.241469 28.056490 29.765399 31.586303 33.500944 35.494157 37.553433 39.668484 
75.424952 37.163509 90.984804 63.011408 5.264298 6.516518 7.774509 9.035860 6.602905 7.638752 8.736619 9.875844 14.810618 12.700000 10.776307 9.158100 8.032185 7.620000 8.032185 12.700000 10.160000 7.620000 5.080000 2.540000 0.000000 2.540000 32.938981 34.218206 35.632821 37.167371 38.807631 40.540771 42.355393 26.481267 28.056490 29.765399 31.586303 33.500944 35.494157 37.553433 
76.491169 39.282336 89.347692 60.623535 2.808180 4.023239 5.264298 6.516518 4.875593 5.663213 6.602905 7.638752 17.038838 14.810618 12.700000 10.776307 9.158100 8.032185 7.620000 15.240000 12.700000 10.160000 7.620000 5.080000 2.540000 0.000000 31.811484 32.938981 34.218206 35.632821 37.167371 38.807631 40.540771 25.064947 26.481267 28.056490 29.765399 31.586303 33.500944 35.494157 
61.115804 68.156131 59.237051 66.476649 29.904088 29.483519 29.112318 28.792397 34.708244 34.346552 34.028442 33.755146 35.494157 33.500944 31.586303 29.765399 28.056490 26.481267 25.064947 40.540771 38.807631 37.167371 35.632821 34.218206 32.938981 31.811484 0.000000 2.540000 5.080000 7.620000 10.160000 12.700000 15.240000 7.620000 8.032185 9.158100 10.776307 12.700000 14.810618 17.038838 
63.060087 69.904873 57.386943 64.833463 30.885030 30.371975 29.904088 29.483519 35.556895 35.112172 34.708244 34.346552 37.553433 35.494157 33.500944 31.586303 29.765399 28.056490 26.481267 42.355393 40.540771 38.807631 37.167371 35.632821 34.218206 32.938981 2.540000 0.000000 2.540000 5.080000 7.620000 10.160000 12.700000 8.032185 7.620000 8.032185 9.158100 10.776307 12.700000 14.810618 
65.045452 71.700958 55.591343 63.249617 32.037772 31.441041 30.885030 30.371975 36.562639 36.040905 35.556895 35.112172 39.668484 37.553433 35.494157 33.500944 31.586303 29.765399 28.056490 44.241469 42.355393 40.540771 38.807631 37.167371 35.632821 34.218206 5.080000 2.540000 0.000000 2.540000 5.080000 7.620000 10.160000 9.158100 8.032185 7.620000 8.032185 9.158100 10.776307 12.700000 
67.068250 73.540920 53.855704 61.729681 33.344502 32.672992 32.037772 31.441041 37.712910 37.120509 36.562639 36.040905 41.830852 39.668484 37.553433 35.494157 33.500944 31.586303 29.765399 46.190249 44.241469 42.355393 40.540771 38.807631 37.167371 35.632821 7.620000 5.080000 2.540000 0.000000 2.540000 5.080000 7.620000 10.776307 9.158100 8.032185 7.620000 8.032185 9.158100 10.776307 
69.125197 75.421545 52.186008 60.278488 34.787871 34.050154 33.344502 32.672992 38.994920 38.338242 37.712910 37.120509 44.033566 41.830852 39.668484 37.553433 35.494157 33.500944 31.586303 48.194127 46.190249 44.241469 42.355393 40.540771 38.807631 37.167371 10.160000 7.620000 5.080000 2.540000 0.000000 2.540000 5.080000 12.700000 10.776307 9.158100 8.032185 7.620000 8.032185 9.158100 
71.213332 77.339869 50.588786 58.901120 36.351607 35.555657 34.787871 34.050154 40.396128 39.681388 38.994920 38.338242 46.270864 44.033566 41.830852 39.668484 37.553433 35.494157 33.500944 50.246510 48.194127 46.190249 44.241469 42.355393 40.540771 38.807631 12.700000 10.160000 7.620000 5.080000 2.540000 0.000000 2.540000 14.810618 12.700000 10.776307 9.158100 8.032185 7.620000 8.032185 
73.329992 79.293154 49.071115 57.602873 38.020862 37.173912 36.351607 35.555657 41.904579 41.137666 40.396128 39.681388 48.537964 46.270864 44.033566 41.830852 39.668484 37.553433 35.494157 52.341694 50.246510 48.194127 46.190249 44.241469 42.355393 40.540771 15.240000 12.700000 10.160000 7.620000 5.080000 2.540000 0.000000 17.038838 14.810618 12.700000 10.776307 9.158100 8.032185 7.620000 
66.347188 62.773132 64.620709 60.945490 22.921972 22.370521 21.878972 21.451444 27.539161 27.081891 26.677294 26.327799 31.499921 29.235648 27.020443 24.867425 22.794221 20.824682 18.991088 35.494157 33.500944 31.586303 29.765399 28.056490 26.481267 25.064947 7.620000 8.032185 9.158100 10.776307 12.700000 14.810618 17.038838 0.000000 2.540000 5.080000 7.620000 10.160000 12.700000 15.240000 
68.142369 64.667605 62.929080 59.148844 24.187753 23.529114 22.921972 22.370521 28.601328 28.046529 27.539161 27.081891 33.803405 31.499921 29.235648 27.020443 24.867425 22.794221 20.824682 37.553433 35.494157 33.500944 31.586303 29.765399 28.056490 26.481267 8.032185 7.620000 8.032185 9.158100 10.776307 12.700000 14.810618 2.540000 0.000000 2.540000 5.080000 7.620000 10.160000 12.700000 
69.983703 66.605070 61.296046 57.408379 25.643346 24.893802 24.187753 23.529114 29.842415 29.200855 28.601328 28.046529 36.138601 33.803405 31.499921 29.235648 27.020443 24.867425 22.794221 39.668484 37.553433 35.494157 33.500944 31.586303 29.765399 28.056490 9.158100 8.032185 7.620000 8.032185 9.158100 10.776307 12.700000 5.080000 2.540000 0.000000 2.540000 5.080000 7.620000 10.160000 
71.867643 68.581883 59.726415 55.729358 27.258359 26.432684 25.643346 24.893802 31.241106 30.523357 29.842415 29.200855 38.499741 36.138601 33.803405 31.499921 29.235648 27.020443 24.867425 41.830852 39.668484 37.553433 35.494157 33.500944 31.586303 29.765399 10.776307 9.158100 8.032185 7.620000 8.032185 9.158100 10.776307 7.620000 5.080000 2.540000 0.000000 2.540000 5.080000 7.620000 
73.790925 70.594740 58.225315 54.117502 29.006178 28.117172 27.258359 26.432684 32.777231 31.993185 31.241106 30.523357 40.882328 38.499741 36.138601 33.803405 31.499921 29.235648 27.020443 44.033566 41.830852 39.668484 37.553433 35.494157 33.500944 31.586303 12.700000 10.776307 9.158100 8.032185 7.620000 8.032185 9.158100 10.160000 7.620000 5.080000 2.540000 0.000000 2.540000 5.080000 
75.750554 72.640644 56.798179 52.578986 30.864247 29.922686 29.006178 28.117172 34.432402 33.591006 32.777231 31.993185 43.282822 40.882328 38.499741 36.138601 33.803405 31.499921 29.235648 46.270864 44.033566 41.830852 39.668484 37.553433 35.494157 33.500944 14.810618 12.700000 10.776307 9.158100 8.032185 7.620000 8.032185 12.700000 10.160000 7.620000 5.080000 2.540000 0.000000 2.540000 
77.743781 74.716880 55.450718 51.120435 32.813843 31.828637 30.864247 29.922686 36.190287 35.299443 34.432402 33.591006 45.698401 43.282822 40.882328 38.499741 36.138601 33.803405 31.499921 48.537964 46.270864 44.033566 41.830852 39.668484 37.553433 35.494157 17.038838 14.810618 12.700000 10.776307 9.158100 8.032185 7.620000 15.240000 12.700000 10.160000 7.620000 5.080000 2.540000 0.000000 
