41
# Circuit board instance
Size: large
Nodes: 41
0.000000 140.000000 140.000000 197.989899 145.226124 146.927911 148.653618 150.402421 152.173525 82.200174 82.802699 83.420208 84.052371 86.720979 87.292305 87.878272 88.478588 134.394360 135.745029 137.129446 138.546599 139.995495 95.550504 95.773674 96.063508 96.419406 96.840638 131.145427 131.243056 131.389724 131.585268 131.829470 132.122060 132.462717 138.762447 138.854720 138.993357 139.178218 139.409120 139.685834 140.008089 
140.000000 0.000000 197.989899 140.000000 116.800641 115.880860 115.009829 114.188665 113.418449 77.603688 78.241617 78.894834 79.562961 73.236548 73.912179 74.603314 75.309524 133.815393 132.515012 131.250907 130.024135 128.835765 163.499476 161.442177 159.398800 157.369888 155.356007 9.674736 10.918664 12.559344 14.462373 16.537429 18.727414 20.996399 3.986738 6.442886 8.945987 11.465330 13.992144 16.523002 19.056293 
140.000000 197.989899 0.000000 140.000000 101.626047 104.043440 106.466541 108.894971 111.328380 124.800501 123.769881 122.743747 121.722214 127.823412 126.817360 125.816084 124.819698 75.060546 77.452918 79.854409 82.264220 84.681642 45.281937 45.750974 46.354639 47.087756 47.944386 189.057607 187.235668 185.430621 183.642965 181.873211 180.121887 178.389537 194.418806 192.647577 190.893711 189.157691 187.440013 185.741185 184.061730 
197.989899 140.000000 140.000000 0.000000 53.662055 51.629450 49.643602 47.710350 45.836350 121.822119 120.766084 119.714207 118.666597 119.087734 118.007232 116.930539 115.857761 74.018925 71.641260 69.275120 66.921727 64.582475 140.187852 137.782915 135.382911 132.988107 130.598790 136.518336 133.983853 131.449583 128.915538 126.381732 123.848180 121.314898 136.233438 133.693554 131.153674 128.613800 126.073930 123.534065 120.994206 
145.226124 116.800641 101.626047 53.662055 0.000000 2.540000 5.080000 7.620000 10.160000 73.928751 72.728570 71.530800 70.335564 72.440702 71.215447 69.991787 68.769808 26.716419 24.246724 21.793197 19.361984 16.962683 90.427719 87.915515 85.404956 82.896190 80.389386 110.202154 107.792690 105.389356 102.992583 100.602838 98.220634 95.846535 112.819375 110.467012 108.123139 105.788320 103.463170 101.148354 98.844599 
146.927911 115.880860 104.043440 51.629450 2.540000 0.000000 2.540000 5.080000 7.620000 74.791160 73.605042 72.421769 71.241483 73.144420 71.931153 70.719879 69.510700 29.198178 26.716419 24.246724 21.793197 19.361984 92.941433 90.427719 87.915515 85.404956 82.896190 109.433796 107.007032 104.585646 102.170020 99.760572 97.357762 94.962093 111.896124 109.523933 107.159434 104.803149 102.455643 100.117535 97.789499 
148.653618 115.009829 106.466541 49.643602 5.080000 2.540000 0.000000 2.540000 5.080000 75.728978 74.557781 73.389871 72.225407 73.928751 72.728570 71.530800 70.335564 31.689169 29.198178 26.716419 24.246724 21.793197 95.456540 92.941433 90.427719 87.915515 85.404956 108.719362 106.276286 103.837861 101.404423 98.976340 96.554015 94.137894 111.023318 108.632069 106.247724 103.870758 101.501691 99.141088 96.789568 
150.402421 114.188665 108.894971 47.710350 7.620000 5.080000 2.540000 0.000000 2.540000 76.739441 75.583904 74.432096 73.284194 74.791160 73.605042 72.421769 71.241483 34.187372 31.689169 29.198178 26.716419 24.246724 97.972931 95.456540 92.941433 90.427719 87.915515 108.059923 105.601592 103.147218 100.697092 98.251530 95.810882 93.375534 110.202154 107.792690 105.389356 102.992583 100.602838 98.220634 95.846535 
152.173525 113.418449 111.328380 45.836350 10.160000 7.620000 5.080000 2.540000 0.000000 77.819720 76.680463 75.545376 74.414649 75.728978 74.557781 73.389871 72.225407 36.691315 34.187372 31.689169 29.198178 26.716419 100.490509 97.972931 95.456540 92.941433 90.427719 107.456491 104.984030 102.514872 100.049261 97.587466 95.129783 92.676539 109.433796 107.007032 104.585646 102.170020 99.760572 97.357762 94.962093 
82.200174 77.603688 124.800501 121.822119 73.928751 74.791160 75.728978 76.739441 77.819720 0.000000 1.270000 2.540000 3.810000 5.080000 5.236344 5.679613 6.350000 75.906963 75.880230 75.938494 76.081558 76.308947 86.674189 84.771376 82.902718 81.070575 79.277481 68.006584 66.745047 65.557687 64.448603 63.421904 62.481649 61.631796 74.659288 73.512006 72.435655 71.433440 70.508522 69.663981 68.902773 
82.802699 78.241617 123.769881 120.766084 72.728570 73.605042 74.557781 75.583904 76.680463 1.270000 0.000000 1.270000 2.540000 5.236344 5.080000 5.236344 5.679613 74.637442 74.610255 74.669510 74.815001 75.046228 85.847614 83.926062 82.038152 80.186257 78.372933 68.663901 67.366798 66.141839 64.993103 63.924700 62.940720 62.045181 75.258522 74.076982 72.964763 71.925081 70.961124 70.076016 69.272782 
83.420208 78.894834 122.743747 119.714207 71.530800 72.421769 73.389871 74.432096 75.545376 2.540000 1.270000 0.000000 1.270000 5.679613 5.236344 5.080000 5.236344 73.367939 73.340281 73.400561 73.548562 73.783758 85.031972 83.091560 81.184246 79.312416 77.478643 69.338250 68.006584 66.745047 65.557687 64.448603 63.421904 62.481649 75.874282 74.659288 73.512006 72.435655 71.433440 70.508522 69.663981 
84.052371 79.562961 121.722214 118.666597 70.335564 71.241483 72.225407 73.284194 74.414649 3.810000 2.540000 1.270000 0.000000 6.350000 5.679613 5.236344 5.080000 72.098453 72.070307 72.131649 72.282248 72.521551 84.227582 82.268200 80.341341 78.449402 76.594970 70.029139 68.663901 67.366798 66.141839 64.993103 63.924700 62.940720 76.506170 75.258522 74.076982 72.964763 71.925081 70.961124 70.076016 
86.720979 73.236548 127.823412 119.087734 72.440702 73.144420 73.928751 74.791160 75.728978 5.080000 5.236344 5.679613 6.350000 0.000000 1.270000 2.540000 3.810000 76.214775 76.018602 75.906963 75.880230 75.938494 90.573629 88.608956 86.674189 84.771376 82.902718 63.691985 62.343201 61.070318 59.878176 58.771688 57.755778 56.835304 70.202305 68.980935 67.832723 66.761445 65.770859 64.864663 64.046439 
87.292305 73.912179 126.817360 118.007232 71.215447 71.931153 72.728570 73.605042 74.557781 5.236344 5.080000 5.236344 5.679613 1.270000 0.000000 1.270000 2.540000 74.950469 74.750978 74.637442 74.610255 74.669510 89.782960 87.800597 85.847614 83.926062 82.038152 64.393360 63.008404 61.696972 60.463848 59.313917 58.252105 57.283313 70.839250 69.582710 68.397448 67.287232 66.255833 65.306985 64.444337 
87.878272 74.603314 125.816084 116.930539 69.991787 70.719879 71.530800 72.421769 73.389871 5.679613 5.236344 5.080000 5.236344 2.540000 1.270000 0.000000 1.270000 73.686358 73.483436 73.367939 73.340281 73.400561 89.003390 87.003266 85.031972 83.091560 81.184246 65.111953 63.691985 62.343201 61.070318 59.878176 58.771688 57.755778 71.493083 70.202305 68.980935 67.832723 66.761445 65.770859 64.864663 
88.478588 75.309524 124.819698 115.857761 68.769808 69.510700 70.335564 71.241483 72.225407 6.350000 5.679613 5.236344 5.080000 3.810000 2.540000 1.270000 0.000000 72.422454 72.215980 72.098453 72.070307 72.131649 88.235213 86.217269 84.227582 82.268200 80.341341 65.847200 64.393360 63.008404 61.696972 60.463848 59.313917 58.252105 72.163345 70.839250 69.582710 68.397448 67.287232 66.255833 65.306985 
134.394360 133.815393 75.060546 74.018925 26.716419 29.198178 31.689169 34.187372 36.691315 75.906963 74.637442 73.367939 72.098453 76.214775 74.950469 73.686358 72.422454 0.000000 2.540000 5.080000 7.620000 10.160000 66.233584 63.805706 61.386903 58.978290 56.581169 126.094143 123.872008 121.662317 119.465758 117.283071 115.115043 112.962519 129.924495 127.768995 125.627867 123.501858 121.391764 119.298427 117.222747 
135.745029 132.515012 77.452918 71.641260 24.246724 26.716419 29.198178 31.689169 34.187372 75.880230 74.610255 73.340281 72.070307 76.018602 74.750978 73.483436 72.215980 2.540000 0.000000 2.540000 5.080000 7.620000 68.669574 66.233584 63.805706 61.386903 58.978290 124.894590 122.650725 120.418625 118.198956 115.992433 113.799820 111.621936 128.610228 126.432323 124.268167 122.118489 119.984068 117.865733 115.764367 
137.129446 131.250907 79.854409 69.275120 21.793197 24.246724 26.716419 29.198178 31.689169 75.938494 74.669510 73.400561 72.131649 75.906963 74.637442 73.367939 72.098453 5.080000 2.540000 0.000000 2.540000 5.080000 71.112842 68.669574 66.233584 63.805706 61.386903 123.735556 121.470282 119.216082 116.973597 114.743512 112.526566 110.323550 127.333068 125.132937 122.945910 120.772699 118.614063 116.470814 114.343815 
138.546599 130.024135 82.264220 66.921727 19.361984 21.793197 24.246724 26.716419 29.198178 76.081558 74.815001 73.548562 72.282248 75.880230 74.610255 73.340281 72.070307 7.620000 5.080000 2.540000 0.000000 2.540000 73.562664 71.112842 68.669574 66.233584 63.805706 122.618188 120.331881 118.055946 115.790995 113.537684 111.296722 109.068868 126.094143 123.872008 121.662317 119.465758 117.283071 115.115043 112.962519 
139.995495 128.835765 84.681642 64.582475 16.962683 19.361984 21.793197 24.246724 26.716419 76.308947 75.046228 73.783758 72.521551 75.938494 74.669510 73.400561 72.131649 10.160000 7.620000 5.080000 2.540000 0.000000 76.018405 73.562664 71.112842 68.669574 66.233584 121.543636 119.236727 116.939480 114.652475 112.376338 110.111742 107.859415 124.894590 122.650725 120.418625 118.198956 115.992433 113.799820 111.621936 
95.550504 163.499476 45.281937 140.187852 90.427719 92.941433 95.456540 97.972931 100.490509 86.674189 85.847614 85.031972 84.227582 90.573629 89.782960 89.003390 88.235213 66.233584 68.669574 71.112842 73.562664 76.018405 0.000000 2.540000 5.080000 7.620000 10.160000 154.075911 152.581001 151.113998 149.675723 148.267013 146.888717 145.541700 160.270214 158.833614 157.424888 156.044792 154.694092 153.373564 152.083995 
95.773674 161.442177 45.750974 137.782915 87.915515 90.427719 92.941433 95.456540 97.972931 84.771376 83.926062 83.091560 82.268200 88.608956 87.800597 87.003266 86.217269 63.805706 66.233584 68.669574 71.112842 73.562664 2.540000 0.000000 2.540000 5.080000 7.620000 152.039933 150.524804 149.037563 147.579053 146.150134 144.751684 143.384592 158.191614 156.735963 155.308211 153.909136 152.539527 151.200183 149.891917 
96.063508 159.398800 46.354639 135.382911 85.404956 87.915515 90.427719 92.941433 95.456540 82.902718 82.038152 81.184246 80.341341 86.674189 85.847614 85.031972 84.227582 61.386903 63.805706 66.233584 68.669574 71.112842 5.080000 2.540000 0.000000 2.540000 5.080000 150.019329 148.483583 146.975688 145.496511 144.046936 142.627865 141.240218 156.126663 154.651577 153.204402 151.785937 150.396993 149.038397 147.710985 
96.419406 157.369888 47.087756 132.988107 82.896190 85.404956 87.915515 90.427719 92.941433 81.070575 80.186257 79.312416 78.449402 84.771376 83.926062 83.091560 82.268200 58.978290 61.386903 63.805706 66.233584 68.669574 7.620000 5.080000 2.540000 0.000000 2.540000 148.014730 146.457965 144.928997 143.428713 141.958025 140.517860 139.109167 154.075911 152.581001 151.113998 149.675723 148.267013 146.888717 145.541700 
96.840638 155.356007 47.944386 130.598790 80.389386 82.896190 85.404956 87.915515 90.427719 79.277481 78.372933 77.478643 76.594970 82.902718 82.038152 81.184246 80.341341 56.581169 58.978290 61.386903 63.805706 66.233584 10.160000 7.620000 5.080000 2.540000 0.000000 146.026794 144.448606 142.898140 141.376307 139.884042 138.422300 136.992060 152.039933 150.524804 149.037563 147.579053 146.150134 144.751684 143.384592 
131.145427 9.674736 189.057607 136.518336 110.202154 109.433796 108.719362 108.059923 107.456491 68.006584 68.663901 69.338250 70.029139 63.691985 64.393360 65.111953 65.847200 126.094143 124.894590 123.735556 122.618188 121.543636 154.075911 152.039933 150.019329 148.014730 146.026794 0.000000 2.540000 5.080000 7.620000 10.160000 12.700000 15.240000 7.620000 8.032185 9.158100 10.776307 12.700000 14.810618 17.038838 
131.243056 10.918664 187.235668 133.983853 107.792690 107.007032 106.276286 105.601592 104.984030 66.745047 67.366798 68.006584 68.663901 62.343201 63.008404 63.691985 64.393360 123.872008 122.650725 121.470282 120.331881 119.236727 152.581001 150.524804 148.483583 146.457965 144.448606 2.540000 0.000000 2.540000 5.080000 7.620000 10.160000 12.700000 8.032185 7.620000 8.032185 9.158100 10.776307 12.700000 14.810618 
131.389724 12.559344 185.430621 131.449583 105.389356 104.585646 103.837861 103.147218 102.514872 65.557687 66.141839 66.745047 67.366798 61.070318 61.696972 62.343201 63.008404 121.662317 120.418625 119.216082 118.055946 116.939480 151.113998 149.037563 146.975688 144.928997 142.898140 5.080000 2.540000 0.000000 2.540000 5.080000 7.620000 10.160000 9.158100 8.032185 7.620000 8.032185 9.158100 10.776307 12.700000 
131.585268 14.462373 183.642965 128.915538 102.992583 102.170020 101.404423 100.697092 100.049261 64.448603 64.993103 65.557687 66.141839 59.878176 60.463848 61.070318 61.696972 119.465758 118.198956 116.973597 115.790995 114.652475 149.675723 147.579053 145.496511 143.428713 141.376307 7.620000 5.080000 2.540000 0.000000 2.540000 5.080000 7.620000 10.776307 9.158100 8.032185 7.620000 8.032185 9.158100 10.776307 
131.829470 16.537429 181.873211 126.381732 100.602838 99.760572 98.976340 98.251530 97.587466 63.421904 63.924700 64.448603 64.993103 58.771688 59.313917 59.878176 60.463848 117.283071 115.992433 114.743512 113.537684 112.376338 148.267013 146.150134 144.046936 141.958025 139.884042 10.160000 7.620000 5.080000 2.540000 0.000000 2.540000 5.080000 12.700000 10.776307 9.158100 8.032185 7.620000 8.032185 9.158100 
132.122060 18.727414 180.121887 123.848180 98.220634 97.357762 96.554015 95.810882 95.129783 62.481649 62.940720 63.421904 63.924700 57.755778 58.252105 58.771688 59.313917 115.115043 113.799820 112.526566 111.296722 110.111742 146.888717 144.751684 142.627865 140.517860 138.422300 12.700000 10.160000 7.620000 5.080000 2.540000 0.000000 2.540000 14.810618 12.700000 10.776307 9.158100 8.032185 7.620000 8.032185 
132.462717 20.996399 178.389537 121.314898 95.846535 94.962093 94.137894 93.375534 92.676539 61.631796 62.045181 62.481649 62.940720 56.835304 57.283313 57.755778 58.252105 112.962519 111.621936 110.323550 109.068868 107.859415 145.541700 143.384592 141.240218 139.109167 136.992060 15.240000 12.700000 10.160000 7.620000 5.080000 2.540000 0.000000 17.038838 14.810618 12.700000 10.776307 9.158100 8.032185 7.620000 
138.762447 3.986738 194.418806 136.233438 112.819375 111.896124 111.023318 110.202154 109.433796 74.659288 75.258522 75.874282 76.506170 70.202305 70.839250 71.493083 72.163345 129.924495 128.610228 127.333068 126.094143 124.894590 160.270214 158.191614 156.126663 154.075911 152.039933 7.620000 8.032185 9.158100 10.776307 12.700000 14.810618 17.038838 0.000000 2.540000 5.080000 7.620000 10.160000 12.700000 15.240000 
138.854720 6.442886 192.647577 133.693554 110.467012 109.523933 108.632069 107.792690 107.007032 73.512006 74.076982 74.659288 75.258522 68.980935 69.582710 70.202305 70.839250 127.768995 126.432323 125.132937 123.872008 122.650725 158.833614 156.735963 154.651577 152.581001 150.524804 8.032185 7.620000 8.032185 9.158100 10.776307 12.700000 14.810618 2.540000 0.000000 2.540000 5.080000 7.620000 10.160000 12.700000 
138.993357 8.945987 190.893711 131.153674 108.123139 107.159434 106.247724 105.389356 104.585646 72.435655 72.964763 73.512006 74.076982 67.832723 68.397448 68.980935 69.582710 125.627867 124.268167 122.945910 121.662317 120.418625 157.424888 155.308211 153.204402 151.113998 149.037563 9.158100 8.032185 7.620000 8.032185 9.158100 10.776307 12.700000 5.080000 2.540000 0.000000 2.540000 5.080000 7.620000 10.160000 
139.178218 11.465330 189.157691 128.613800 105.788320 104.803149 103.870758 102.992583 102.170020 71.433440 71.925081 72.435655 72.964763 66.761445 67.287232 67.832723 68.397448 123.501858 122.118489 120.772699 119.465758 118.198956 156.044792 153.909136 151.785937 149.675723 147.579053 10.776307 9.158100 8.032185 7.620000 8.032185 9.158100 10.776307 7.620000 5.080000 2.540000 0.000000 2.540000 5.080000 7.620000 
139.409120 13.992144 187.440013 126.073930 103.463170 102.455643 101.501691 100.602838 99.760572 70.508522 70.961124 71.433440 71.925081 65.770859 66.255833 66.761445 67.287232 121.391764 119.984068 118.614063 117.283071 115.992433 154.694092 152.539527 150.396993 148.267013 146.150134 12.700000 10.776307 9.158100 8.032185 7.620000 8.032185 9.158100 10.160000 7.620000 5.080000 2.540000 0.000000 2.540000 5.080000 
139.685834 16.523002 185.741185 123.534065 101.148354 100.117535 99.141088 98.220634 97.357762 69.663981 70.076016 70.508522 70.961124 64.864663 65.306985 65.770859 66.255833 119.298427 117.865733 116.470814 115.115043 113.799820 153.373564 151.200183 149.038397 146.888717 144.751684 14.810618 12.700000 10.776307 9.158100 8.032185 7.620000 8.032185 12.700000 10.160000 7.620000 5.080000 2.540000 0.000000 2.540000 
140.008089 19.056293 184.061730 120.994206 98.844599 97.789499 96.789568 95.846535 94.962093 68.902773 69.272782 69.663981 70.076016 64.046439 64.444337 64.864663 65.306985 117.222747 115.764367 114.343815 112.962519 111.621936 152.083995 149.891917 147.710985 145.541700 143.384592 17.038838 14.810618 12.700000 10.776307 9.158100 8.032185 7.620000 15.240000 12.700000 10.160000 7.620000 5.080000 2.540000 0.000000 
