41
# Circuit board instance
Size: large
Nodes: 41
0.000000 140.000000 140.000000 197.989899 58.849765 60.212371 61.649555 63.156226 64.727531 169.979306 170.941269 171.907231 172.877125 173.347891 174.291263 175.238760 176.190316 114.969979 116.328826 117.726796 119.162513 120.634628 99.043634 100.332097 101.667700 103.048609 104.473028 101.543379 101.699594 101.918891 102.200862 102.544993 102.950658 103.417134 109.154850 109.300187 109.504263 109.766751 110.087233 110.465204 110.900076 
140.000000 0.000000 197.989899 140.000000 120.319658 118.016334 115.722915 113.440002 111.168244 131.648677 132.888401 134.128691 135.369532 130.634992 131.884245 133.133890 134.383917 125.897170 124.310889 122.756669 121.235745 119.749384 124.924162 123.092382 121.286132 119.506571 117.754908 38.898896 39.304882 39.868867 40.584265 41.443236 42.437062 43.556514 31.356777 31.859019 32.552265 33.424631 34.462519 35.651474 36.976929 
140.000000 197.989899 0.000000 140.000000 94.864862 95.716126 96.626677 97.594856 98.618965 111.886002 111.762384 111.653075 111.558118 116.940175 116.821905 116.717334 116.626500 73.901664 75.998392 78.121433 80.268701 82.438301 73.190523 74.924902 76.704188 78.525327 80.385477 168.868820 166.844922 164.835314 162.840526 160.861108 158.897635 156.950706 173.552302 171.583657 169.630198 167.692457 165.770985 163.866354 161.979157 
197.989899 140.000000 140.000000 0.000000 141.466842 139.513089 137.578487 135.663854 133.770048 30.933595 30.483442 30.080208 29.725803 26.287151 25.755915 25.277379 24.854584 89.963645 87.730023 85.513506 83.315459 81.137383 105.608984 103.435708 101.279500 99.141474 97.022831 140.423448 137.982949 135.546107 133.113122 130.684208 128.259599 125.839542 138.523890 136.049321 133.577208 131.107690 128.640918 126.177051 123.716263 
58.849765 120.319658 94.864862 141.466842 0.000000 2.540000 5.080000 7.620000 10.160000 112.355766 113.243944 114.139342 115.041791 116.055068 116.915146 117.782639 118.657382 56.123210 57.518094 58.989412 60.531591 62.139355 40.247194 41.484234 42.836316 44.292905 45.844041 83.986454 82.645713 81.362192 80.138643 78.977852 77.882624 76.855764 90.499162 89.256303 88.069178 86.940071 85.871269 84.865052 83.923670 
60.212371 118.016334 95.716126 139.513089 2.540000 0.000000 2.540000 5.080000 7.620000 110.547242 111.449833 112.359530 113.276159 114.192149 115.066153 115.947480 116.835964 54.810597 56.123210 57.518094 58.989412 60.531591 39.136105 40.247194 41.484234 42.836316 44.292905 81.858046 80.481855 79.163258 77.905181 76.710600 75.582526 74.523980 88.308572 87.034437 85.816582 84.657436 83.559442 82.525042 81.556654 
61.649555 115.722915 96.626677 137.578487 5.080000 2.540000 0.000000 2.540000 5.080000 108.767966 109.685200 110.609410 111.540423 112.355766 113.243944 114.139342 115.041791 53.586300 54.810597 56.123210 57.518094 58.989412 38.161971 39.136105 40.247194 41.484234 42.836316 79.753733 78.340585 76.985322 75.691053 74.460960 73.298272 72.206246 86.137173 84.830430 83.580467 82.389867 81.261240 80.197202 79.200357 
63.156226 113.440002 97.594856 135.663854 7.620000 5.080000 2.540000 0.000000 2.540000 107.019397 107.951489 108.890415 109.836000 110.547242 111.449833 112.359530 113.276159 52.456503 53.586300 54.810597 56.123210 57.518094 37.335514 38.161971 39.136105 40.247194 41.484234 77.675475 76.223807 74.830217 73.498007 72.230575 71.031389 69.903959 83.986454 82.645713 81.362192 80.138643 78.977852 77.882624 76.855764 
64.727531 111.168244 98.618965 133.770048 10.160000 7.620000 5.080000 2.540000 0.000000 105.303064 106.250215 107.204042 108.164370 108.767966 109.685200 110.609410 111.540423 51.427436 52.456503 53.586300 54.810597 56.123210 36.666719 37.335514 38.161971 39.136105 40.247194 75.625420 74.133620 72.699973 71.327988 70.021288 68.783595 67.618697 81.858046 80.481855 79.163258 77.905181 76.710600 75.582526 74.523980 
169.979306 131.648677 111.886002 30.933595 112.355766 110.547242 108.767966 107.019397 105.303064 0.000000 1.270000 2.540000 3.810000 5.080000 5.236344 5.679613 6.350000 59.303496 57.147563 55.024417 52.938003 50.892839 75.206084 73.126486 71.076819 69.059746 67.078209 123.894171 121.362413 118.831007 116.299975 113.769343 111.239138 108.709390 123.520882 120.981312 118.441761 115.902229 113.362719 110.823231 108.283766 
170.941269 132.888401 111.762384 30.483442 113.243944 111.449833 109.685200 107.951489 106.250215 1.270000 0.000000 1.270000 2.540000 5.236344 5.080000 5.236344 5.679613 59.972442 57.841448 55.744736 53.686323 51.670786 75.932304 73.873153 71.844791 69.849898 67.891427 125.160175 122.628249 120.096665 117.565443 115.034608 112.504186 109.974205 124.790673 122.251094 119.711534 117.171992 114.632471 112.092972 109.553495 
171.907231 134.128691 111.653075 30.080208 114.139342 112.359530 110.609410 108.890415 107.204042 2.540000 1.270000 0.000000 1.270000 5.679613 5.236344 5.080000 5.236344 60.660602 58.554658 56.484427 54.453982 52.467943 76.672683 74.633962 72.626851 70.654043 68.718494 126.426260 123.894171 121.362413 118.831007 116.299975 113.769343 111.239138 126.060469 123.520882 120.981312 118.441761 115.902229 113.362719 110.823231 
172.877125 135.369532 111.558118 29.725803 115.041791 113.276159 111.540423 109.836000 108.164370 3.810000 2.540000 1.270000 0.000000 6.350000 5.679613 5.236344 5.080000 61.367331 59.286496 57.242739 55.240174 53.283447 77.426815 75.408485 73.422550 71.471709 69.558916 127.692422 125.160175 122.628249 120.096665 117.565443 115.034608 112.504186 127.330268 124.790673 122.251094 119.711534 117.171992 114.632471 112.092972 
173.347891 130.634992 116.940175 26.287151 116.055068 114.192149 112.355766 110.547242 108.767966 5.080000 5.236344 5.679613 6.350000 0.000000 1.270000 2.540000 3.810000 63.700359 61.488768 59.303496 57.147563 55.024417 79.445634 77.313196 75.206084 73.126486 71.076819 124.401983 121.880774 119.360361 116.840797 114.322137 111.804443 109.287782 123.717730 121.182285 118.647036 116.111994 113.577174 111.042590 108.508260 
174.291263 131.884245 116.821905 25.755915 116.915146 115.066153 113.243944 111.449833 109.685200 5.236344 5.080000 5.236344 5.679613 1.270000 0.000000 1.270000 2.540000 64.323594 62.134191 59.972442 57.841448 55.744736 80.133441 78.019805 75.932304 73.873153 71.844791 125.662871 123.141282 120.620465 118.100470 115.581350 113.063166 110.545979 124.985521 122.449984 119.914635 117.379488 114.844555 112.309852 109.775393 
175.238760 133.133890 116.717334 25.277379 117.782639 115.947480 114.139342 112.359530 110.609410 5.679613 5.236344 5.080000 5.236344 2.540000 1.270000 0.000000 1.270000 64.965681 62.798667 60.660602 58.554658 56.484427 80.835351 78.740558 76.672683 74.633962 72.626851 126.923941 124.401983 121.880774 119.360361 116.840797 114.322137 111.804443 126.253357 123.717730 121.182285 118.647036 116.111994 113.577174 111.042590 
176.190316 134.383917 116.626500 24.854584 118.657382 116.835964 115.041791 113.276159 111.540423 6.350000 5.679613 5.236344 5.080000 3.810000 2.540000 1.270000 0.000000 65.626064 63.481598 61.367331 59.286496 57.242739 81.550998 79.475071 77.426815 75.408485 73.422550 128.185188 125.662871 123.141282 120.620465 118.100470 115.581350 113.063166 127.521236 124.985521 122.449984 119.914635 117.379488 114.844555 112.309852 
114.969979 125.897170 73.901664 89.963645 56.123210 54.810597 53.586300 52.456503 51.427436 59.303496 59.972442 60.660602 61.367331 63.700359 64.323594 64.965681 65.626064 0.000000 2.540000 5.080000 7.620000 10.160000 16.338605 14.696609 13.339182 12.360440 11.854550 101.310444 98.991050 96.682745 94.386343 92.102732 89.832890 87.577886 104.613505 102.368977 100.138567 97.923241 95.724045 93.542116 91.378693 
116.328826 124.310889 75.998392 87.730023 57.518094 56.123210 54.810597 53.586300 52.456503 57.147563 57.841448 58.554658 59.286496 61.488768 62.134191 62.798667 63.481598 2.540000 0.000000 2.540000 5.080000 7.620000 18.188264 16.338605 14.696609 13.339182 12.360440 100.313937 97.970955 95.638032 93.315923 91.005457 88.707542 86.423180 103.461857 101.191787 98.934842 96.691941 94.464083 92.252360 90.057958 
117.726796 122.756669 78.121433 85.513506 58.989412 57.518094 56.123210 54.810597 53.586300 55.024417 55.744736 56.484427 57.242739 59.303496 59.972442 60.660602 61.367331 5.080000 2.540000 0.000000 2.540000 5.080000 20.188587 18.188264 16.338605 14.696609 13.339182 99.372376 97.006655 94.649967 92.303005 89.966529 87.641378 85.328478 102.360292 100.065235 97.782291 95.512329 93.256295 91.015226 88.790255 
119.162513 121.235745 80.268701 83.315459 60.531591 58.989412 57.518094 56.123210 54.810597 52.938003 53.686323 54.453982 55.240174 57.147563 57.841448 58.554658 59.286496 7.620000 5.080000 2.540000 0.000000 2.540000 22.299067 20.188587 18.188264 16.338605 14.696609 98.487336 96.099830 93.720343 91.349499 88.987991 86.636583 84.296118 101.310444 98.991050 96.682745 94.386343 92.102732 89.832890 87.577886 
120.634628 119.749384 82.438301 81.137383 62.139355 60.531591 58.989412 57.518094 56.123210 50.892839 51.670786 52.467943 53.283447 55.024417 55.744736 56.484427 57.242739 10.160000 7.620000 5.080000 2.540000 0.000000 24.491241 22.299067 20.188587 18.188264 16.338605 97.660355 95.252123 92.850913 90.457286 88.071858 85.695315 83.328416 100.313937 97.970955 95.638032 93.315923 91.005457 88.707542 86.423180 
99.043634 124.924162 73.190523 105.608984 40.247194 39.136105 38.161971 37.335514 36.666719 75.206084 75.932304 76.672683 77.426815 79.445634 80.133441 80.835351 81.550998 16.338605 18.188264 20.188587 22.299067 24.491241 0.000000 2.540000 5.080000 7.620000 10.160000 96.256343 94.131009 92.026699 89.944889 87.887177 85.855297 83.851126 100.586763 98.554859 96.547018 94.564774 92.609769 90.683766 88.788652 
100.332097 123.092382 74.924902 103.435708 41.484234 40.247194 39.136105 38.161971 37.335514 73.126486 73.873153 74.633962 75.408485 77.313196 78.019805 78.740558 79.475071 14.696609 16.338605 18.188264 20.188587 22.299067 2.540000 0.000000 2.540000 5.080000 7.620000 94.904963 92.748668 90.612261 88.497184 86.405003 84.337422 82.296294 99.099222 97.036175 94.996241 92.980941 90.991914 89.030919 87.099850 
101.667700 121.286132 76.704188 101.279500 42.836316 41.484234 40.247194 39.136105 38.161971 71.076819 71.844791 72.626851 73.422550 75.206084 75.932304 76.672683 77.426815 13.339182 14.696609 16.338605 18.188264 20.188587 5.080000 2.540000 0.000000 2.540000 5.080000 93.603012 91.416012 89.247710 87.099503 84.972915 82.869611 80.791409 97.655098 95.560878 93.488758 91.440241 89.416948 87.420631 85.453180 
103.048609 119.506571 78.525327 99.141474 44.292905 42.836316 41.484234 40.247194 39.136105 69.059746 69.849898 70.654043 71.471709 73.126486 73.873153 74.633962 75.408485 12.360440 13.339182 14.696609 16.338605 18.188264 7.620000 5.080000 2.540000 0.000000 2.540000 92.352579 90.135244 87.935367 85.754291 83.593489 81.454573 79.339314 96.256343 94.131009 92.026699 89.944889 87.887177 85.855297 83.851126 
104.473028 117.754908 80.385477 97.022831 45.844041 44.292905 42.836316 41.484234 40.247194 67.078209 67.891427 68.718494 69.558916 71.076819 71.844791 72.626851 73.422550 11.854550 12.360440 13.339182 14.696609 16.338605 10.160000 7.620000 5.080000 2.540000 0.000000 91.155785 88.908607 86.677603 84.464055 82.269372 80.095104 77.942960 94.904963 92.748668 90.612261 88.497184 86.405003 84.337422 82.296294 
101.543379 38.898896 168.868820 140.423448 83.986454 81.858046 79.753733 77.675475 75.625420 123.894171 125.160175 126.426260 127.692422 124.401983 125.662871 126.923941 128.185188 101.310444 100.313937 99.372376 98.487336 97.660355 96.256343 94.904963 93.603012 92.352579 91.155785 0.000000 2.540000 5.080000 7.620000 10.160000 12.700000 15.240000 7.620000 8.032185 9.158100 10.776307 12.700000 14.810618 17.038838 
101.699594 39.304882 166.844922 137.982949 82.645713 80.481855 78.340585 76.223807 74.133620 121.362413 122.628249 123.894171 125.160175 121.880774 123.141282 124.401983 125.662871 98.991050 97.970955 97.006655 96.099830 95.252123 94.131009 92.748668 91.416012 90.135244 88.908607 2.540000 0.000000 2.540000 5.080000 7.620000 10.160000 12.700000 8.032185 7.620000 8.032185 9.158100 10.776307 12.700000 14.810618 
101.918891 39.868867 164.835314 135.546107 81.362192 79.163258 76.985322 74.830217 72.699973 118.831007 120.096665 121.362413 122.628249 119.360361 120.620465 121.880774 123.141282 96.682745 95.638032 94.649967 93.720343 92.850913 92.026699 90.612261 89.247710 87.935367 86.677603 5.080000 2.540000 0.000000 2.540000 5.080000 7.620000 10.160000 9.158100 8.032185 7.620000 8.032185 9.158100 10.776307 12.700000 
102.200862 40.584265 162.840526 133.113122 80.138643 77.905181 75.691053 73.498007 71.327988 116.299975 117.565443 118.831007 120.096665 116.840797 118.100470 119.360361 120.620465 94.386343 93.315923 92.303005 91.349499 90.457286 89.944889 88.497184 87.099503 85.754291 84.464055 7.620000 5.080000 2.540000 0.000000 2.540000 5.080000 7.620000 10.776307 9.158100 8.032185 7.620000 8.032185 9.158100 10.776307 
102.544993 41.443236 160.861108 130.684208 78.977852 76.710600 74.460960 72.230575 70.021288 113.769343 115.034608 116.299975 117.565443 114.322137 115.581350 116.840797 118.100470 92.102732 91.005457 89.966529 88.987991 88.071858 87.887177 86.405003 84.972915 83.593489 82.269372 10.160000 7.620000 5.080000 2.540000 0.000000 2.540000 5.080000 12.700000 10.776307 9.158100 8.032185 7.620000 8.032185 9.158100 
102.950658 42.437062 158.897635 128.259599 77.882624 75.582526 73.298272 71.031389 68.783595 111.239138 112.504186 113.769343 115.034608 111.804443 113.063166 114.322137 115.581350 89.832890 88.707542 87.641378 86.636583 85.695315 85.855297 84.337422 82.869611 81.454573 80.095104 12.700000 10.160000 7.620000 5.080000 2.540000 0.000000 2.540000 14.810618 12.700000 10.776307 9.158100 8.032185 7.620000 8.032185 
103.417134 43.556514 156.950706 125.839542 76.855764 74.523980 72.206246 69.903959 67.618697 108.709390 109.974205 111.239138 112.504186 109.287782 110.545979 111.804443 113.063166 87.577886 86.423180 85.328478 84.296118 83.328416 83.851126 82.296294 80.791409 79.339314 77.942960 15.240000 12.700000 10.160000 7.620000 5.080000 2.540000 0.000000 17.038838 14.810618 12.700000 10.776307 9.158100 8.032185 7.620000 
109.154850 31.356777 173.552302 138.523890 90.499162 88.308572 86.137173 83.986454 81.858046 123.520882 124.790673 126.060469 127.330268 123.717730 124.985521 126.253357 127.521236 104.613505 103.461857 102.360292 101.310444 100.313937 100.586763 99.099222 97.655098 96.256343 94.904963 7.620000 8.032185 9.158100 10.776307 12.700000 14.810618 17.038838 0.000000 2.540000 5.080000 7.620000 10.160000 12.700000 15.240000 
109.300187 31.859019 171.583657 136.049321 89.256303 87.034437 84.830430 82.645713 80.481855 120.981312 122.251094 123.520882 124.790673 121.182285 122.449984 123.717730 124.985521 102.368977 101.191787 100.065235 98.991050 97.970955 98.554859 97.036175 95.560878 94.131009 92.748668 8.032185 7.620000 8.032185 9.158100 10.776307 12.700000 14.810618 2.540000 0.000000 2.540000 5.080000 7.620000 10.160000 12.700000 
109.504263 32.552265 169.630198 133.577208 88.069178 85.816582 83.580467 81.362192 79.163258 118.441761 119.711534 120.981312 122.251094 118.647036 119.914635 121.182285 122.449984 100.138567 98.934842 97.782291 96.682745 95.638032 96.547018 94.996241 93.488758 92.026699 90.612261 9.158100 8.032185 7.620000 8.032185 9.158100 10.776307 12.700000 5.080000 2.540000 0.000000 2.540000 5.080000 7.620000 10.160000 
109.766751 33.424631 167.692457 131.107690 86.940071 84.657436 82.389867 80.138643 77.905181 115.902229 117.171992 118.441761 119.711534 116.111994 117.379488 118.647036 119.914635 97.923241 96.691941 95.512329 94.386343 93.315923 94.564774 92.980941 91.440241 89.944889 88.497184 10.776307 9.158100 8.032185 7.620000 8.032185 9.158100 10.776307 7.620000 5.080000 2.540000 0.000000 2.540000 5.080000 7.620000 
110.087233 34.462519 165.770985 128.640918 85.871269 83.559442 81.261240 78.977852 76.710600 113.362719 114.632471 115.902229 117.171992 113.577174 114.844555 116.111994 117.379488 95.724045 94.464083 93.256295 92.102732 91.005457 92.609769 90.991914 89.416948 87.887177 86.405003 12.700000 10.776307 9.158100 8.032185 7.620000 8.032185 9.158100 10.160000 7.620000 5.080000 2.540000 0.000000 2.540000 5.080000 
110.465204 35.651474 163.866354 126.177051 84.865052 82.525042 80.197202 77.882624 75.582526 110.823231 112.092972 113.362719 114.632471 111.042590 112.309852 113.577174 114.844555 93.542116 92.252360 91.015226 89.832890 88.707542 90.683766 89.030919 87.420631 85.855297 84.337422 14.810618 12.700000 10.776307 9.158100 8.032185 7.620000 8.032185 12.700000 10.160000 7.620000 5.080000 2.540000 0.000000 2.540000 
110.900076 36.976929 161.979157 123.716263 83.923670 81.556654 79.200357 76.855764 74.523980 108.283766 109.553495 110.823231 112.092972 108.508260 109.775393 111.042590 112.309852 91.378693 90.057958 88.790255 87.577886 86.423180 88.788652 87.099850 85.453180 83.851126 82.296294 17.038838 14.810618 12.700000 10.776307 9.158100 8.032185 7.620000 15.240000 12.700000 10.160000 7.620000 5.080000 2.540000 0.000000 
