34
# Circuit board instance
Width: 100
Height: 100
Components: 3
Total holes: 34
Size category: medium
0.000000 90.000000 90.000000 127.279221 73.023849 73.070380 73.205065 73.427419 73.736648 74.131667 74.611111 80.643846 80.685982 80.807975 81.009463 81.289856 81.648340 82.083892 66.040354 66.125925 66.235741 66.369681 71.112466 71.191940 71.293953 71.418408 44.665684 45.880483 47.098195 48.318599 46.421473 47.591476 48.766483 49.946140 
90.000000 0.000000 127.279221 90.000000 16.976320 17.175370 17.739629 18.635953 19.819340 21.241867 22.858933 9.356431 9.712914 10.679036 12.109752 13.861948 15.829223 17.940964 24.370941 24.601878 24.895537 25.249732 19.370007 19.659775 20.026037 20.464686 87.856818 88.480597 89.118108 89.769061 83.452683 84.109130 84.779520 85.463525 
90.000000 127.279221 0.000000 90.000000 115.845639 113.885074 111.947805 110.035064 108.148153 106.288445 104.457396 120.793872 118.914917 117.060918 115.233080 113.432668 111.661009 109.919493 108.508807 107.502887 106.502611 105.508139 111.668328 110.691125 109.719918 108.754870 49.136252 47.914160 46.694624 45.477852 50.737571 49.554985 48.376831 47.203441 
127.279221 90.000000 90.000000 0.000000 91.520080 89.025406 86.533369 84.044205 81.558175 79.075575 76.596739 90.417213 87.891241 85.366102 82.841872 80.318635 77.796490 75.275546 89.480587 88.258060 87.036892 85.817141 88.249815 87.009997 85.771061 84.533047 90.211798 89.552018 88.905485 88.272488 85.928449 85.235520 84.555987 83.890179 
73.023849 16.976320 115.845639 91.520080 0.000000 2.540000 5.080000 7.620000 10.160000 12.700000 15.240000 7.620000 8.032185 9.158100 10.776307 12.700000 14.810618 17.038838 8.023813 8.690111 9.480520 10.366692 4.256053 5.408367 6.603989 7.823089 73.441779 74.185694 74.943748 75.715515 69.366439 70.153582 70.954726 71.769402 
73.070380 17.175370 113.885074 89.025406 2.540000 0.000000 2.540000 5.080000 7.620000 10.160000 12.700000 8.032185 7.620000 8.032185 9.158100 10.776307 12.700000 14.810618 7.196255 7.514714 8.023813 8.690111 2.349148 3.194267 4.256053 5.408367 71.998110 72.712437 73.441779 74.185694 67.836094 68.593778 69.366439 70.153582 
73.205065 17.739629 111.947805 86.533369 5.080000 2.540000 0.000000 2.540000 5.080000 7.620000 10.160000 9.158100 8.032185 7.620000 8.032185 9.158100 10.776307 12.700000 7.217603 7.094156 7.196255 7.514714 2.413753 2.014808 2.349148 3.194267 70.616314 71.299249 71.998110 72.712437 66.367701 67.093895 67.836094 68.593778 
73.427419 18.635953 110.035064 84.044205 7.620000 5.080000 2.540000 0.000000 2.540000 5.080000 7.620000 10.776307 9.158100 8.032185 7.620000 8.032185 9.158100 10.776307 8.081133 7.555551 7.217603 7.094156 4.363154 3.289188 2.413753 2.014808 69.300094 69.949771 70.616314 71.299249 64.965459 65.658041 66.367701 67.093895 
73.736648 19.819340 108.148153 81.558175 10.160000 7.620000 5.080000 2.540000 0.000000 2.540000 5.080000 12.700000 10.776307 9.158100 8.032185 7.620000 8.032185 9.158100 9.561319 8.760643 8.081133 7.555551 6.719466 5.520985 4.363154 3.289188 68.053255 68.667761 69.300094 69.949771 63.633744 64.290506 64.965459 65.658041 
74.131667 21.241867 106.288445 79.075575 12.700000 10.160000 7.620000 5.080000 2.540000 0.000000 2.540000 14.810618 12.700000 10.776307 9.158100 8.032185 7.620000 8.032185 11.420864 10.455361 9.561319 8.760643 9.174341 7.940213 6.719466 5.520985 66.879676 67.457063 68.053255 68.667761 62.377071 62.995740 63.633744 64.290506 
74.611111 22.858933 104.457396 76.596739 15.240000 12.700000 10.160000 7.620000 5.080000 2.540000 0.000000 17.038838 14.810618 12.700000 10.776307 9.158100 8.032185 7.620000 13.503949 12.441201 11.420864 10.455361 11.665721 10.417096 9.174341 7.940213 65.783280 66.321585 66.879676 67.457063 61.200064 61.778317 62.377071 62.995740 
80.643846 9.356431 120.793872 90.417213 7.620000 8.032185 9.158100 10.776307 12.700000 14.810618 17.038838 0.000000 2.540000 5.080000 7.620000 10.160000 12.700000 15.240000 15.184102 15.546492 16.001739 16.542180 10.337803 10.863085 11.505167 12.245689 79.771280 80.456693 81.156192 81.869417 75.525134 76.248725 76.986468 77.737958 
80.685982 9.712914 118.914917 87.891241 8.032185 7.620000 8.032185 9.158100 10.776307 12.700000 14.810618 2.540000 0.000000 2.540000 5.080000 7.620000 10.160000 12.700000 14.763519 14.921338 15.184102 15.546492 9.709515 9.947840 10.337803 10.863085 78.444184 79.100320 79.771280 80.456693 74.122052 74.816103 75.525134 76.248725 
80.807975 10.679036 117.060918 85.366102 9.158100 8.032185 7.620000 8.032185 9.158100 10.776307 12.700000 5.080000 2.540000 0.000000 2.540000 5.080000 7.620000 10.160000 14.773936 14.714022 14.763519 14.921338 9.725348 9.634087 9.709515 9.947840 77.177885 77.803246 78.444184 79.100320 72.780593 73.443405 74.122052 74.816103 
81.009463 12.109752 115.233080 82.841872 10.776307 9.158100 8.032185 7.620000 8.032185 9.158100 10.776307 7.620000 5.080000 2.540000 0.000000 2.540000 5.080000 7.620000 15.214470 14.941946 14.773936 14.714022 10.382356 9.978725 9.725348 9.634087 75.975425 76.568484 77.177885 77.803246 71.504223 72.134052 72.780593 73.443405 
81.289856 13.861948 113.432668 80.318635 12.700000 10.776307 9.158100 8.032185 7.620000 8.032185 9.158100 10.160000 7.620000 5.080000 2.540000 0.000000 2.540000 5.080000 16.049742 15.586028 15.214470 14.941946 11.571837 10.919591 10.382356 9.978725 74.839880 75.399095 75.975425 76.568484 70.296489 70.891553 71.504223 72.134052 
81.648340 15.829223 111.661009 77.796490 14.810618 12.700000 10.776307 9.158100 8.032185 7.620000 8.032185 12.700000 10.160000 7.620000 5.080000 2.540000 0.000000 2.540000 17.222413 16.597890 16.049742 15.586028 13.150085 12.320843 11.571837 10.919591 73.774340 74.298167 74.839880 75.399095 69.160986 69.719483 70.296489 70.891553 
82.083892 17.940964 109.919493 75.275546 17.038838 14.810618 12.700000 10.776307 9.158100 8.032185 7.620000 15.240000 12.700000 10.160000 7.620000 5.080000 2.540000 0.000000 18.669013 17.915325 17.222413 16.597890 14.994840 14.045358 13.150085 12.320843 72.781880 73.268785 73.774340 74.298167 68.101327 68.621451 69.160986 69.719483 
66.040354 24.370941 108.508807 89.480587 8.023813 7.196255 7.217603 8.081133 9.561319 11.420864 13.503949 15.184102 14.763519 14.773936 15.214470 16.049742 17.222413 18.669013 0.000000 1.270000 2.540000 3.810000 5.080000 5.236344 5.679613 6.350000 65.497003 66.258254 67.034922 67.826478 61.481211 62.291557 63.117054 63.957118 
66.125925 24.601878 107.502887 88.258060 8.690111 7.514714 7.094156 7.555551 8.760643 10.455361 12.441201 15.546492 14.921338 14.714022 14.941946 15.586028 16.597890 17.915325 1.270000 0.000000 1.270000 2.540000 5.236344 5.080000 5.236344 5.679613 64.751714 65.497003 66.258254 67.034922 60.686624 61.481211 62.291557 63.117054 
66.235741 24.895537 106.502611 87.036892 9.480520 8.023813 7.196255 7.217603 8.081133 9.561319 11.420864 16.001739 15.184102 14.763519 14.773936 15.214470 16.049742 17.222413 2.540000 1.270000 0.000000 1.270000 5.679613 5.236344 5.080000 5.236344 64.022944 64.751714 65.497003 66.258254 59.908423 60.686624 61.481211 62.291557 
66.369681 25.249732 105.508139 85.817141 10.366692 8.690111 7.514714 7.094156 7.555551 8.760643 10.455361 16.542180 15.546492 14.921338 14.714022 14.941946 15.586028 16.597890 3.810000 2.540000 1.270000 0.000000 6.350000 5.679613 5.236344 5.080000 63.311263 64.022944 64.751714 65.497003 59.147256 59.908423 60.686624 61.481211 
71.112466 19.370007 111.668328 88.249815 4.256053 2.349148 2.413753 4.363154 6.719466 9.174341 11.665721 10.337803 9.709515 9.725348 10.382356 11.571837 13.150085 14.994840 5.080000 5.236344 5.679613 6.350000 0.000000 1.270000 2.540000 3.810000 69.651909 70.368225 71.100012 71.846795 65.497003 66.258254 67.034922 67.826478 
71.191940 19.659775 110.691125 87.009997 5.408367 3.194267 2.014808 3.289188 5.520985 7.940213 10.417096 10.863085 9.947840 9.634087 9.978725 10.919591 12.320843 14.045358 5.236344 5.080000 5.236344 5.679613 1.270000 0.000000 1.270000 2.540000 68.951544 69.651909 70.368225 71.100012 64.751714 65.497003 66.258254 67.034922 
71.293953 20.026037 109.719918 85.771061 6.603989 4.256053 2.349148 2.413753 4.363154 6.719466 9.174341 11.505167 10.337803 9.709515 9.725348 10.382356 11.571837 13.150085 5.679613 5.236344 5.080000 5.236344 2.540000 1.270000 0.000000 1.270000 68.267623 68.951544 69.651909 70.368225 64.022944 64.751714 65.497003 66.258254 
71.418408 20.464686 108.754870 84.533047 7.823089 5.408367 3.194267 2.014808 3.289188 5.520985 7.940213 12.245689 10.863085 9.947840 9.634087 9.978725 10.919591 12.320843 6.350000 5.679613 5.236344 5.080000 3.810000 2.540000 1.270000 0.000000 67.600643 68.267623 68.951544 69.651909 63.311263 64.022944 64.751714 65.497003 
44.665684 87.856818 49.136252 90.211798 73.441779 71.998110 70.616314 69.300094 68.053255 66.879676 65.783280 79.771280 78.444184 77.177885 75.975425 74.839880 73.774340 72.781880 65.497003 64.751714 64.022944 63.311263 69.651909 68.951544 68.267623 67.600643 0.000000 1.270000 2.540000 3.810000 5.080000 5.236344 5.679613 6.350000 
45.880483 88.480597 47.914160 89.552018 74.185694 72.712437 71.299249 69.949771 68.667761 67.457063 66.321585 80.456693 79.100320 77.803246 76.568484 75.399095 74.298167 73.268785 66.258254 65.497003 64.751714 64.022944 70.368225 69.651909 68.951544 68.267623 1.270000 0.000000 1.270000 2.540000 5.236344 5.080000 5.236344 5.679613 
47.098195 89.118108 46.694624 88.905485 74.943748 73.441779 71.998110 70.616314 69.300094 68.053255 66.879676 81.156192 79.771280 78.444184 77.177885 75.975425 74.839880 73.774340 67.034922 66.258254 65.497003 64.751714 71.100012 70.368225 69.651909 68.951544 2.540000 1.270000 0.000000 1.270000 5.679613 5.236344 5.080000 5.236344 
48.318599 89.769061 45.477852 88.272488 75.715515 74.185694 72.712437 71.299249 69.949771 68.667761 67.457063 81.869417 80.456693 79.100320 77.803246 76.568484 75.399095 74.298167 67.826478 67.034922 66.258254 65.497003 71.846795 71.100012 70.368225 69.651909 3.810000 2.540000 1.270000 0.000000 6.350000 5.679613 5.236344 5.080000 
46.421473 83.452683 50.737571 85.928449 69.366439 67.836094 66.367701 64.965459 63.633744 62.377071 61.200064 75.525134 74.122052 72.780593 71.504223 70.296489 69.160986 68.101327 61.481211 60.686624 59.908423 59.147256 65.497003 64.751714 64.022944 63.311263 5.080000 5.236344 5.679613 6.350000 0.000000 1.270000 2.540000 3.810000 
47.591476 84.109130 49.554985 85.235520 70.153582 68.593778 67.093895 65.658041 64.290506 62.995740 61.778317 76.248725 74.816103 73.443405 72.134052 70.891553 69.719483 68.621451 62.291557 61.481211 60.686624 59.908423 66.258254 65.497003 64.751714 64.022944 5.236344 5.080000 5.236344 5.679613 1.270000 0.000000 1.270000 2.540000 
48.766483 84.779520 48.376831 84.555987 70.954726 69.366439 67.836094 66.367701 64.965459 63.633744 62.377071 76.986468 75.525134 74.122052 72.780593 71.504223 70.296489 69.160986 63.117054 62.291557 61.481211 60.686624 67.034922 66.258254 65.497003 64.751714 5.679613 5.236344 5.080000 5.236344 2.540000 1.270000 0.000000 1.270000 
49.946140 85.463525 47.203441 83.890179 71.769402 70.153582 68.593778 67.093895 65.658041 64.290506 62.995740 77.737958 76.248725 74.816103 73.443405 72.134052 70.891553 69.719483 63.957118 63.117054 62.291557 61.481211 67.826478 67.034922 66.258254 65.497003 6.350000 5.679613 5.236344 5.080000 3.810000 2.540000 1.270000 0.000000 
