26
# Circuit board instance
Size: medium
Nodes: 26
0.000000 40.000000 40.000000 56.568542 14.473544 15.400151 16.372892 17.384026 18.411351 19.148342 19.939056 20.777361 19.399095 21.656013 23.969650 26.325055 28.711952 31.123094 33.553256 24.034115 25.890089 27.854226 29.905223 32.026395 34.204690 36.429861 
40.000000 0.000000 56.568542 40.000000 31.512583 31.948772 32.428860 32.950929 26.760740 27.273034 27.833888 28.440431 34.990849 36.290736 37.717088 39.256123 40.895119 42.622548 44.428095 28.566997 30.145171 31.847960 33.656455 35.554530 37.528595 39.567277 
40.000000 56.568542 0.000000 40.000000 31.439401 30.240984 29.048650 27.863181 33.435465 32.311167 31.198052 30.097362 24.874555 22.543325 20.262347 18.050682 15.937213 13.966587 12.208177 28.636642 26.636728 24.736138 22.959550 21.337960 19.909278 18.717729 
56.568542 40.000000 40.000000 0.000000 42.095075 41.207724 40.340841 39.495775 38.666390 37.698420 36.748848 35.819137 38.298539 36.827111 35.476715 34.261666 33.196828 32.297062 31.576482 32.534472 30.788795 29.160095 27.669036 26.339005 25.195515 24.264954 
14.473544 31.512583 31.439401 42.095075 0.000000 1.270000 2.540000 3.810000 5.080000 5.236344 5.679613 6.350000 6.754925 9.281730 11.814196 14.349325 16.885918 19.423401 21.961467 9.560904 11.486182 13.614591 15.864583 18.191099 20.568189 22.980163 
15.400151 31.948772 30.240984 41.207724 1.270000 0.000000 1.270000 2.540000 5.236344 5.080000 5.236344 5.679613 5.496086 8.017285 10.547510 13.081524 15.617483 18.154572 20.692375 8.717157 10.490888 12.531234 14.727801 17.020213 19.374476 21.770536 
16.372892 32.428860 29.048650 40.340841 2.540000 1.270000 0.000000 1.270000 5.679613 5.236344 5.080000 5.236344 4.243903 6.754925 9.281730 11.814196 14.349325 16.885918 19.423401 7.987025 9.560904 11.486182 13.614591 15.864583 18.191099 20.568189 
17.384026 32.950929 27.863181 39.495775 3.810000 2.540000 1.270000 0.000000 6.350000 5.679613 5.236344 5.080000 3.006702 5.496086 8.017285 10.547510 13.081524 15.617483 18.154572 7.404196 8.717157 10.490888 12.531234 14.727801 17.020213 19.374476 
18.411351 26.760740 33.435465 38.666390 5.080000 5.236344 5.679613 6.350000 0.000000 1.270000 2.540000 3.810000 8.923215 10.961080 13.174596 15.488637 17.864181 20.279627 22.722253 6.927224 9.407866 11.913549 14.431235 16.955579 19.483992 22.015073 
19.148342 27.273034 32.311167 37.698420 5.236344 5.080000 5.236344 5.679613 1.270000 0.000000 1.270000 2.540000 8.012597 9.913204 12.051752 14.322047 16.670349 19.067859 21.498119 5.706521 8.162983 10.658677 13.171321 15.692775 18.219382 20.749260 
19.939056 27.833888 31.198052 36.748848 5.679613 5.236344 5.080000 5.236344 2.540000 1.270000 0.000000 1.270000 7.211482 8.923215 10.961080 13.174596 15.488637 17.864181 20.279627 4.513107 6.927224 9.407866 11.913549 14.431235 16.955579 19.483992 
20.777361 28.440431 30.097362 35.819137 6.350000 5.679613 5.236344 5.080000 3.810000 2.540000 1.270000 0.000000 6.560108 8.012597 9.913204 12.051752 14.322047 16.670349 19.067859 3.376045 5.706521 8.162983 10.658677 13.171321 15.692775 18.219382 
19.399095 34.990849 24.874555 38.298539 6.754925 5.496086 4.243903 3.006702 8.923215 8.012597 7.211482 6.560108 0.000000 2.540000 5.080000 7.620000 10.160000 12.700000 15.240000 7.620000 8.032185 9.158100 10.776307 12.700000 14.810618 17.038838 
21.656013 36.290736 22.543325 36.827111 9.281730 8.017285 6.754925 5.496086 10.961080 9.913204 8.923215 8.012597 2.540000 0.000000 2.540000 5.080000 7.620000 10.160000 12.700000 8.032185 7.620000 8.032185 9.158100 10.776307 12.700000 14.810618 
23.969650 37.717088 20.262347 35.476715 11.814196 10.547510 9.281730 8.017285 13.174596 12.051752 10.961080 9.913204 5.080000 2.540000 0.000000 2.540000 5.080000 7.620000 10.160000 9.158100 8.032185 7.620000 8.032185 9.158100 10.776307 12.700000 
26.325055 39.256123 18.050682 34.261666 14.349325 13.081524 11.814196 10.547510 15.488637 14.322047 13.174596 12.051752 7.620000 5.080000 2.540000 0.000000 2.540000 5.080000 7.620000 10.776307 9.158100 8.032185 7.620000 8.032185 9.158100 10.776307 
28.711952 40.895119 15.937213 33.196828 16.885918 15.617483 14.349325 13.081524 17.864181 16.670349 15.488637 14.322047 10.160000 7.620000 5.080000 2.540000 0.000000 2.540000 5.080000 12.700000 10.776307 9.158100 8.032185 7.620000 8.032185 9.158100 
31.123094 42.622548 13.966587 32.297062 19.423401 18.154572 16.885918 15.617483 20.279627 19.067859 17.864181 16.670349 12.700000 10.160000 7.620000 5.080000 2.540000 0.000000 2.540000 14.810618 12.700000 10.776307 9.158100 8.032185 7.620000 8.032185 
33.553256 44.428095 12.208177 31.576482 21.961467 20.692375 19.423401 18.154572 22.722253 21.498119 20.279627 19.067859 15.240000 12.700000 10.160000 7.620000 5.080000 2.540000 0.000000 17.038838 14.810618 12.700000 10.776307 9.158100 8.032185 7.620000 
24.034115 28.566997 28.636642 32.534472 9.560904 8.717157 7.987025 7.404196 6.927224 5.706521 4.513107 3.376045 7.620000 8.032185 9.158100 10.776307 12.700000 14.810618 17.038838 0.000000 2.540000 5.080000 7.620000 10.160000 12.700000 15.240000 
25.890089 30.145171 26.636728 30.788795 11.486182 10.490888 9.560904 8.717157 9.407866 8.162983 6.927224 5.706521 8.032185 7.620000 8.032185 9.158100 10.776307 12.700000 14.810618 2.540000 0.000000 2.540000 5.080000 7.620000 10.160000 12.700000 
27.854226 31.847960 24.736138 29.160095 13.614591 12.531234 11.486182 10.490888 11.913549 10.658677 9.407866 8.162983 9.158100 8.032185 7.620000 8.032185 9.158100 10.776307 12.700000 5.080000 2.540000 0.000000 2.540000 5.080000 7.620000 10.160000 
29.905223 33.656455 22.959550 27.669036 15.864583 14.727801 13.614591 12.531234 14.431235 13.171321 11.913549 10.658677 10.776307 9.158100 8.032185 7.620000 8.032185 9.158100 10.776307 7.620000 5.080000 2.540000 0.000000 2.540000 5.080000 7.620000 
32.026395 35.554530 21.337960 26.339005 18.191099 17.020213 15.864583 14.727801 16.955579 15.692775 14.431235 13.171321 12.700000 10.776307 9.158100 8.032185 7.620000 8.032185 9.158100 10.160000 7.620000 5.080000 2.540000 0.000000 2.540000 5.080000 
34.204690 37.528595 19.909278 25.195515 20.568189 19.374476 18.191099 17.020213 19.483992 18.219382 16.955579 15.692775 14.810618 12.700000 10.776307 9.158100 8.032185 7.620000 8.032185 12.700000 10.160000 7.620000 5.080000 2.540000 0.000000 2.540000 
36.429861 39.567277 18.717729 24.264954 22.980163 21.770536 20.568189 19.374476 22.015073 20.749260 19.483992 18.219382 17.038838 14.810618 12.700000 10.776307 9.158100 8.032185 7.620000 15.240000 12.700000 10.160000 7.620000 5.080000 2.540000 0.000000 
