31
# Circuit board instance
Size: medium
Nodes: 31
0.000000 65.000000 65.000000 91.923882 36.487380 37.827677 39.286647 40.851577 42.510766 41.019481 42.652946 44.371758 46.166386 48.028333 49.950070 51.924959 47.209000 48.635024 50.149225 51.743860 53.411727 55.146181 56.941138 67.204715 67.848160 68.509106 69.187053 71.650188 72.254055 72.875053 73.512748 
65.000000 0.000000 91.923882 65.000000 56.324953 54.239328 52.193986 50.193852 48.244551 41.768819 43.374072 45.065389 46.833445 48.669879 50.567241 52.518928 36.057261 37.905171 39.829400 41.819414 43.866262 45.962350 48.101243 34.255813 35.501546 36.748941 37.997834 33.620476 34.888902 36.157439 37.426075 
65.000000 91.923882 0.000000 65.000000 38.150980 39.434776 40.836369 42.344064 43.946941 50.745302 48.801246 46.914184 45.091274 43.340611 41.671300 40.093506 55.867499 54.107794 52.412141 50.786956 49.239216 47.776449 46.406692 66.154611 65.560900 64.986587 64.432190 70.666174 70.110679 69.573933 69.056375 
91.923882 65.000000 65.000000 0.000000 57.416624 55.372132 53.370221 51.415865 49.514696 51.352916 49.432762 47.570759 45.774004 44.050482 42.409122 40.859828 46.825355 44.711182 42.643510 40.629438 38.677342 36.797085 35.000249 32.146843 30.906611 29.668897 28.434032 31.468956 30.200899 28.933012 27.665319 
36.487380 56.324953 38.150980 57.416624 0.000000 2.540000 5.080000 7.620000 10.160000 14.907280 14.094504 13.710809 13.792053 14.330331 15.277409 16.563311 22.110196 21.570555 21.321821 21.374155 21.725380 22.361417 23.258913 39.930098 40.014846 40.139617 40.304039 45.004256 45.079466 45.190256 45.336364 
37.827677 54.239328 39.434776 55.372132 2.540000 0.000000 2.540000 5.080000 7.620000 12.615684 11.644034 11.176527 11.276046 11.928405 13.050965 14.535189 19.674340 19.065878 18.784008 18.843391 19.240869 19.956249 20.957001 37.393614 37.484097 37.617263 37.792661 42.467003 42.546698 42.664065 42.818795 
39.286647 52.193986 40.836369 53.370221 5.080000 2.540000 0.000000 2.540000 5.080000 10.439691 9.242034 8.645602 8.773875 9.597839 10.961723 12.692652 17.268519 16.571957 16.246877 16.315497 16.772987 17.589029 18.716783 34.857642 34.954690 35.097454 35.285380 39.930098 40.014846 40.139617 40.304039 
40.851577 50.193852 42.344064 51.415865 7.620000 5.080000 2.540000 0.000000 2.540000 8.468886 6.939025 6.122198 6.302044 7.406308 9.104627 11.128265 14.907280 14.094504 13.710809 13.792053 14.330331 15.277409 16.563311 32.322302 32.426939 32.580781 32.783137 37.393614 37.484097 37.617263 37.792661 
42.510766 48.244551 43.946941 49.514696 10.160000 7.620000 5.080000 2.540000 0.000000 6.881868 4.877309 3.622070 3.918396 5.521908 7.650641 9.973783 12.615684 11.644034 11.176527 11.276046 11.928405 13.050965 14.535189 29.787756 29.901264 30.068032 30.287180 34.857642 34.954690 35.097454 35.285380 
41.019481 41.768819 50.745302 51.352916 14.907280 12.615684 10.439691 8.468886 6.881868 0.000000 2.540000 5.080000 7.620000 10.160000 12.700000 15.240000 7.620000 8.032185 9.158100 10.776307 12.700000 14.810618 17.038838 27.370434 27.765583 28.212414 28.708515 32.265535 32.601406 32.982790 33.408127 
42.652946 43.374072 48.801246 49.432762 14.094504 11.644034 9.242034 6.939025 4.877309 2.540000 0.000000 2.540000 5.080000 7.620000 10.160000 12.700000 8.032185 7.620000 8.032185 9.158100 10.776307 12.700000 14.810618 26.744050 27.029235 27.370434 27.765583 31.735915 31.976611 32.265535 32.601406 
44.371758 45.065389 46.914184 47.570759 13.710809 11.176527 8.645602 6.122198 3.622070 5.080000 2.540000 0.000000 2.540000 5.080000 7.620000 10.160000 9.158100 8.032185 7.620000 8.032185 9.158100 10.776307 12.700000 26.348642 26.516687 26.744050 27.029235 31.403424 31.544552 31.735915 31.976611 
46.166386 46.833445 45.091274 45.774004 13.792053 11.276046 8.773875 6.302044 3.918396 7.620000 5.080000 2.540000 0.000000 2.540000 5.080000 7.620000 10.776307 9.158100 8.032185 7.620000 8.032185 9.158100 10.776307 26.194673 26.241056 26.348642 26.516687 31.274351 31.313210 31.403424 31.544552 
48.028333 48.669879 43.340611 44.050482 14.330331 11.928405 9.597839 7.406308 5.521908 10.160000 7.620000 5.080000 2.540000 0.000000 2.540000 5.080000 12.700000 10.776307 9.158100 8.032185 7.620000 8.032185 9.158100 26.286385 26.209818 26.194673 26.241056 31.351207 31.287037 31.274351 31.313210 
49.950070 50.567241 41.671300 42.409122 15.277409 13.050965 10.961723 9.104627 7.650641 12.700000 10.160000 7.620000 5.080000 2.540000 0.000000 2.540000 14.810618 12.700000 10.776307 9.158100 8.032185 7.620000 8.032185 26.621239 26.423840 26.286385 26.209818 31.632491 31.466544 31.351207 31.287037 
51.924959 52.518928 40.093506 40.859828 16.563311 14.535189 12.692652 11.128265 9.973783 15.240000 12.700000 10.160000 7.620000 5.080000 2.540000 0.000000 17.038838 14.810618 12.700000 10.776307 9.158100 8.032185 7.620000 27.190254 26.877263 26.621239 26.423840 32.112833 31.848255 31.632491 31.466544 
47.209000 36.057261 55.867499 46.825355 22.110196 19.674340 17.268519 14.907280 12.615684 7.620000 8.032185 9.158100 10.776307 12.700000 14.810618 17.038838 0.000000 2.540000 5.080000 7.620000 10.160000 12.700000 15.240000 20.199716 20.731991 21.326701 21.978778 24.950620 25.383466 25.871472 26.411581 
48.635024 37.905171 54.107794 44.711182 21.570555 19.065878 16.571957 14.094504 11.644034 8.032185 7.620000 8.032185 9.158100 10.776307 12.700000 14.810618 2.540000 0.000000 2.540000 5.080000 7.620000 10.160000 12.700000 19.342494 19.734928 20.199716 20.731991 24.261842 24.575848 24.950620 25.383466 
50.149225 39.829400 52.412141 42.643510 21.321821 18.784008 16.246877 13.710809 11.176527 9.158100 8.032185 7.620000 8.032185 9.158100 10.776307 12.700000 5.080000 2.540000 0.000000 2.540000 5.080000 7.620000 10.160000 18.791988 19.026890 19.342494 19.734928 23.825275 24.010986 24.261842 24.575848 
51.743860 41.819414 50.786956 40.629438 21.374155 18.843391 16.315497 13.792053 11.276046 10.776307 9.158100 8.032185 7.620000 8.032185 9.158100 10.776307 7.620000 5.080000 2.540000 0.000000 2.540000 5.080000 7.620000 18.575488 18.640839 18.791988 19.026890 23.654886 23.706239 23.825275 24.010986 
53.411727 43.866262 49.239216 38.677342 21.725380 19.240869 16.772987 14.330331 11.928405 12.700000 10.776307 9.158100 8.032185 7.620000 8.032185 9.158100 10.160000 7.620000 5.080000 2.540000 0.000000 2.540000 5.080000 18.704595 18.596839 18.575488 18.640839 23.756405 23.671656 23.654886 23.706239 
55.146181 45.962350 47.776449 36.797085 22.361417 19.956249 17.589029 15.277409 13.050965 14.810618 12.700000 10.776307 9.158100 8.032185 7.620000 8.032185 12.700000 10.160000 7.620000 5.080000 2.540000 0.000000 2.540000 19.172330 18.897279 18.704595 18.596839 24.126399 23.908410 23.756405 23.671656 
56.941138 48.101243 46.406692 35.000249 23.258913 20.957001 18.716783 16.563311 14.535189 17.038838 14.810618 12.700000 10.776307 9.158100 8.032185 7.620000 15.240000 12.700000 10.160000 7.620000 5.080000 2.540000 0.000000 19.954894 19.526267 19.172330 18.897279 24.752832 24.408605 24.126399 23.908410 
67.204715 34.255813 66.154611 32.146843 39.930098 37.393614 34.857642 32.322302 29.787756 27.370434 26.744050 26.348642 26.194673 26.286385 26.621239 27.190254 20.199716 19.342494 18.791988 18.575488 18.704595 19.172330 19.954894 0.000000 1.270000 2.540000 3.810000 5.080000 5.236344 5.679613 6.350000 
67.848160 35.501546 65.560900 30.906611 40.014846 37.484097 34.954690 32.426939 29.901264 27.765583 27.029235 26.516687 26.241056 26.209818 26.423840 26.877263 20.731991 19.734928 19.026890 18.640839 18.596839 18.897279 19.526267 1.270000 0.000000 1.270000 2.540000 5.236344 5.080000 5.236344 5.679613 
68.509106 36.748941 64.986587 29.668897 40.139617 37.617263 35.097454 32.580781 30.068032 28.212414 27.370434 26.744050 26.348642 26.194673 26.286385 26.621239 21.326701 20.199716 19.342494 18.791988 18.575488 18.704595 19.172330 2.540000 1.270000 0.000000 1.270000 5.679613 5.236344 5.080000 5.236344 
69.187053 37.997834 64.432190 28.434032 40.304039 37.792661 35.285380 32.783137 30.287180 28.708515 27.765583 27.029235 26.516687 26.241056 26.209818 26.423840 21.978778 20.731991 19.734928 19.026890 18.640839 18.596839 18.897279 3.810000 2.540000 1.270000 0.000000 6.350000 5.679613 5.236344 5.080000 
71.650188 33.620476 70.666174 31.468956 45.004256 42.467003 39.930098 37.393614 34.857642 32.265535 31.735915 31.403424 31.274351 31.351207 31.632491 32.112833 24.950620 24.261842 23.825275 23.654886 23.756405 24.126399 24.752832 5.080000 5.236344 5.679613 6.350000 0.000000 1.270000 2.540000 3.810000 
72.254055 34.888902 70.110679 30.200899 45.079466 42.546698 40.014846 37.484097 34.954690 32.601406 31.976611 31.544552 31.313210 31.287037 31.466544 31.848255 25.383466 24.575848 24.010986 23.706239 23.671656 23.908410 24.408605 5.236344 5.080000 5.236344 5.679613 1.270000 0.000000 1.270000 2.540000 
72.875053 36.157439 69.573933 28.933012 45.190256 42.664065 40.139617 37.617263 35.097454 32.982790 32.265535 31.735915 31.403424 31.274351 31.351207 31.632491 25.871472 24.950620 24.261842 23.825275 23.654886 23.756405 24.126399 5.679613 5.236344 5.080000 5.236344 2.540000 1.270000 0.000000 1.270000 
73.512748 37.426075 69.056375 27.665319 45.336364 42.818795 40.304039 37.792661 35.285380 33.408127 32.601406 31.976611 31.544552 31.313210 31.287037 31.466544 26.411581 25.383466 24.575848 24.010986 23.706239 23.671656 23.908410 6.350000 5.679613 5.236344 5.080000 3.810000 2.540000 1.270000 0.000000 
