28
# Circuit board instance
Size: medium
Nodes: 28
0.000000 65.000000 65.000000 91.923882 63.456672 65.365236 67.315541 69.304064 71.327609 47.457829 49.479950 51.547925 53.656452 55.800935 45.011638 47.298068 49.609173 51.941661 54.292775 56.660196 59.041964 48.891257 51.004065 53.154280 55.337542 57.550090 59.788672 62.050471 
65.000000 0.000000 91.923882 65.000000 46.098076 45.174079 44.376407 43.711975 43.186933 40.324787 38.625230 37.022040 35.528267 34.158268 60.321954 62.046739 63.826019 65.655363 67.530704 69.448315 71.404791 54.885750 56.775921 58.715144 60.698716 62.722432 64.782528 66.875643 
65.000000 91.923882 0.000000 65.000000 52.227140 54.530166 56.853382 59.194411 61.551220 51.628708 53.493396 55.411790 57.378505 59.388739 31.859291 29.931155 28.100479 26.387554 24.816774 23.416762 22.219820 37.139222 35.499035 33.969757 32.567015 31.307822 30.210133 29.292112 
91.923882 65.000000 65.000000 0.000000 28.739477 27.232744 25.888036 24.731794 23.791512 45.159345 43.648440 42.236352 40.933308 39.750034 51.261145 50.085573 49.013544 48.051988 47.207657 46.486937 45.895653 44.737148 43.385160 42.143030 41.020739 40.028369 39.175793 38.472307 
63.456672 46.098076 52.227140 28.739477 0.000000 2.540000 5.080000 7.620000 10.160000 16.424843 15.046000 13.996141 13.353091 13.176543 27.124550 27.035847 27.185217 27.568791 28.177005 28.995728 30.007733 19.539932 19.416610 19.624061 20.152071 20.976448 22.063997 23.378019 
65.365236 45.174079 54.530166 27.232744 2.540000 0.000000 2.540000 5.080000 7.620000 18.057464 16.424843 15.046000 13.996141 13.353091 29.656787 29.575680 29.712284 30.063633 30.622336 31.377318 32.314824 22.065429 21.956297 22.139963 22.609294 23.347068 24.328876 25.526575 
67.315541 44.376407 56.853382 25.888036 5.080000 2.540000 0.000000 2.540000 5.080000 19.881442 18.057464 16.424843 15.046000 13.996141 32.190248 32.115539 32.241384 32.565458 33.081936 33.781994 34.654508 24.593914 24.496049 24.660807 25.083014 25.750010 26.643416 27.741367 
69.304064 43.711975 59.194411 24.731794 7.620000 5.080000 2.540000 0.000000 2.540000 21.848906 19.881442 18.057464 16.424843 15.046000 34.724664 34.655419 34.772073 35.072771 35.552844 36.205156 37.020604 27.124550 27.035847 27.185217 27.568791 28.177005 28.995728 30.007733 
71.327609 43.186933 61.551220 23.791512 10.160000 7.620000 5.080000 2.540000 0.000000 23.924482 21.848906 19.881442 18.057464 16.424843 37.259840 37.195316 37.304028 37.584474 38.032856 38.643327 39.408356 29.656787 29.575680 29.712284 30.063633 30.622336 31.377318 32.314824 
47.457829 40.324787 51.628708 45.159345 16.424843 18.057464 19.881442 21.848906 23.924482 0.000000 2.540000 5.080000 7.620000 10.160000 20.411595 21.880185 23.531999 25.331220 27.248662 29.261095 31.350231 14.568314 16.563365 18.691109 20.911080 23.196813 25.530653 27.900529 
49.479950 38.625230 53.493396 43.648440 15.046000 16.424843 18.057464 19.881442 21.848906 2.540000 0.000000 2.540000 5.080000 7.620000 22.595842 23.930762 25.449830 27.122123 28.921073 30.824512 32.814263 16.354358 18.154182 20.114344 22.192398 24.358190 26.590290 28.873324 
51.547925 37.022040 55.411790 42.236352 13.996141 15.046000 16.424843 18.057464 19.881442 5.080000 2.540000 0.000000 2.540000 5.080000 24.847820 26.067671 27.468818 29.025017 30.712710 32.511423 34.403749 18.319321 19.942588 21.742109 23.677732 25.718746 27.841983 30.030007 
53.656452 35.528267 57.378505 40.933308 13.353091 13.996141 15.046000 16.424843 18.057464 7.620000 5.080000 2.540000 0.000000 2.540000 27.150680 28.271341 29.568247 31.019299 32.603923 34.303614 36.102122 20.411595 21.880185 23.531999 25.331220 27.248662 29.261095 31.350231 
55.800935 34.158268 59.388739 39.750034 13.176543 13.353091 13.996141 15.046000 16.424843 10.160000 7.620000 5.080000 2.540000 0.000000 29.492506 30.527319 31.732156 33.088448 34.578379 36.185444 37.894745 22.595842 23.930762 25.449830 27.122123 28.921073 30.824512 32.814263 
45.011638 60.321954 31.859291 51.261145 27.124550 29.656787 32.190248 34.724664 37.259840 20.411595 22.595842 24.847820 27.150680 29.492506 0.000000 2.540000 5.080000 7.620000 10.160000 12.700000 15.240000 7.620000 8.032185 9.158100 10.776307 12.700000 14.810618 17.038838 
47.298068 62.046739 29.931155 50.085573 27.035847 29.575680 32.115539 34.655419 37.195316 21.880185 23.930762 26.067671 28.271341 30.527319 2.540000 0.000000 2.540000 5.080000 7.620000 10.160000 12.700000 8.032185 7.620000 8.032185 9.158100 10.776307 12.700000 14.810618 
49.609173 63.826019 28.100479 49.013544 27.185217 29.712284 32.241384 34.772073 37.304028 23.531999 25.449830 27.468818 29.568247 31.732156 5.080000 2.540000 0.000000 2.540000 5.080000 7.620000 10.160000 9.158100 8.032185 7.620000 8.032185 9.158100 10.776307 12.700000 
51.941661 65.655363 26.387554 48.051988 27.568791 30.063633 32.565458 35.072771 37.584474 25.331220 27.122123 29.025017 31.019299 33.088448 7.620000 5.080000 2.540000 0.000000 2.540000 5.080000 7.620000 10.776307 9.158100 8.032185 7.620000 8.032185 9.158100 10.776307 
54.292775 67.530704 24.816774 47.207657 28.177005 30.622336 33.081936 35.552844 38.032856 27.248662 28.921073 30.712710 32.603923 34.578379 10.160000 7.620000 5.080000 2.540000 0.000000 2.540000 5.080000 12.700000 10.776307 9.158100 8.032185 7.620000 8.032185 9.158100 
56.660196 69.448315 23.416762 46.486937 28.995728 31.377318 33.781994 36.205156 38.643327 29.261095 30.824512 32.511423 34.303614 36.185444 12.700000 10.160000 7.620000 5.080000 2.540000 0.000000 2.540000 14.810618 12.700000 10.776307 9.158100 8.032185 7.620000 8.032185 
59.041964 71.404791 22.219820 45.895653 30.007733 32.314824 34.654508 37.020604 39.408356 31.350231 32.814263 34.403749 36.102122 37.894745 15.240000 12.700000 10.160000 7.620000 5.080000 2.540000 0.000000 17.038838 14.810618 12.700000 10.776307 9.158100 8.032185 7.620000 
48.891257 54.885750 37.139222 44.737148 19.539932 22.065429 24.593914 27.124550 29.656787 14.568314 16.354358 18.319321 20.411595 22.595842 7.620000 8.032185 9.158100 10.776307 12.700000 14.810618 17.038838 0.000000 2.540000 5.080000 7.620000 10.160000 12.700000 15.240000 
51.004065 56.775921 35.499035 43.385160 19.416610 21.956297 24.496049 27.035847 29.575680 16.563365 18.154182 19.942588 21.880185 23.930762 8.032185 7.620000 8.032185 9.158100 10.776307 12.700000 14.810618 2.540000 0.000000 2.540000 5.080000 7.620000 10.160000 12.700000 
53.154280 58.715144 33.969757 42.143030 19.624061 22.139963 24.660807 27.185217 29.712284 18.691109 20.114344 21.742109 23.531999 25.449830 9.158100 8.032185 7.620000 8.032185 9.158100 10.776307 12.700000 5.080000 2.540000 0.000000 2.540000 5.080000 7.620000 10.160000 
55.337542 60.698716 32.567015 41.020739 20.152071 22.609294 25.083014 27.568791 30.063633 20.911080 22.192398 23.677732 25.331220 27.122123 10.776307 9.158100 8.032185 7.620000 8.032185 9.158100 10.776307 7.620000 5.080000 2.540000 0.000000 2.540000 5.080000 7.620000 
57.550090 62.722432 31.307822 40.028369 20.976448 23.347068 25.750010 28.177005 30.622336 23.196813 24.358190 25.718746 27.248662 28.921073 12.700000 10.776307 9.158100 8.032185 7.620000 8.032185 9.158100 10.160000 7.620000 5.080000 2.540000 0.000000 2.540000 5.080000 
59.788672 64.782528 30.210133 39.175793 22.063997 24.328876 26.643416 28.995728 31.377318 25.530653 26.590290 27.841983 29.261095 30.824512 14.810618 12.700000 10.776307 9.158100 8.032185 7.620000 8.032185 12.700000 10.160000 7.620000 5.080000 2.540000 0.000000 2.540000 
62.050471 66.875643 29.292112 38.472307 23.378019 25.526575 27.741367 30.007733 32.314824 27.900529 28.873324 30.030007 31.350231 32.814263 17.038838 14.810618 12.700000 10.776307 9.158100 8.032185 7.620000 15.240000 12.700000 10.160000 7.620000 5.080000 2.540000 0.000000 
