25
# Circuit board instance
Size: medium
Nodes: 25
0.000000 90.000000 90.000000 127.279221 95.141735 96.201247 97.315535 98.482739 99.701001 72.073448 73.266155 74.461418 75.659117 73.986623 75.148972 76.314751 77.483808 96.939738 97.895582 98.858499 99.828285 100.373330 101.296780 102.227665 103.165785 
90.000000 0.000000 127.279221 90.000000 100.981166 99.713219 98.494464 97.326749 96.211932 93.814181 94.733564 95.660972 96.596173 90.366692 91.320790 92.282501 93.251590 77.147197 78.344892 79.544830 80.746912 75.596181 76.818063 78.041481 79.266364 
90.000000 127.279221 0.000000 90.000000 38.758265 41.290838 43.824271 46.358422 48.893181 33.532226 32.697978 31.892493 31.118005 37.467968 36.723238 36.007909 35.323769 66.438385 66.118766 65.822102 65.548706 71.355110 71.057609 70.781649 70.527481 
127.279221 90.000000 90.000000 0.000000 51.453369 48.918089 46.383325 43.849167 41.315727 68.781748 68.378918 67.997425 67.637629 63.999745 63.566618 63.156062 62.768522 31.119709 30.431372 29.781309 29.172077 27.046791 26.251877 25.495470 24.781097 
95.141735 100.981166 38.758265 51.453369 0.000000 2.540000 5.080000 7.620000 10.160000 23.678208 22.653250 21.654279 20.685058 21.155112 20.001275 18.862370 17.741275 29.219774 28.621530 28.068036 27.561986 33.745083 33.228413 32.752864 32.320249 
96.201247 99.713219 41.290838 48.918089 2.540000 0.000000 2.540000 5.080000 7.620000 25.230372 24.271051 23.341422 22.445173 22.307993 21.216945 20.146881 19.101325 27.031135 26.383311 25.781810 25.229945 31.461266 30.906441 30.394584 29.927900 
97.315535 98.494464 43.824271 46.383325 5.080000 2.540000 0.000000 2.540000 5.080000 26.933048 26.036538 25.172194 24.343442 23.678208 22.653250 21.654279 20.685058 24.909286 24.204738 23.547653 22.942110 29.219774 28.621530 28.068036 27.561986 
98.482739 97.326749 46.358422 43.849167 7.620000 5.080000 2.540000 0.000000 2.540000 28.759514 27.921710 27.117521 26.350024 25.230372 24.271051 23.341422 22.445173 22.872822 22.103457 21.381896 20.713133 27.031135 26.383311 25.781810 25.229945 
99.701001 96.211932 48.893181 41.315727 10.160000 7.620000 5.080000 2.540000 0.000000 30.687676 29.903941 29.154480 28.442003 26.933048 26.036538 25.172194 24.343442 20.946663 20.103719 19.307567 18.564228 24.909286 24.204738 23.547653 22.942110 
72.073448 93.814181 33.532226 68.781748 23.678208 25.230372 26.933048 28.759514 30.687676 0.000000 1.270000 2.540000 3.810000 5.080000 5.236344 5.679613 6.350000 39.505593 39.688656 39.911311 40.172899 44.548317 44.710737 44.908499 45.141139 
73.266155 94.733564 32.697978 68.378918 22.653250 24.271051 26.036538 27.921710 29.903941 1.270000 0.000000 1.270000 2.540000 5.236344 5.080000 5.236344 5.679613 39.362675 39.505593 39.688656 39.911311 44.421626 44.548317 44.710737 44.908499 
74.461418 95.660972 31.892493 67.997425 21.654279 23.341422 25.172194 27.117521 29.154480 2.540000 1.270000 0.000000 1.270000 5.679613 5.236344 5.080000 5.236344 39.260340 39.362675 39.505593 39.688656 44.330970 44.421626 44.548317 44.710737 
75.659117 96.596173 31.118005 67.637629 20.685058 22.445173 24.343442 26.350024 28.442003 3.810000 2.540000 1.270000 0.000000 6.350000 5.679613 5.236344 5.080000 39.198906 39.260340 39.362675 39.505593 44.276572 44.330970 44.421626 44.548317 
73.986623 90.366692 37.467968 63.999745 21.155112 22.307993 23.678208 25.230372 26.933048 5.080000 5.236344 5.679613 6.350000 0.000000 1.270000 2.540000 3.810000 34.473818 34.683449 34.938015 35.236544 39.505593 39.688656 39.911311 40.172899 
75.148972 91.320790 36.723238 63.566618 20.001275 21.216945 22.653250 24.271051 26.036538 5.236344 5.080000 5.236344 5.679613 1.270000 0.000000 1.270000 2.540000 34.309946 34.473818 34.683449 34.938015 39.362675 39.505593 39.688656 39.911311 
76.314751 92.282501 36.007909 63.156062 18.862370 20.146881 21.654279 23.341422 25.172194 5.679613 5.236344 5.080000 5.236344 2.540000 1.270000 0.000000 1.270000 34.192492 34.309946 34.473818 34.683449 39.260340 39.362675 39.505593 39.688656 
77.483808 93.251590 35.323769 62.768522 17.741275 19.101325 20.685058 22.445173 24.343442 6.350000 5.679613 5.236344 5.080000 3.810000 2.540000 1.270000 0.000000 34.121934 34.192492 34.309946 34.473818 39.198906 39.260340 39.362675 39.505593 
96.939738 77.147197 66.438385 31.119709 29.219774 27.031135 24.909286 22.872822 20.946663 39.505593 39.362675 39.260340 39.198906 34.473818 34.309946 34.192492 34.121934 0.000000 1.270000 2.540000 3.810000 5.080000 5.236344 5.679613 6.350000 
97.895582 78.344892 66.118766 30.431372 28.621530 26.383311 24.204738 22.103457 20.103719 39.688656 39.505593 39.362675 39.260340 34.683449 34.473818 34.309946 34.192492 1.270000 0.000000 1.270000 2.540000 5.236344 5.080000 5.236344 5.679613 
98.858499 79.544830 65.822102 29.781309 28.068036 25.781810 23.547653 21.381896 19.307567 39.911311 39.688656 39.505593 39.362675 34.938015 34.683449 34.473818 34.309946 2.540000 1.270000 0.000000 1.270000 5.679613 5.236344 5.080000 5.236344 
99.828285 80.746912 65.548706 29.172077 27.561986 25.229945 22.942110 20.713133 18.564228 40.172899 39.911311 39.688656 39.505593 35.236544 34.938015 34.683449 34.473818 3.810000 2.540000 1.270000 0.000000 6.350000 5.679613 5.236344 5.080000 
100.373330 75.596181 71.355110 27.046791 33.745083 31.461266 29.219774 27.031135 24.909286 44.548317 44.421626 44.330970 44.276572 39.505593 39.362675 39.260340 39.198906 5.080000 5.236344 5.679613 6.350000 0.000000 1.270000 2.540000 3.810000 
101.296780 76.818063 71.057609 26.251877 33.228413 30.906441 28.621530 26.383311 24.204738 44.710737 44.548317 44.421626 44.330970 39.688656 39.505593 39.362675 39.260340 5.236344 5.080000 5.236344 5.679613 1.270000 0.000000 1.270000 2.540000 
102.227665 78.041481 70.781649 25.495470 32.752864 30.394584 28.068036 25.781810 23.547653 44.908499 44.710737 44.548317 44.421626 39.911311 39.688656 39.505593 39.362675 5.679613 5.236344 5.080000 5.236344 2.540000 1.270000 0.000000 1.270000 
103.165785 79.266364 70.527481 24.781097 32.320249 29.927900 27.561986 25.229945 22.942110 45.141139 44.908499 44.710737 44.548317 40.172899 39.911311 39.688656 39.505593 6.350000 5.679613 5.236344 5.080000 3.810000 2.540000 1.270000 0.000000 
