26
# Circuit board instance
Size: medium
Nodes: 26
0.000000 40.000000 40.000000 56.568542 29.666599 30.186791 30.907617 31.815443 32.894791 34.129391 35.503050 37.204636 37.620742 38.201553 38.939701 39.826438 40.852089 42.006481 13.613517 14.525501 15.488005 16.492187 17.621441 18.335144 19.106691 19.929365 
40.000000 0.000000 56.568542 40.000000 11.782573 13.037035 14.628832 16.460388 18.460477 20.580021 22.785709 5.771213 8.027587 10.415402 12.861658 15.338419 17.832979 20.338791 31.667029 32.069660 32.516937 33.007047 26.862391 27.335881 27.859263 28.429782 
40.000000 56.568542 0.000000 40.000000 45.731698 43.810084 41.954283 40.173418 38.477895 36.879485 35.391350 50.945717 49.228054 47.584028 46.021532 44.549144 43.176085 41.912117 32.060339 30.853325 29.651573 28.455750 33.956629 32.819430 31.692320 30.576413 
56.568542 40.000000 40.000000 0.000000 36.743845 34.322665 31.919960 29.540235 27.189526 24.876060 22.611272 35.278719 32.749401 30.221874 27.696630 25.174356 22.656042 20.143175 42.957400 42.064243 41.190881 40.338599 39.549027 38.577038 37.622812 36.687736 
29.666599 11.782573 45.731698 36.743845 0.000000 2.540000 5.080000 7.620000 10.160000 12.700000 15.240000 7.620000 8.032185 9.158100 10.776307 12.700000 14.810618 17.038838 20.022161 20.352087 20.754608 21.225595 15.123887 15.558036 16.081007 16.684451 
30.186791 13.037035 43.810084 34.322665 2.540000 0.000000 2.540000 5.080000 7.620000 10.160000 12.700000 8.032185 7.620000 8.032185 9.158100 10.776307 12.700000 14.810618 19.593961 19.768466 20.022161 20.352087 14.552263 14.786388 15.123887 15.558036 
30.907617 14.628832 41.954283 31.919960 5.080000 2.540000 0.000000 2.540000 5.080000 7.620000 10.160000 9.158100 8.032185 7.620000 8.032185 9.158100 10.776307 12.700000 19.490072 19.500775 19.593961 19.768466 14.412076 14.426546 14.552263 14.786388 
31.815443 16.460388 40.173418 29.540235 7.620000 5.080000 2.540000 0.000000 2.540000 5.080000 7.620000 10.776307 9.158100 8.032185 7.620000 8.032185 9.158100 10.776307 19.715620 19.561988 19.490072 19.500775 14.715662 14.509184 14.412076 14.426546 
32.894791 18.460477 38.477895 27.189526 10.160000 7.620000 5.080000 2.540000 0.000000 2.540000 5.080000 12.700000 10.776307 9.158100 8.032185 7.620000 8.032185 9.158100 20.259607 19.949079 19.715620 19.561988 15.436861 15.027002 14.715662 14.509184 
34.129391 20.580021 36.879485 24.876060 12.700000 10.160000 7.620000 5.080000 2.540000 0.000000 2.540000 14.810618 12.700000 10.776307 9.158100 8.032185 7.620000 8.032185 21.097413 20.643724 20.259607 19.949079 16.521073 15.937640 15.436861 15.027002 
35.503050 22.785709 35.391350 22.611272 15.240000 12.700000 10.160000 7.620000 5.080000 2.540000 0.000000 17.038838 14.810618 12.700000 10.776307 9.158100 8.032185 7.620000 22.195793 21.616293 21.097413 20.643724 17.902465 17.178741 16.521073 15.937640 
37.204636 5.771213 50.945717 35.278719 7.620000 8.032185 9.158100 10.776307 12.700000 14.810618 17.038838 0.000000 2.540000 5.080000 7.620000 10.160000 12.700000 15.240000 27.493516 27.734706 28.031415 28.381901 22.501538 22.795608 23.155691 23.578765 
37.620742 8.027587 49.228054 32.749401 8.032185 7.620000 8.032185 9.158100 10.776307 12.700000 14.810618 2.540000 0.000000 2.540000 5.080000 7.620000 10.160000 12.700000 27.183263 27.309315 27.493516 27.734706 22.121383 22.276097 22.501538 22.795608 
38.201553 10.415402 47.584028 30.221874 9.158100 8.032185 7.620000 8.032185 9.158100 10.776307 12.700000 5.080000 2.540000 0.000000 2.540000 5.080000 7.620000 10.160000 27.108474 27.116170 27.183263 27.309315 22.029416 22.038886 22.121383 22.276097 
38.939701 12.861658 46.021532 27.696630 10.776307 9.158100 8.032185 7.620000 8.032185 9.158100 10.776307 7.620000 5.080000 2.540000 0.000000 2.540000 5.080000 7.620000 27.271086 27.160225 27.108474 27.116170 22.229214 22.093068 22.029416 22.038886 
39.826438 15.338419 44.549144 25.174356 12.700000 10.776307 9.158100 8.032185 7.620000 8.032185 9.158100 10.160000 7.620000 5.080000 2.540000 0.000000 2.540000 5.080000 27.666914 27.440339 27.271086 27.160225 22.713079 22.436534 22.229214 22.093068 
40.852089 17.832979 43.176085 22.656042 14.810618 12.700000 10.776307 9.158100 8.032185 7.620000 8.032185 12.700000 10.160000 7.620000 5.080000 2.540000 0.000000 2.540000 28.286168 27.949415 27.666914 27.440339 23.463442 23.056358 22.713079 22.436534 
42.006481 20.338791 41.912117 20.143175 17.038838 14.810618 12.700000 10.776307 9.158100 8.032185 7.620000 15.240000 12.700000 10.160000 7.620000 5.080000 2.540000 0.000000 29.114596 28.675261 28.286168 27.949415 24.455787 23.931076 23.463442 23.056358 
13.613517 31.667029 32.060339 42.957400 20.022161 19.593961 19.490072 19.715620 20.259607 21.097413 22.195793 27.493516 27.183263 27.108474 27.271086 27.666914 28.286168 29.114596 0.000000 1.270000 2.540000 3.810000 5.080000 5.236344 5.679613 6.350000 
14.525501 32.069660 30.853325 42.064243 20.352087 19.768466 19.500775 19.561988 19.949079 20.643724 21.616293 27.734706 27.309315 27.116170 27.160225 27.440339 27.949415 28.675261 1.270000 0.000000 1.270000 2.540000 5.236344 5.080000 5.236344 5.679613 
15.488005 32.516937 29.651573 41.190881 20.754608 20.022161 19.593961 19.490072 19.715620 20.259607 21.097413 28.031415 27.493516 27.183263 27.108474 27.271086 27.666914 28.286168 2.540000 1.270000 0.000000 1.270000 5.679613 5.236344 5.080000 5.236344 
16.492187 33.007047 28.455750 40.338599 21.225595 20.352087 19.768466 19.500775 19.561988 19.949079 20.643724 28.381901 27.734706 27.309315 27.116170 27.160225 27.440339 27.949415 3.810000 2.540000 1.270000 0.000000 6.350000 5.679613 5.236344 5.080000 
17.621441 26.862391 33.956629 39.549027 15.123887 14.552263 14.412076 14.715662 15.436861 16.521073 17.902465 22.501538 22.121383 22.029416 22.229214 22.713079 23.463442 24.455787 5.080000 5.236344 5.679613 6.350000 0.000000 1.270000 2.540000 3.810000 
18.335144 27.335881 32.819430 38.577038 15.558036 14.786388 14.426546 14.509184 15.027002 15.937640 17.178741 22.795608 22.276097 22.038886 22.093068 22.436534 23.056358 23.931076 5.236344 5.080000 5.236344 5.679613 1.270000 0.000000 1.270000 2.540000 
19.106691 27.859263 31.692320 37.622812 16.081007 15.123887 14.552263 14.412076 14.715662 15.436861 16.521073 23.155691 22.501538 22.121383 22.029416 22.229214 22.713079 23.463442 5.679613 5.236344 5.080000 5.236344 2.540000 1.270000 0.000000 1.270000 
19.929365 28.429782 30.576413 36.687736 16.684451 15.558036 14.786388 14.426546 14.509184 15.027002 15.937640 23.578765 22.795608 22.276097 22.038886 22.093068 22.436534 23.056358 6.350000 5.679613 5.236344 5.080000 3.810000 2.540000 1.270000 0.000000 
