31
# Circuit board instance
Size: medium
Nodes: 31
0.000000 90.000000 90.000000 127.279221 78.463966 79.303643 80.214991 81.195597 82.242984 83.354634 84.528012 85.726953 86.496151 87.332475 88.234015 89.198794 90.224783 91.309918 51.719601 53.993725 56.290592 58.607529 60.942245 81.225315 81.511352 81.816105 82.139365 86.190459 86.460071 86.747440 87.052390 
90.000000 0.000000 127.279221 90.000000 29.284029 31.464713 33.695773 35.967838 38.273604 40.607331 42.964464 26.047471 28.477088 30.924449 33.385652 35.857847 38.338907 40.827216 49.851993 47.628001 45.437153 43.284484 41.175981 20.688166 21.784144 22.898109 24.027562 18.569963 19.783635 21.003969 22.229868 
90.000000 127.279221 0.000000 90.000000 98.950697 97.296014 95.680151 94.105109 92.572971 91.085902 89.646145 104.803420 103.242582 101.721225 100.241149 98.804207 97.412309 96.067412 80.860243 82.333372 83.857573 85.430113 87.048372 107.299230 106.447515 105.604204 104.769501 111.105212 110.282894 109.469134 108.664123 
127.279221 90.000000 90.000000 0.000000 67.023883 64.555981 62.093894 59.638342 57.190167 54.750359 52.320088 65.674327 63.153710 60.634710 58.117539 55.602443 53.089719 50.579720 79.678623 78.306374 76.993484 75.743041 74.558186 73.099748 71.843732 70.588217 69.333229 72.528728 71.262649 69.996712 68.730924 
78.463966 29.284029 98.950697 67.023883 0.000000 2.540000 5.080000 7.620000 10.160000 12.700000 15.240000 7.620000 8.032185 9.158100 10.776307 12.700000 14.810618 17.038838 28.413693 25.876486 23.339886 20.804116 18.269522 8.604054 7.587315 6.658134 5.858324 12.205397 11.511269 10.921205 10.452843 
79.303643 31.464713 97.296014 64.555981 2.540000 0.000000 2.540000 5.080000 7.620000 10.160000 12.700000 8.032185 7.620000 8.032185 9.158100 10.776307 12.700000 14.810618 28.639959 26.124735 23.614817 21.112094 18.619471 10.799626 9.680802 8.604054 7.587315 13.841022 12.986913 12.205397 11.511269 
80.214991 33.695773 95.680151 62.093894 5.080000 2.540000 0.000000 2.540000 5.080000 7.620000 10.160000 9.158100 8.032185 7.620000 8.032185 9.158100 10.776307 12.700000 29.087105 26.614174 24.155166 21.714811 19.300186 13.120111 11.948712 10.799626 9.680802 15.718756 14.755124 13.841022 12.986913 
81.195597 35.967838 94.105109 59.638342 7.620000 5.080000 2.540000 0.000000 2.540000 5.080000 7.620000 10.776307 9.158100 8.032185 7.620000 8.032185 9.158100 10.776307 29.745174 27.331848 24.943691 22.588685 20.278383 15.509543 14.308344 13.120111 11.948712 17.761978 16.723357 15.718756 14.755124 
82.242984 38.273604 92.572971 57.190167 10.160000 7.620000 5.080000 2.540000 0.000000 2.540000 5.080000 12.700000 10.776307 9.158100 8.032185 7.620000 8.032185 9.158100 30.600560 28.260375 25.957785 23.703745 21.513524 17.940393 16.720912 15.509543 14.308344 19.919831 18.828990 17.761978 16.723357 
83.354634 40.607331 91.085902 54.750359 12.700000 10.160000 7.620000 5.080000 2.540000 0.000000 2.540000 14.810618 12.700000 10.776307 9.158100 8.032185 7.620000 8.032185 31.637262 29.379770 27.172204 25.027777 22.964185 20.397860 19.166437 17.940393 16.720912 22.158851 21.030793 19.919831 18.828990 
84.528012 42.964464 89.646145 52.320088 15.240000 12.700000 10.160000 7.620000 5.080000 2.540000 0.000000 17.038838 14.810618 12.700000 10.776307 9.158100 8.032185 7.620000 32.838112 30.669140 28.561406 26.529510 24.592256 22.873366 21.633744 20.397860 19.166437 24.456755 23.301520 22.158851 21.030793 
85.726953 26.047471 104.803420 65.674327 7.620000 8.032185 9.158100 10.776307 12.700000 14.810618 17.038838 0.000000 2.540000 5.080000 7.620000 10.160000 12.700000 15.240000 36.027676 33.489378 30.951358 28.413693 25.876486 7.641387 6.475214 5.356473 4.322153 7.477537 6.281016 5.120016 4.025391 
86.496151 28.477088 103.242582 63.153710 8.032185 7.620000 8.032185 9.158100 10.776307 12.700000 14.810618 2.540000 0.000000 2.540000 5.080000 7.620000 10.160000 12.700000 36.206391 33.681563 31.159202 28.639959 26.124735 10.049526 8.836231 7.641387 6.475214 9.925510 8.694927 7.477537 6.281016 
87.332475 30.924449 101.721225 60.634710 9.158100 8.032185 7.620000 8.032185 9.158100 10.776307 12.700000 5.080000 2.540000 0.000000 2.540000 5.080000 7.620000 10.160000 36.561116 34.062592 31.570688 29.087105 26.614174 12.509931 11.275317 10.049526 8.836231 12.410525 11.164925 9.925510 8.694927 
88.234015 33.385652 100.241149 58.117539 10.776307 9.158100 8.032185 7.620000 8.032185 9.158100 10.776307 7.620000 5.080000 2.540000 0.000000 2.540000 5.080000 7.620000 37.086802 34.626231 32.178005 29.745174 27.331848 14.996898 13.750991 12.509931 11.275317 14.914078 13.660620 12.410525 11.164925 
89.198794 35.857847 98.804207 55.602443 12.700000 10.776307 9.158100 8.032185 7.620000 8.032185 9.158100 10.160000 7.620000 5.080000 2.540000 0.000000 2.540000 5.080000 37.776312 35.363749 32.970333 30.600560 28.260375 17.499107 16.246537 14.996898 13.750991 17.428182 16.170118 14.914078 13.660620 
90.224783 38.338907 97.412309 53.089719 14.810618 12.700000 10.776307 9.158100 8.032185 7.620000 8.032185 12.700000 10.160000 7.620000 5.080000 2.540000 0.000000 2.540000 38.620873 36.264539 33.934716 31.637262 29.379770 20.010841 18.754022 17.499107 16.246537 19.948847 18.687860 17.428182 16.170118 
91.309918 40.827216 96.067412 50.579720 17.038838 14.810618 12.700000 10.776307 9.158100 8.032185 7.620000 15.240000 12.700000 10.160000 7.620000 5.080000 2.540000 0.000000 39.610568 37.316780 35.056957 32.838112 30.669140 22.528913 21.269225 20.010841 18.754022 22.473867 21.210910 19.948847 18.687860 
51.719601 49.851993 80.860243 79.678623 28.413693 28.639959 29.087105 29.745174 30.600560 31.637262 32.838112 36.027676 36.206391 36.561116 37.086802 37.776312 38.620873 39.610568 0.000000 2.540000 5.080000 7.620000 10.160000 33.731700 33.534967 33.385420 33.283694 38.744852 38.573696 38.443755 38.355447 
53.993725 47.628001 82.333372 78.306374 25.876486 26.124735 26.614174 27.331848 28.260375 29.379770 30.669140 33.489378 33.681563 34.062592 34.626231 35.363749 36.264539 37.316780 2.540000 0.000000 2.540000 5.080000 7.620000 31.233225 31.020651 30.858921 30.748838 36.235949 36.052884 35.913823 35.819278 
56.290592 45.437153 83.857573 76.993484 23.339886 23.614817 24.155166 24.943691 25.957785 27.172204 28.561406 30.951358 31.159202 31.570688 32.178005 32.970333 33.934716 35.056957 5.080000 2.540000 0.000000 2.540000 5.080000 28.742030 28.510888 28.334837 28.214908 33.731700 33.534967 33.385420 33.283694 
58.607529 43.284484 85.430113 75.743041 20.804116 21.112094 21.714811 22.588685 23.703745 25.027777 26.529510 28.413693 28.639959 29.087105 29.745174 30.600560 31.637262 32.838112 7.620000 5.080000 2.540000 0.000000 2.540000 26.260188 26.006998 25.813876 25.682177 31.233225 31.020651 30.858921 30.748838 
60.942245 41.175981 87.048372 74.558186 18.269522 18.619471 19.300186 20.278383 21.513524 22.964185 24.592256 25.876486 26.124735 26.614174 27.331848 28.260375 29.379770 30.669140 10.160000 7.620000 5.080000 2.540000 0.000000 23.790626 23.510855 23.297051 23.151039 28.742030 28.510888 28.334837 28.214908 
81.225315 20.688166 107.299230 73.099748 8.604054 10.799626 13.120111 15.509543 17.940393 20.397860 22.873366 7.641387 10.049526 12.509931 14.996898 17.499107 20.010841 22.528913 33.731700 31.233225 28.742030 26.260188 23.790626 0.000000 1.270000 2.540000 3.810000 5.080000 5.236344 5.679613 6.350000 
81.511352 21.784144 106.447515 71.843732 7.587315 9.680802 11.948712 14.308344 16.720912 19.166437 21.633744 6.475214 8.836231 11.275317 13.750991 16.246537 18.754022 21.269225 33.534967 31.020651 28.510888 26.006998 23.510855 1.270000 0.000000 1.270000 2.540000 5.236344 5.080000 5.236344 5.679613 
81.816105 22.898109 105.604204 70.588217 6.658134 8.604054 10.799626 13.120111 15.509543 17.940393 20.397860 5.356473 7.641387 10.049526 12.509931 14.996898 17.499107 20.010841 33.385420 30.858921 28.334837 25.813876 23.297051 2.540000 1.270000 0.000000 1.270000 5.679613 5.236344 5.080000 5.236344 
82.139365 24.027562 104.769501 69.333229 5.858324 7.587315 9.680802 11.948712 14.308344 16.720912 19.166437 4.322153 6.475214 8.836231 11.275317 13.750991 16.246537 18.754022 33.283694 30.748838 28.214908 25.682177 23.151039 3.810000 2.540000 1.270000 0.000000 6.350000 5.679613 5.236344 5.080000 
86.190459 18.569963 111.105212 72.528728 12.205397 13.841022 15.718756 17.761978 19.919831 22.158851 24.456755 7.477537 9.925510 12.410525 14.914078 17.428182 19.948847 22.473867 38.744852 36.235949 33.731700 31.233225 28.742030 5.080000 5.236344 5.679613 6.350000 0.000000 1.270000 2.540000 3.810000 
86.460071 19.783635 110.282894 71.262649 11.511269 12.986913 14.755124 16.723357 18.828990 21.030793 23.301520 6.281016 8.694927 11.164925 13.660620 16.170118 18.687860 21.210910 38.573696 36.052884 33.534967 31.020651 28.510888 5.236344 5.080000 5.236344 5.679613 1.270000 0.000000 1.270000 2.540000 
86.747440 21.003969 109.469134 69.996712 10.921205 12.205397 13.841022 15.718756 17.761978 19.919831 22.158851 5.120016 7.477537 9.925510 12.410525 14.914078 17.428182 19.948847 38.443755 35.913823 33.385420 30.858921 28.334837 5.679613 5.236344 5.080000 5.236344 2.540000 1.270000 0.000000 1.270000 
87.052390 22.229868 108.664123 68.730924 10.452843 11.511269 12.986913 14.755124 16.723357 18.828990 21.030793 4.025391 6.281016 8.694927 11.164925 13.660620 16.170118 18.687860 38.355447 35.819278 33.283694 30.748838 28.214908 6.350000 5.679613 5.236344 5.080000 3.810000 2.540000 1.270000 0.000000 
