31
# Circuit board instance
Size: medium
Nodes: 31
0.000000 90.000000 90.000000 127.279221 82.222757 83.251963 84.287738 85.329843 85.316294 86.308619 87.308139 88.314610 85.468231 87.668038 89.885787 92.120180 94.370036 60.732360 62.000175 63.344510 64.760601 66.243846 67.789837 69.394381 67.503336 68.646213 69.862778 71.149254 72.501917 73.917135 75.391385 
90.000000 0.000000 127.279221 90.000000 78.329491 79.409173 80.494411 81.584983 75.758811 76.874606 77.995118 79.120148 46.240112 45.407207 44.703290 44.134534 43.706215 47.105563 48.729213 50.428578 52.196264 54.025565 55.910433 57.845437 41.419982 43.257566 45.163285 47.128874 49.147151 51.211887 53.317684 
90.000000 127.279221 0.000000 90.000000 53.905803 53.362376 52.843889 52.351083 58.516013 58.015786 57.539247 57.086988 87.267535 89.423091 91.598356 93.791960 96.002646 80.644652 78.752536 76.897771 75.083125 73.311578 71.586328 69.910803 85.859424 84.084736 82.350155 80.658270 79.011824 77.413714 75.866997 
127.279221 90.000000 90.000000 0.000000 47.757334 47.143087 46.555387 45.995253 43.412570 42.735920 42.086724 41.466271 49.486889 48.709534 48.054015 47.525375 47.127884 70.951211 68.792997 66.661696 64.559974 62.490815 60.457562 58.463962 67.310885 65.031971 62.773104 60.536527 58.324804 56.140873 53.988107 
82.222757 78.329491 53.905803 47.757334 0.000000 1.270000 2.540000 3.810000 5.080000 5.236344 5.679613 6.350000 34.236794 36.149463 38.135449 40.183883 42.285691 37.350698 34.832273 32.317225 29.806409 27.300992 24.802612 22.313631 39.046545 36.644853 34.263115 31.905799 29.578746 27.289697 25.049075 
83.251963 79.409173 53.362376 47.143087 1.270000 0.000000 1.270000 2.540000 5.236344 5.080000 5.236344 5.679613 35.107713 36.975358 38.919223 40.928448 42.993872 38.610971 36.091107 33.574279 31.061223 28.552936 26.050796 23.556760 40.253759 37.843441 35.451238 33.081077 30.738058 28.428894 26.162549 
84.287738 80.494411 52.843889 46.555387 2.540000 1.270000 0.000000 1.270000 5.679613 5.236344 5.080000 5.236344 36.002372 37.825869 39.728140 41.698407 43.727478 39.871860 37.350698 34.832273 32.317225 29.806409 27.300992 24.802612 41.464723 39.046545 36.644853 34.263115 31.905799 29.578746 27.289697 
85.329843 81.584983 52.351083 45.995253 3.810000 2.540000 1.270000 0.000000 6.350000 5.679613 5.236344 5.080000 36.919044 38.699372 40.560698 42.492378 44.485249 41.133311 38.610971 36.091107 33.574279 31.061223 28.552936 26.050796 42.679120 40.253759 37.843441 35.451238 33.081077 30.738058 28.428894 
85.316294 75.758811 58.516013 43.412570 5.080000 5.236344 5.679613 6.350000 0.000000 1.270000 2.540000 3.810000 30.685770 32.410426 34.236794 36.149463 38.135449 37.056965 34.517115 31.977289 29.437493 26.897735 24.358028 21.818389 37.753906 35.264288 32.782401 30.310143 27.850080 25.405755 22.982188 
86.308619 76.874606 58.015786 42.735920 5.236344 5.080000 5.236344 5.679613 1.270000 0.000000 1.270000 2.540000 31.654541 33.329103 35.107713 36.975358 38.919223 38.326897 35.787037 33.247198 30.707386 28.167608 25.627874 23.088199 39.001152 36.508230 34.022272 31.544927 29.078394 26.625679 24.190985 
87.308139 77.995118 57.539247 42.086724 5.679613 5.236344 5.080000 5.236344 2.540000 1.270000 0.000000 1.270000 32.643976 34.270226 36.002372 37.825869 39.728140 39.596834 37.056965 34.517115 31.977289 29.437493 26.897735 24.358028 40.249821 37.753906 35.264288 32.782401 30.310143 27.850080 25.405755 
88.314610 79.120148 57.086988 41.466271 6.350000 5.679613 5.236344 5.080000 3.810000 2.540000 1.270000 0.000000 33.652255 35.231994 36.919044 38.699372 40.560698 40.866774 38.326897 35.787037 33.247198 30.707386 28.167608 25.627874 41.499784 39.001152 36.508230 34.022272 31.544927 29.078394 26.625679 
85.468231 46.240112 87.267535 49.486889 34.236794 35.107713 36.002372 36.919044 30.685770 31.654541 32.643976 33.652255 0.000000 2.540000 5.080000 7.620000 10.160000 24.808449 23.478348 22.358660 21.482313 20.879967 20.575702 20.582740 18.986711 17.212463 15.650743 14.371006 13.453962 12.976732 12.987888 
87.668038 45.407207 89.423091 48.709534 36.149463 36.975358 37.825869 38.699372 32.410426 33.329103 34.270226 35.231994 2.540000 0.000000 2.540000 5.080000 7.620000 26.949091 25.729889 24.712427 23.922461 23.383058 23.111769 23.118035 20.798557 19.192542 17.805351 16.691633 15.908924 15.507429 15.516766 
89.885787 44.703290 91.598356 48.054015 38.135449 38.919223 39.728140 40.560698 34.236794 35.107713 36.002372 36.919044 5.080000 2.540000 0.000000 2.540000 5.080000 29.153921 28.030782 27.099846 26.381465 25.893338 25.648615 25.654261 22.750120 21.291821 20.050399 19.068261 18.387002 18.040741 18.048767 
92.120180 44.134534 93.791960 47.525375 40.183883 40.928448 41.698407 42.492378 36.149463 36.975358 37.825869 38.699372 7.620000 5.080000 2.540000 0.000000 2.540000 31.409423 30.369813 29.512750 28.854505 28.408903 28.186029 28.191167 24.808449 23.478348 22.358660 21.482313 20.879967 20.575702 20.582740 
94.370036 43.706215 96.002646 47.127884 42.285691 42.993872 43.727478 44.485249 38.135449 38.919223 39.728140 40.560698 10.160000 7.620000 5.080000 2.540000 0.000000 33.705428 32.738808 31.945366 31.338259 30.928462 30.723870 30.728584 26.949091 25.729889 24.712427 23.922461 23.383058 23.111769 23.118035 
60.732360 47.105563 80.644652 70.951211 37.350698 38.610971 39.871860 41.133311 37.056965 38.326897 39.596834 40.866774 24.808449 26.949091 29.153921 31.409423 33.705428 0.000000 2.540000 5.080000 7.620000 10.160000 12.700000 15.240000 7.620000 8.032185 9.158100 10.776307 12.700000 14.810618 17.038838 
62.000175 48.729213 78.752536 68.792997 34.832273 36.091107 37.350698 38.610971 34.517115 35.787037 37.056965 38.326897 23.478348 25.729889 28.030782 30.369813 32.738808 2.540000 0.000000 2.540000 5.080000 7.620000 10.160000 12.700000 8.032185 7.620000 8.032185 9.158100 10.776307 12.700000 14.810618 
63.344510 50.428578 76.897771 66.661696 32.317225 33.574279 34.832273 36.091107 31.977289 33.247198 34.517115 35.787037 22.358660 24.712427 27.099846 29.512750 31.945366 5.080000 2.540000 0.000000 2.540000 5.080000 7.620000 10.160000 9.158100 8.032185 7.620000 8.032185 9.158100 10.776307 12.700000 
64.760601 52.196264 75.083125 64.559974 29.806409 31.061223 32.317225 33.574279 29.437493 30.707386 31.977289 33.247198 21.482313 23.922461 26.381465 28.854505 31.338259 7.620000 5.080000 2.540000 0.000000 2.540000 5.080000 7.620000 10.776307 9.158100 8.032185 7.620000 8.032185 9.158100 10.776307 
66.243846 54.025565 73.311578 62.490815 27.300992 28.552936 29.806409 31.061223 26.897735 28.167608 29.437493 30.707386 20.879967 23.383058 25.893338 28.408903 30.928462 10.160000 7.620000 5.080000 2.540000 0.000000 2.540000 5.080000 12.700000 10.776307 9.158100 8.032185 7.620000 8.032185 9.158100 
67.789837 55.910433 71.586328 60.457562 24.802612 26.050796 27.300992 28.552936 24.358028 25.627874 26.897735 28.167608 20.575702 23.111769 25.648615 28.186029 30.723870 12.700000 10.160000 7.620000 5.080000 2.540000 0.000000 2.540000 14.810618 12.700000 10.776307 9.158100 8.032185 7.620000 8.032185 
69.394381 57.845437 69.910803 58.463962 22.313631 23.556760 24.802612 26.050796 21.818389 23.088199 24.358028 25.627874 20.582740 23.118035 25.654261 28.191167 30.728584 15.240000 12.700000 10.160000 7.620000 5.080000 2.540000 0.000000 17.038838 14.810618 12.700000 10.776307 9.158100 8.032185 7.620000 
67.503336 41.419982 85.859424 67.310885 39.046545 40.253759 41.464723 42.679120 37.753906 39.001152 40.249821 41.499784 18.986711 20.798557 22.750120 24.808449 26.949091 7.620000 8.032185 9.158100 10.776307 12.700000 14.810618 17.038838 0.000000 2.540000 5.080000 7.620000 10.160000 12.700000 15.240000 
68.646213 43.257566 84.084736 65.031971 36.644853 37.843441 39.046545 40.253759 35.264288 36.508230 37.753906 39.001152 17.212463 19.192542 21.291821 23.478348 25.729889 8.032185 7.620000 8.032185 9.158100 10.776307 12.700000 14.810618 2.540000 0.000000 2.540000 5.080000 7.620000 10.160000 12.700000 
69.862778 45.163285 82.350155 62.773104 34.263115 35.451238 36.644853 37.843441 32.782401 34.022272 35.264288 36.508230 15.650743 17.805351 20.050399 22.358660 24.712427 9.158100 8.032185 7.620000 8.032185 9.158100 10.776307 12.700000 5.080000 2.540000 0.000000 2.540000 5.080000 7.620000 10.160000 
71.149254 47.128874 80.658270 60.536527 31.905799 33.081077 34.263115 35.451238 30.310143 31.544927 32.782401 34.022272 14.371006 16.691633 19.068261 21.482313 23.922461 10.776307 9.158100 8.032185 7.620000 8.032185 9.158100 10.776307 7.620000 5.080000 2.540000 0.000000 2.540000 5.080000 7.620000 
72.501917 49.147151 79.011824 58.324804 29.578746 30.738058 31.905799 33.081077 27.850080 29.078394 30.310143 31.544927 13.453962 15.908924 18.387002 20.879967 23.383058 12.700000 10.776307 9.158100 8.032185 7.620000 8.032185 9.158100 10.160000 7.620000 5.080000 2.540000 0.000000 2.540000 5.080000 
73.917135 51.211887 77.413714 56.140873 27.289697 28.428894 29.578746 30.738058 25.405755 26.625679 27.850080 29.078394 12.976732 15.507429 18.040741 20.575702 23.111769 14.810618 12.700000 10.776307 9.158100 8.032185 7.620000 8.032185 12.700000 10.160000 7.620000 5.080000 2.540000 0.000000 2.540000 
75.391385 53.317684 75.866997 53.988107 25.049075 26.162549 27.289697 28.428894 22.982188 24.190985 25.405755 26.625679 12.987888 15.516766 18.048767 20.582740 23.118035 17.038838 14.810618 12.700000 10.776307 9.158100 8.032185 7.620000 15.240000 12.700000 10.160000 7.620000 5.080000 2.540000 0.000000 
