28
# Circuit board instance
Size: medium
Nodes: 28
0.000000 65.000000 65.000000 91.923882 43.883165 45.039566 46.306544 47.675284 49.137284 52.764072 54.854505 56.981481 59.141060 61.329796 63.544678 65.783063 57.513481 59.437109 61.405557 63.414653 65.460653 67.540205 69.650303 43.973295 45.613443 47.333126 49.123993 50.978543 
65.000000 0.000000 91.923882 65.000000 60.698825 58.796069 56.943052 55.144791 53.406815 55.105681 57.110467 59.156386 61.239315 63.355605 65.502022 67.675699 50.693089 52.865477 55.069331 57.301021 59.557417 61.835815 64.133871 50.631915 48.788588 47.010265 45.304601 43.680109 
65.000000 91.923882 0.000000 65.000000 31.727383 33.308515 35.002724 36.794394 38.669980 37.643826 36.219152 34.921334 33.765001 32.765138 31.936443 31.292519 44.054635 42.843672 41.752279 40.790054 39.966329 39.289816 38.768221 41.401405 43.139446 44.953871 46.835802 48.777428 
91.923882 65.000000 65.000000 0.000000 52.585569 50.377300 48.201721 46.063463 43.967972 40.861307 39.552696 38.367803 37.318414 36.416246 35.672470 35.097158 34.681402 33.129579 31.705544 30.427246 29.313755 28.384474 27.657978 48.415044 46.483889 44.613794 42.812761 41.089872 
43.883165 60.698825 31.727383 52.585569 0.000000 2.540000 5.080000 7.620000 10.160000 12.086268 13.039609 14.383607 16.020240 17.869282 19.871527 21.985157 19.511405 20.115876 21.012025 22.164502 23.535681 25.089731 26.794853 10.214420 12.445526 14.776707 17.167243 19.595422 
45.039566 58.796069 33.308515 50.377300 2.540000 0.000000 2.540000 5.080000 7.620000 9.678770 10.845835 12.429356 14.291565 16.337441 18.506169 20.759283 17.017228 17.707049 18.718876 20.003906 21.513238 23.203141 25.037078 8.165833 10.214420 12.445526 14.776707 17.167243 
46.306544 56.943052 35.002724 48.201721 5.080000 2.540000 0.000000 2.540000 5.080000 7.360877 8.839460 10.723470 12.835604 15.080314 17.406385 19.785140 14.538925 15.340596 16.498201 17.942981 19.611571 21.451808 23.423271 6.475375 8.165833 10.214420 12.445526 14.776707 
47.675284 55.144791 36.794394 46.063463 7.620000 5.080000 2.540000 0.000000 2.540000 5.252584 7.179358 9.402123 11.754142 14.171203 16.624962 19.101280 12.086268 13.039609 14.383607 16.020240 17.869282 19.871527 21.985157 5.484827 6.475375 8.165833 10.214420 12.445526 
49.137284 53.406815 38.669980 43.967972 10.160000 7.620000 5.080000 2.540000 0.000000 3.728264 6.152520 8.643509 11.156621 13.679668 16.208012 18.739509 9.678770 10.845835 12.429356 14.291565 16.337441 18.506169 20.759283 5.580267 5.484827 6.475375 8.165833 10.214420 
52.764072 55.105681 37.643826 40.861307 12.086268 9.678770 7.360877 5.252584 3.728264 0.000000 2.540000 5.080000 7.620000 10.160000 12.700000 15.240000 7.620000 8.032185 9.158100 10.776307 12.700000 14.810618 17.038838 9.291327 8.833721 9.090858 10.007795 11.426786 
54.854505 57.110467 36.219152 39.552696 13.039609 10.845835 8.839460 7.179358 6.152520 2.540000 0.000000 2.540000 5.080000 7.620000 10.160000 12.700000 8.032185 7.620000 8.032185 9.158100 10.776307 12.700000 14.810618 11.731062 11.372057 11.572932 12.306300 13.485566 
56.981481 59.156386 34.921334 38.367803 14.383607 12.429356 10.723470 9.402123 8.643509 5.080000 2.540000 0.000000 2.540000 5.080000 7.620000 10.160000 9.158100 8.032185 7.620000 8.032185 9.158100 10.776307 12.700000 14.205987 13.911001 14.075689 14.684593 15.686069 
59.141060 61.239315 33.765001 37.318414 16.020240 14.291565 12.835604 11.754142 11.156621 7.620000 5.080000 2.540000 0.000000 2.540000 5.080000 7.620000 10.776307 9.158100 8.032185 7.620000 8.032185 9.158100 10.776307 16.700465 16.450271 16.589770 17.109434 17.976324 
61.329796 63.355605 32.765138 36.416246 17.869282 16.337441 15.080314 14.171203 13.679668 10.160000 7.620000 5.080000 2.540000 0.000000 2.540000 5.080000 12.700000 10.776307 9.158100 8.032185 7.620000 8.032185 9.158100 19.206879 18.989736 19.110707 19.563522 20.326015 
63.544678 65.502022 31.936443 35.672470 19.871527 18.506169 17.406385 16.624962 16.208012 12.700000 10.160000 7.620000 5.080000 2.540000 0.000000 2.540000 14.810618 12.700000 10.776307 9.158100 8.032185 7.620000 8.032185 21.721097 21.529327 21.636104 22.037088 22.716706 
65.783063 67.675699 31.292519 35.097158 21.985157 20.759283 19.785140 19.101280 18.739509 15.240000 12.700000 10.160000 7.620000 5.080000 2.540000 0.000000 17.038838 14.810618 12.700000 10.776307 9.158100 8.032185 7.620000 24.240691 24.069005 24.164562 24.524240 25.136702 
57.513481 50.693089 44.054635 34.681402 19.511405 17.017228 14.538925 12.086268 9.678770 7.620000 8.032185 9.158100 10.776307 12.700000 14.810618 17.038838 0.000000 2.540000 5.080000 7.620000 10.160000 12.700000 15.240000 13.734276 11.900698 10.369479 9.291327 8.833721 
59.437109 52.865477 42.843672 33.129579 20.115876 17.707049 15.340596 13.039609 10.845835 8.032185 7.620000 8.032185 9.158100 10.776307 12.700000 14.810618 2.540000 0.000000 2.540000 5.080000 7.620000 10.160000 12.700000 15.489332 13.889409 12.602188 11.731062 11.372057 
61.405557 55.069331 41.752279 31.705544 21.012025 18.718876 16.498201 14.383607 12.429356 9.158100 8.032185 7.620000 8.032185 9.158100 10.776307 12.700000 5.080000 2.540000 0.000000 2.540000 5.080000 7.620000 10.160000 17.438798 16.034586 14.933432 14.205987 13.911001 
63.414653 57.301021 40.790054 30.427246 22.164502 20.003906 17.942981 16.020240 14.291565 10.776307 9.158100 8.032185 7.620000 8.032185 9.158100 10.776307 7.620000 5.080000 2.540000 0.000000 2.540000 5.080000 7.620000 19.524526 18.281231 17.323477 16.700465 16.450271 
65.460653 59.557417 39.966329 29.313755 23.535681 21.513238 19.611571 17.869282 16.337441 12.700000 10.776307 9.158100 8.032185 7.620000 8.032185 9.158100 10.160000 7.620000 5.080000 2.540000 0.000000 2.540000 5.080000 21.707275 20.596166 19.750988 19.206879 18.989736 
67.540205 61.835815 39.289816 28.384474 25.089731 23.203141 21.451808 19.871527 18.506169 14.810618 12.700000 10.776307 9.158100 8.032185 7.620000 8.032185 12.700000 10.160000 7.620000 5.080000 2.540000 0.000000 2.540000 23.960544 22.958744 22.203680 21.721097 21.529327 
69.650303 64.133871 38.768221 27.657978 26.794853 25.037078 23.423271 21.985157 20.759283 17.038838 14.810618 12.700000 10.776307 9.158100 8.032185 7.620000 15.240000 12.700000 10.160000 7.620000 5.080000 2.540000 0.000000 26.266189 25.355650 24.674044 24.240691 24.069005 
43.973295 50.631915 41.401405 48.415044 10.214420 8.165833 6.475375 5.484827 5.580267 9.291327 11.731062 14.205987 16.700465 19.206879 21.721097 24.240691 13.734276 15.489332 17.438798 19.524526 21.707275 23.960544 26.266189 0.000000 2.540000 5.080000 7.620000 10.160000 
45.613443 48.788588 43.139446 46.483889 12.445526 10.214420 8.165833 6.475375 5.484827 8.833721 11.372057 13.911001 16.450271 18.989736 21.529327 24.069005 11.900698 13.889409 16.034586 18.281231 20.596166 22.958744 25.355650 2.540000 0.000000 2.540000 5.080000 7.620000 
47.333126 47.010265 44.953871 44.613794 14.776707 12.445526 10.214420 8.165833 6.475375 9.090858 11.572932 14.075689 16.589770 19.110707 21.636104 24.164562 10.369479 12.602188 14.933432 17.323477 19.750988 22.203680 24.674044 5.080000 2.540000 0.000000 2.540000 5.080000 
49.123993 45.304601 46.835802 42.812761 17.167243 14.776707 12.445526 10.214420 8.165833 10.007795 12.306300 14.684593 17.109434 19.563522 22.037088 24.524240 9.291327 11.731062 14.205987 16.700465 19.206879 21.721097 24.240691 7.620000 5.080000 2.540000 0.000000 2.540000 
50.978543 43.680109 48.777428 41.089872 19.595422 17.167243 14.776707 12.445526 10.214420 11.426786 13.485566 15.686069 17.976324 20.326015 22.716706 25.136702 8.833721 11.372057 13.911001 16.450271 18.989736 21.529327 24.069005 10.160000 7.620000 5.080000 2.540000 0.000000 
