31
# Circuit board instance
Size: medium
Nodes: 31
0.000000 90.000000 90.000000 127.279221 90.147706 91.090321 92.040808 92.998923 93.645121 94.552877 95.468896 96.392944 89.719779 90.085807 90.521654 91.026315 91.598655 57.883705 59.443486 61.069109 62.755456 64.497764 66.291622 68.132958 64.140685 65.551752 67.029398 68.569318 70.167412 71.819798 73.522814 
90.000000 0.000000 127.279221 90.000000 72.771021 73.935508 75.103415 76.274585 70.880332 72.075372 73.272934 74.472896 118.516881 116.854032 115.223183 113.625711 112.063043 55.844046 57.459223 59.139414 60.879236 62.673725 64.518318 66.408841 50.104507 51.898617 53.752902 55.661347 57.618573 59.619775 61.660671 
90.000000 127.279221 0.000000 90.000000 65.071444 64.626084 64.202759 63.801910 69.836185 69.421399 69.027489 68.654815 11.732073 14.263779 16.797990 19.333721 21.870442 72.074281 70.146324 68.258441 66.414049 64.616873 62.870962 61.180705 77.189417 75.392380 73.639112 71.932816 70.276913 68.675047 67.131087 
127.279221 90.000000 90.000000 0.000000 37.460720 36.681648 35.930585 35.209322 33.640830 32.771073 31.928151 31.114245 78.321477 75.781710 73.241960 70.702227 68.162515 70.446690 68.472921 66.537575 64.644103 62.796294 60.998296 59.254644 65.989699 63.878362 61.799297 59.755872 57.751872 55.791543 53.879653 
90.147706 72.771021 65.071444 37.460720 0.000000 1.270000 2.540000 3.810000 5.080000 5.236344 5.679613 6.350000 53.887271 51.586385 49.308979 47.058463 44.838886 34.987777 32.690970 30.432839 28.222670 26.072661 23.998988 22.023224 32.590773 30.111683 27.643654 25.189938 22.755166 20.346138 17.973211 
91.090321 73.935508 64.626084 36.681648 1.270000 0.000000 1.270000 2.540000 5.236344 5.080000 5.236344 5.679613 53.373483 51.049445 48.746961 46.469234 44.220091 36.148386 33.835028 31.556548 29.321076 27.139242 25.025080 22.997261 33.833706 31.350009 28.876108 26.414757 23.969822 21.546892 19.154319 
92.040808 75.103415 64.202759 35.930585 2.540000 1.270000 0.000000 1.270000 5.679613 5.236344 5.080000 5.236344 52.885208 50.538722 48.211852 45.907584 43.629496 37.316120 34.987777 32.690970 30.432839 28.222670 26.072661 23.998988 35.078579 32.590773 30.111683 27.643654 25.189938 22.755166 20.346138 
92.998923 76.274585 63.801910 35.209322 3.810000 2.540000 1.270000 0.000000 6.350000 5.679613 5.236344 5.080000 52.423159 50.055017 47.704560 45.374536 43.068263 38.490331 36.148386 33.835028 31.556548 29.321076 27.139242 25.025080 36.325191 33.833706 31.350009 28.876108 26.414757 23.969822 21.546892 
93.645121 70.880332 69.836185 33.640830 5.080000 5.236344 5.679613 6.350000 0.000000 1.270000 2.540000 3.810000 58.548385 56.208754 53.887271 51.586385 49.308979 37.371798 35.230757 33.146107 31.129179 29.194013 27.357963 25.642331 34.018319 31.651240 29.313122 27.011489 24.756516 22.562200 20.448077 
94.552877 72.075372 69.421399 32.771073 5.236344 5.080000 5.236344 5.679613 1.270000 0.000000 1.270000 2.540000 58.075848 55.716378 53.373483 51.049445 48.746961 38.460532 36.294846 34.180732 32.128371 30.150376 28.262367 26.483594 35.210896 32.831549 30.478142 28.157183 25.877402 23.650710 21.493614 
95.468896 73.272934 69.027489 31.928151 5.679613 5.236344 5.080000 5.236344 2.540000 1.270000 0.000000 1.270000 57.627429 55.248813 52.885208 50.538722 48.211852 39.560075 37.371798 35.230757 33.146107 31.129179 29.194013 27.357963 36.408711 34.018319 31.651240 29.313122 27.011489 24.756516 22.562200 
96.392944 74.472896 68.654815 31.114245 6.350000 5.679613 5.236344 5.080000 3.810000 2.540000 1.270000 0.000000 57.203697 54.806694 52.423159 50.055017 47.704560 40.669550 38.460532 36.294846 34.180732 32.128371 30.150376 28.262367 37.611262 35.210896 32.831549 30.478142 28.157183 25.877402 23.650710 
89.719779 118.516881 11.732073 78.321477 53.887271 53.373483 52.885208 52.423159 58.548385 58.075848 57.627429 57.203697 0.000000 2.540000 5.080000 7.620000 10.160000 64.304962 62.179087 60.085378 58.027318 56.008838 54.034372 52.108924 68.706226 66.720732 64.773991 62.869603 61.011534 59.204144 57.452218 
90.085807 116.854032 14.263779 75.781710 51.586385 51.049445 50.538722 50.055017 56.208754 55.716378 55.248813 54.806694 2.540000 0.000000 2.540000 5.080000 7.620000 62.974562 60.802188 58.659355 56.549421 54.476208 52.444071 50.457975 67.175168 65.143026 63.147665 61.192685 59.282079 57.420278 55.612184 
90.521654 115.223183 16.797990 73.241960 49.308979 48.746961 48.211852 47.704560 53.887271 53.373483 52.885208 52.423159 5.080000 2.540000 0.000000 2.540000 5.080000 61.720061 59.501904 57.310474 55.148957 53.021012 50.930846 48.883307 65.706652 63.627625 61.583184 59.576888 57.612723 55.695146 53.829136 
91.026315 113.625711 19.333721 70.702227 47.058463 46.469234 45.907584 45.374536 51.586385 51.049445 50.538722 50.055017 7.620000 5.080000 2.540000 0.000000 2.540000 60.546178 58.283362 56.044305 53.831971 51.649795 49.501766 47.392525 64.304962 62.179087 60.085378 58.027318 56.008838 54.034372 52.108924 
91.598655 112.063043 21.870442 68.162515 44.838886 44.220091 43.629496 43.068263 49.308979 48.746961 48.211852 47.704560 10.160000 7.620000 5.080000 2.540000 0.000000 59.457687 57.151791 54.866574 52.604734 50.369418 48.164320 45.993786 62.974562 60.802188 58.659355 56.549421 54.476208 52.444071 50.457975 
57.883705 55.844046 72.074281 70.446690 34.987777 36.148386 37.316120 38.490331 37.371798 38.460532 39.560075 40.669550 64.304962 62.974562 61.720061 60.546178 59.457687 0.000000 2.540000 5.080000 7.620000 10.160000 12.700000 15.240000 7.620000 8.032185 9.158100 10.776307 12.700000 14.810618 17.038838 
59.443486 57.459223 70.146324 68.472921 32.690970 33.835028 34.987777 36.148386 35.230757 36.294846 37.371798 38.460532 62.179087 60.802188 59.501904 58.283362 57.151791 2.540000 0.000000 2.540000 5.080000 7.620000 10.160000 12.700000 8.032185 7.620000 8.032185 9.158100 10.776307 12.700000 14.810618 
61.069109 59.139414 68.258441 66.537575 30.432839 31.556548 32.690970 33.835028 33.146107 34.180732 35.230757 36.294846 60.085378 58.659355 57.310474 56.044305 54.866574 5.080000 2.540000 0.000000 2.540000 5.080000 7.620000 10.160000 9.158100 8.032185 7.620000 8.032185 9.158100 10.776307 12.700000 
62.755456 60.879236 66.414049 64.644103 28.222670 29.321076 30.432839 31.556548 31.129179 32.128371 33.146107 34.180732 58.027318 56.549421 55.148957 53.831971 52.604734 7.620000 5.080000 2.540000 0.000000 2.540000 5.080000 7.620000 10.776307 9.158100 8.032185 7.620000 8.032185 9.158100 10.776307 
64.497764 62.673725 64.616873 62.796294 26.072661 27.139242 28.222670 29.321076 29.194013 30.150376 31.129179 32.128371 56.008838 54.476208 53.021012 51.649795 50.369418 10.160000 7.620000 5.080000 2.540000 0.000000 2.540000 5.080000 12.700000 10.776307 9.158100 8.032185 7.620000 8.032185 9.158100 
66.291622 64.518318 62.870962 60.998296 23.998988 25.025080 26.072661 27.139242 27.357963 28.262367 29.194013 30.150376 54.034372 52.444071 50.930846 49.501766 48.164320 12.700000 10.160000 7.620000 5.080000 2.540000 0.000000 2.540000 14.810618 12.700000 10.776307 9.158100 8.032185 7.620000 8.032185 
68.132958 66.408841 61.180705 59.254644 22.023224 22.997261 23.998988 25.025080 25.642331 26.483594 27.357963 28.262367 52.108924 50.457975 48.883307 47.392525 45.993786 15.240000 12.700000 10.160000 7.620000 5.080000 2.540000 0.000000 17.038838 14.810618 12.700000 10.776307 9.158100 8.032185 7.620000 
64.140685 50.104507 77.189417 65.989699 32.590773 33.833706 35.078579 36.325191 34.018319 35.210896 36.408711 37.611262 68.706226 67.175168 65.706652 64.304962 62.974562 7.620000 8.032185 9.158100 10.776307 12.700000 14.810618 17.038838 0.000000 2.540000 5.080000 7.620000 10.160000 12.700000 15.240000 
65.551752 51.898617 75.392380 63.878362 30.111683 31.350009 32.590773 33.833706 31.651240 32.831549 34.018319 35.210896 66.720732 65.143026 63.627625 62.179087 60.802188 8.032185 7.620000 8.032185 9.158100 10.776307 12.700000 14.810618 2.540000 0.000000 2.540000 5.080000 7.620000 10.160000 12.700000 
67.029398 53.752902 73.639112 61.799297 27.643654 28.876108 30.111683 31.350009 29.313122 30.478142 31.651240 32.831549 64.773991 63.147665 61.583184 60.085378 58.659355 9.158100 8.032185 7.620000 8.032185 9.158100 10.776307 12.700000 5.080000 2.540000 0.000000 2.540000 5.080000 7.620000 10.160000 
68.569318 55.661347 71.932816 59.755872 25.189938 26.414757 27.643654 28.876108 27.011489 28.157183 29.313122 30.478142 62.869603 61.192685 59.576888 58.027318 56.549421 10.776307 9.158100 8.032185 7.620000 8.032185 9.158100 10.776307 7.620000 5.080000 2.540000 0.000000 2.540000 5.080000 7.620000 
70.167412 57.618573 70.276913 57.751872 22.755166 23.969822 25.189938 26.414757 24.756516 25.877402 27.011489 28.157183 61.011534 59.282079 57.612723 56.008838 54.476208 12.700000 10.776307 9.158100 8.032185 7.620000 8.032185 9.158100 10.160000 7.620000 5.080000 2.540000 0.000000 2.540000 5.080000 
71.819798 59.619775 68.675047 55.791543 20.346138 21.546892 22.755166 23.969822 22.562200 23.650710 24.756516 25.877402 59.204144 57.420278 55.695146 54.034372 52.444071 14.810618 12.700000 10.776307 9.158100 8.032185 7.620000 8.032185 12.700000 10.160000 7.620000 5.080000 2.540000 0.000000 2.540000 
73.522814 61.660671 67.131087 53.879653 17.973211 19.154319 20.346138 21.546892 20.448077 21.493614 22.562200 23.650710 57.452218 55.612184 53.829136 52.108924 50.457975 17.038838 14.810618 12.700000 10.776307 9.158100 8.032185 7.620000 15.240000 12.700000 10.160000 7.620000 5.080000 2.540000 0.000000 
