34
# Circuit board instance
Size: medium
Nodes: 34
0.000000 65.000000 65.000000 91.923882 22.584789 23.423028 24.298756 25.208067 26.671925 27.385344 28.138024 28.926900 11.743884 12.668846 13.649408 14.674427 15.766780 16.467307 17.233075 18.055784 29.859324 31.826803 33.870558 35.977594 38.137423 40.341567 42.583144 35.308290 36.987045 38.759655 40.613833 42.538914 44.525702 46.566300 
65.000000 0.000000 91.923882 65.000000 49.893310 50.278304 50.692200 51.134297 45.058420 45.484357 45.941463 46.428818 57.245377 57.442267 57.666461 57.917641 52.223613 52.439361 52.684848 52.959661 50.821687 52.002020 53.277382 54.641120 56.086787 57.608217 59.199568 44.128676 45.483032 46.935866 48.478326 50.102134 51.799641 53.563840 
65.000000 91.923882 0.000000 65.000000 53.327263 52.127368 50.930873 49.738023 55.182568 54.023896 52.870338 51.722237 57.356387 56.100232 54.844714 53.589879 58.313186 57.078092 55.844563 54.612706 46.646033 44.351083 42.084295 39.850476 37.655494 35.506551 33.412533 50.308534 48.188325 46.110563 44.081250 42.107391 40.197156 38.360051 
91.923882 65.000000 65.000000 0.000000 69.448302 68.531249 67.625612 66.731856 66.060468 65.095706 64.141580 63.198571 80.180232 79.286508 78.403170 77.530572 76.675564 75.740497 74.815303 73.900352 62.186149 60.483744 58.841759 57.265392 55.760209 54.332126 52.987376 56.847280 54.979809 53.168118 51.418103 49.736275 48.129783 46.606418 
22.584789 49.893310 53.327263 69.448302 0.000000 1.270000 2.540000 3.810000 5.080000 5.236344 5.679613 6.350000 10.918057 10.238761 9.679167 9.261000 7.373198 6.323946 5.370880 4.574516 8.371176 10.841472 13.337977 15.848311 18.366803 20.890505 23.417731 12.724152 14.469449 16.423431 18.520162 20.716344 22.983486 25.302521 
23.423028 50.278304 52.127368 68.531249 1.270000 0.000000 1.270000 2.540000 5.236344 5.080000 5.236344 5.679613 11.696219 10.918057 10.238761 9.679167 8.483018 7.373198 6.323946 5.370880 7.154358 9.601779 12.087459 14.591860 17.106762 19.628128 22.153752 11.958774 13.565456 15.425113 17.457085 19.607875 21.842410 24.137444 
24.298756 50.692200 50.930873 67.625612 2.540000 1.270000 0.000000 1.270000 5.679613 5.236344 5.080000 5.236344 12.554875 11.696219 10.918057 10.238761 9.632495 8.483018 7.373198 6.323946 5.959771 8.371176 10.841472 13.337977 15.848311 18.366803 20.890505 11.284782 12.724152 14.469449 16.423431 18.520162 20.716344 22.983486 
25.208067 51.134297 49.738023 66.731856 3.810000 2.540000 1.270000 0.000000 6.350000 5.679613 5.236344 5.080000 13.478651 12.554875 11.696219 10.918057 10.808983 9.632495 8.483018 7.373198 4.804031 7.154358 9.601779 12.087459 14.591860 17.106762 19.628128 10.719429 11.958774 13.565456 15.425113 17.457085 19.607875 21.842410 
26.671925 45.058420 55.182568 66.060468 5.080000 5.236344 5.679613 6.350000 0.000000 1.270000 2.540000 3.810000 15.351114 14.875650 14.496172 14.220367 10.918057 10.238761 9.679167 9.261000 8.565880 10.992507 13.461030 15.952011 18.456359 20.969285 23.488036 9.369234 11.629422 13.985978 16.397405 18.842649 21.310071 23.792773 
27.385344 45.484357 54.023896 65.095706 5.236344 5.080000 5.236344 5.679613 1.270000 0.000000 1.270000 2.540000 15.913964 15.351114 14.875650 14.496172 11.696219 10.918057 10.238761 9.679167 7.381229 9.771994 12.223108 14.704424 17.202878 19.711954 22.228056 8.300047 10.483325 12.798930 15.186452 17.616675 20.074097 22.549827 
28.138024 45.941463 52.870338 64.141580 5.679613 5.236344 5.080000 5.236344 2.540000 1.270000 0.000000 1.270000 16.555289 15.913964 15.351114 14.875650 12.554875 11.696219 10.918057 10.238761 6.230295 8.565880 10.992507 13.461030 15.952011 18.456359 20.969285 7.295534 9.369234 11.629422 13.985978 16.397405 18.842649 21.310071 
28.926900 46.428818 51.722237 63.198571 6.350000 5.679613 5.236344 5.080000 3.810000 2.540000 1.270000 0.000000 17.266348 16.555289 15.913964 15.351114 13.478651 12.554875 11.696219 10.918057 5.135798 7.381229 9.771994 12.223108 14.704424 17.202878 19.711954 6.386287 8.300047 10.483325 12.798930 15.186452 17.616675 20.074097 
11.743884 57.245377 57.356387 80.180232 10.918057 11.696219 12.554875 13.478651 15.351114 15.913964 16.555289 17.266348 0.000000 1.270000 2.540000 3.810000 5.080000 5.236344 5.679613 6.350000 18.177398 20.244704 22.409405 24.645853 26.936182 29.267745 31.631426 23.626568 25.251633 27.018112 28.900087 30.876445 32.930197 35.047740 
12.668846 57.442267 56.100232 79.286508 10.238761 10.918057 11.696219 12.554875 14.875650 15.351114 15.913964 16.555289 1.270000 0.000000 1.270000 2.540000 5.236344 5.080000 5.236344 5.679613 17.191317 19.196875 21.316703 23.519925 25.785172 28.097447 30.446036 22.876589 24.419602 26.118935 27.946087 29.877617 31.894568 33.981731 
13.649408 57.666461 54.844714 78.403170 9.679167 10.238761 10.918057 11.696219 14.496172 14.875650 15.351114 15.913964 2.540000 1.270000 0.000000 1.270000 5.679613 5.236344 5.080000 5.236344 16.244716 18.177398 20.244704 22.409405 24.645853 26.936182 29.267745 22.174032 23.626568 25.251633 27.018112 28.900087 30.876445 32.930197 
14.674427 57.917641 53.589879 77.530572 9.261000 9.679167 10.238761 10.918057 14.220367 14.496172 14.875650 15.351114 3.810000 2.540000 1.270000 0.000000 6.350000 5.679613 5.236344 5.080000 15.344900 17.191317 19.196875 21.316703 23.519925 25.785172 28.097447 21.523543 22.876589 24.419602 26.118935 27.946087 29.877617 31.894568 
15.766780 52.223613 58.313186 76.675564 7.373198 8.483018 9.632495 10.808983 10.918057 11.696219 12.554875 13.478651 5.080000 5.236344 5.679613 6.350000 0.000000 1.270000 2.540000 3.810000 15.590676 17.958268 20.367445 22.805031 25.262804 27.735398 30.219175 19.835496 21.745738 23.774157 25.892995 28.081791 30.325402 32.612517 
16.467307 52.439361 57.078092 75.740497 6.323946 7.373198 8.483018 9.632495 10.238761 10.918057 11.696219 12.554875 5.236344 5.080000 5.236344 5.679613 1.270000 0.000000 1.270000 2.540000 14.428887 16.768166 19.158633 21.583286 24.031780 26.497507 28.976068 18.935958 20.773761 22.747109 24.823698 26.979700 29.197528 31.464110 
17.233075 52.684848 55.844563 74.815303 5.370880 6.323946 7.373198 8.483018 9.679167 10.238761 10.918057 11.696219 5.679613 5.236344 5.080000 5.236344 2.540000 1.270000 0.000000 1.270000 13.286917 15.590676 17.958268 20.367445 22.805031 25.262804 27.735398 18.080926 19.835496 21.745738 23.774157 25.892995 28.081791 30.325402 
18.055784 52.959661 54.612706 73.900352 4.574516 5.370880 6.323946 7.373198 9.261000 9.679167 10.238761 10.918057 6.350000 5.679613 5.236344 5.080000 3.810000 2.540000 1.270000 0.000000 12.170347 14.428887 16.768166 19.158633 21.583286 24.031780 26.497507 17.277010 18.935958 20.773761 22.747109 24.823698 26.979700 29.197528 
29.859324 50.821687 46.646033 62.186149 8.371176 7.154358 5.959771 4.804031 8.565880 7.381229 6.230295 5.135798 18.177398 17.191317 16.244716 15.344900 15.590676 14.428887 13.286917 12.170347 0.000000 2.540000 5.080000 7.620000 10.160000 12.700000 15.240000 7.620000 8.032185 9.158100 10.776307 12.700000 14.810618 17.038838 
31.826803 52.002020 44.351083 60.483744 10.841472 9.601779 8.371176 7.154358 10.992507 9.771994 8.565880 7.381229 20.244704 19.196875 18.177398 17.191317 17.958268 16.768166 15.590676 14.428887 2.540000 0.000000 2.540000 5.080000 7.620000 10.160000 12.700000 8.032185 7.620000 8.032185 9.158100 10.776307 12.700000 14.810618 
33.870558 53.277382 42.084295 58.841759 13.337977 12.087459 10.841472 9.601779 13.461030 12.223108 10.992507 9.771994 22.409405 21.316703 20.244704 19.196875 20.367445 19.158633 17.958268 16.768166 5.080000 2.540000 0.000000 2.540000 5.080000 7.620000 10.160000 9.158100 8.032185 7.620000 8.032185 9.158100 10.776307 12.700000 
35.977594 54.641120 39.850476 57.265392 15.848311 14.591860 13.337977 12.087459 15.952011 14.704424 13.461030 12.223108 24.645853 23.519925 22.409405 21.316703 22.805031 21.583286 20.367445 19.158633 7.620000 5.080000 2.540000 0.000000 2.540000 5.080000 7.620000 10.776307 9.158100 8.032185 7.620000 8.032185 9.158100 10.776307 
38.137423 56.086787 37.655494 55.760209 18.366803 17.106762 15.848311 14.591860 18.456359 17.202878 15.952011 14.704424 26.936182 25.785172 24.645853 23.519925 25.262804 24.031780 22.805031 21.583286 10.160000 7.620000 5.080000 2.540000 0.000000 2.540000 5.080000 12.700000 10.776307 9.158100 8.032185 7.620000 8.032185 9.158100 
40.341567 57.608217 35.506551 54.332126 20.890505 19.628128 18.366803 17.106762 20.969285 19.711954 18.456359 17.202878 29.267745 28.097447 26.936182 25.785172 27.735398 26.497507 25.262804 24.031780 12.700000 10.160000 7.620000 5.080000 2.540000 0.000000 2.540000 14.810618 12.700000 10.776307 9.158100 8.032185 7.620000 8.032185 
42.583144 59.199568 33.412533 52.987376 23.417731 22.153752 20.890505 19.628128 23.488036 22.228056 20.969285 19.711954 31.631426 30.446036 29.267745 28.097447 30.219175 28.976068 27.735398 26.497507 15.240000 12.700000 10.160000 7.620000 5.080000 2.540000 0.000000 17.038838 14.810618 12.700000 10.776307 9.158100 8.032185 7.620000 
35.308290 44.128676 50.308534 56.847280 12.724152 11.958774 11.284782 10.719429 9.369234 8.300047 7.295534 6.386287 23.626568 22.876589 22.174032 21.523543 19.835496 18.935958 18.080926 17.277010 7.620000 8.032185 9.158100 10.776307 12.700000 14.810618 17.038838 0.000000 2.540000 5.080000 7.620000 10.160000 12.700000 15.240000 
36.987045 45.483032 48.188325 54.979809 14.469449 13.565456 12.724152 11.958774 11.629422 10.483325 9.369234 8.300047 25.251633 24.419602 23.626568 22.876589 21.745738 20.773761 19.835496 18.935958 8.032185 7.620000 8.032185 9.158100 10.776307 12.700000 14.810618 2.540000 0.000000 2.540000 5.080000 7.620000 10.160000 12.700000 
38.759655 46.935866 46.110563 53.168118 16.423431 15.425113 14.469449 13.565456 13.985978 12.798930 11.629422 10.483325 27.018112 26.118935 25.251633 24.419602 23.774157 22.747109 21.745738 20.773761 9.158100 8.032185 7.620000 8.032185 9.158100 10.776307 12.700000 5.080000 2.540000 0.000000 2.540000 5.080000 7.620000 10.160000 
40.613833 48.478326 44.081250 51.418103 18.520162 17.457085 16.423431 15.425113 16.397405 15.186452 13.985978 12.798930 28.900087 27.946087 27.018112 26.118935 25.892995 24.823698 23.774157 22.747109 10.776307 9.158100 8.032185 7.620000 8.032185 9.158100 10.776307 7.620000 5.080000 2.540000 0.000000 2.540000 5.080000 7.620000 
42.538914 50.102134 42.107391 49.736275 20.716344 19.607875 18.520162 17.457085 18.842649 17.616675 16.397405 15.186452 30.876445 29.877617 28.900087 27.946087 28.081791 26.979700 25.892995 24.823698 12.700000 10.776307 9.158100 8.032185 7.620000 8.032185 9.158100 10.160000 7.620000 5.080000 2.540000 0.000000 2.540000 5.080000 
44.525702 51.799641 40.197156 48.129783 22.983486 21.842410 20.716344 19.607875 21.310071 20.074097 18.842649 17.616675 32.930197 31.894568 30.876445 29.877617 30.325402 29.197528 28.081791 26.979700 14.810618 12.700000 10.776307 9.158100 8.032185 7.620000 8.032185 12.700000 10.160000 7.620000 5.080000 2.540000 0.000000 2.540000 
46.566300 53.563840 38.360051 46.606418 25.302521 24.137444 22.983486 21.842410 23.792773 22.549827 21.310071 20.074097 35.047740 33.981731 32.930197 31.894568 32.612517 31.464110 30.325402 29.197528 17.038838 14.810618 12.700000 10.776307 9.158100 8.032185 7.620000 15.240000 12.700000 10.160000 7.620000 5.080000 2.540000 0.000000 
