31
# Circuit board instance
Size: medium
Nodes: 31
0.000000 65.000000 65.000000 91.923882 33.668054 35.524850 37.461918 39.467441 41.531501 43.645797 45.803370 39.384396 40.983018 42.673038 44.444029 46.286698 48.192825 50.155174 49.418522 50.624430 51.833400 53.045222 51.258108 52.421715 53.590154 54.763116 41.337138 43.598077 45.888220 48.203407 50.540195 
65.000000 0.000000 91.923882 65.000000 47.871646 49.195240 50.611777 52.113679 53.693782 55.345390 57.062293 41.457053 42.978651 44.593102 46.290693 48.062616 49.900952 51.798631 68.026930 68.907952 69.800962 70.705505 64.439635 65.369023 66.309709 67.261221 34.418332 32.348954 30.351134 28.439954 26.634074 
65.000000 91.923882 0.000000 65.000000 47.284637 45.101154 42.956890 40.858022 38.811914 36.827362 34.914865 51.511452 49.514714 47.569814 45.683375 43.862940 42.117068 40.455415 23.981617 23.036071 22.123042 21.246723 27.573923 26.755632 25.973684 25.231459 58.472712 60.092357 61.774006 63.512735 65.303985 
91.923882 65.000000 65.000000 0.000000 58.257991 56.500183 54.803750 53.174567 51.619001 50.143905 48.756583 53.112958 51.178741 49.299532 47.481864 45.733075 44.061367 42.475843 52.541325 52.116538 51.719454 51.350717 47.805796 47.338534 46.901015 46.494079 53.804467 52.504799 51.298054 50.190936 49.190171 
33.668054 47.871646 47.284637 58.257991 0.000000 2.540000 5.080000 7.620000 10.160000 12.700000 15.240000 7.620000 8.032185 9.158100 10.776307 12.700000 14.810618 17.038838 24.169698 25.373296 26.583073 27.798224 23.015038 24.275951 25.537766 26.800353 13.759940 16.171778 18.617736 21.085942 23.569409 
35.524850 49.195240 45.101154 56.500183 2.540000 0.000000 2.540000 5.080000 7.620000 10.160000 12.700000 8.032185 7.620000 8.032185 9.158100 10.776307 12.700000 14.810618 21.785132 22.973251 24.169698 25.373296 20.496577 21.755181 23.015038 24.275951 14.817095 17.080304 19.412122 21.790533 24.201806 
37.461918 50.611777 42.956890 54.803750 5.080000 2.540000 0.000000 2.540000 5.080000 7.620000 10.160000 9.158100 8.032185 7.620000 8.032185 9.158100 10.776307 12.700000 19.439982 20.606784 21.785132 22.973251 17.984176 19.239470 20.496577 21.755181 16.206785 18.298917 20.492536 22.758315 25.076702 
39.467441 52.113679 40.858022 53.174567 7.620000 5.080000 2.540000 0.000000 2.540000 5.080000 7.620000 10.776307 9.158100 8.032185 7.620000 8.032185 9.158100 10.776307 17.150422 18.286936 19.439982 20.606784 15.480784 16.731100 17.984176 19.239470 17.851517 19.770360 21.816526 23.957414 26.169787 
41.531501 53.693782 38.811914 51.619001 10.160000 7.620000 5.080000 2.540000 0.000000 2.540000 5.080000 12.700000 10.776307 9.158100 8.032185 7.620000 8.032185 9.158100 14.942031 16.033956 17.150422 18.286936 12.991612 14.233953 15.480784 16.731100 19.687474 21.442647 23.342681 25.355032 27.455013 
43.645797 55.345390 36.827362 50.143905 12.700000 10.160000 7.620000 5.080000 2.540000 0.000000 2.540000 14.810618 12.700000 10.776307 9.158100 8.032185 7.620000 8.032185 12.856702 13.880441 14.942031 16.033956 10.526750 11.755183 12.991612 14.233953 21.666098 23.272522 25.034056 26.920268 28.906762 
45.803370 57.062293 34.914865 48.756583 15.240000 12.700000 10.160000 7.620000 5.080000 2.540000 0.000000 17.038838 14.810618 12.700000 10.776307 9.158100 8.032185 7.620000 10.964875 11.880604 12.856702 13.880441 8.108401 9.309480 10.526750 11.755183 23.751761 25.225714 26.859455 28.625639 30.501267 
39.384396 41.457053 51.511452 53.112958 7.620000 8.032185 9.158100 10.776307 12.700000 14.810618 17.038838 0.000000 2.540000 5.080000 7.620000 10.160000 12.700000 15.240000 27.616513 28.675802 29.751593 30.842158 25.115140 26.275466 27.445505 28.624067 7.084046 9.146835 11.403888 13.759940 16.171778 
40.983018 42.978651 49.514714 51.178741 8.032185 7.620000 8.032185 9.158100 10.776307 12.700000 14.810618 2.540000 0.000000 2.540000 5.080000 7.620000 10.160000 12.700000 25.555615 26.575698 27.616513 28.675802 22.829541 23.965938 25.115140 26.275466 8.966275 10.671221 12.659346 14.817095 17.080304 
42.673038 44.593102 47.569814 49.299532 9.158100 8.032185 7.620000 8.032185 9.158100 10.776307 12.700000 5.080000 2.540000 0.000000 2.540000 5.080000 7.620000 10.160000 23.588352 24.558848 25.555615 26.575698 20.603613 21.707959 22.829541 23.965938 11.113400 12.529506 14.260877 16.206785 18.298917 
44.444029 46.290693 45.683375 47.481864 10.776307 9.158100 8.032185 7.620000 8.032185 9.158100 10.776307 7.620000 5.080000 2.540000 0.000000 2.540000 5.080000 7.620000 21.740158 22.647506 23.588352 24.558848 18.458953 19.519426 20.603613 21.707959 13.398672 14.594701 16.105570 17.851517 19.770360 
46.286698 48.062616 43.862940 45.733075 12.700000 10.776307 9.158100 8.032185 7.620000 8.032185 9.158100 10.160000 7.620000 5.080000 2.540000 0.000000 2.540000 5.080000 20.043996 20.870678 21.740158 22.647506 16.427424 17.426523 18.458953 19.519426 15.762119 16.790630 18.119308 19.687474 21.442647 
48.192825 49.900952 42.117068 44.061367 14.810618 12.700000 10.776307 9.158100 8.032185 7.620000 8.032185 12.700000 10.160000 7.620000 5.080000 2.540000 0.000000 2.540000 18.541636 19.265620 20.043996 20.870678 14.556468 15.468116 16.427424 17.426523 18.173265 19.072190 20.251729 21.666098 23.272522 
50.155174 51.798631 40.455415 42.475843 17.038838 14.810618 12.700000 10.776307 9.158100 8.032185 7.620000 15.240000 12.700000 10.160000 7.620000 5.080000 2.540000 0.000000 17.283691 17.878653 18.541636 19.265620 12.916054 13.701996 14.556468 15.468116 20.615381 21.412025 22.469065 23.751761 25.225714 
49.418522 68.026930 23.981617 52.541325 24.169698 21.785132 19.439982 17.150422 14.942031 12.856702 10.964875 27.616513 25.555615 23.588352 21.740158 20.043996 18.541636 17.283691 0.000000 1.270000 2.540000 3.810000 5.080000 5.236344 5.679613 6.350000 34.520875 36.111295 37.805604 39.590465 41.454184 
50.624430 68.907952 23.036071 52.116538 25.373296 22.973251 20.606784 18.286936 16.033956 13.880441 11.880604 28.675802 26.575698 24.558848 22.647506 20.870678 19.265620 17.878653 1.270000 0.000000 1.270000 2.540000 5.236344 5.080000 5.236344 5.679613 35.541526 37.088204 38.739811 40.483505 42.307902 
51.833400 69.800962 22.123042 51.719454 26.583073 24.169698 21.785132 19.439982 17.150422 14.942031 12.856702 29.751593 27.616513 25.555615 23.588352 21.740158 20.043996 18.541636 2.540000 1.270000 0.000000 1.270000 5.679613 5.236344 5.080000 5.236344 36.577795 38.082410 39.692669 41.396246 43.182098 
53.045222 70.705505 21.246723 51.350717 27.798224 25.373296 22.973251 20.606784 18.286936 16.033956 13.880441 30.842158 28.675802 26.575698 24.558848 22.647506 20.870678 19.265620 3.810000 2.540000 1.270000 0.000000 6.350000 5.679613 5.236344 5.080000 37.628392 39.092592 40.662867 42.327415 44.075554 
51.258108 64.439635 27.573923 47.805796 23.015038 20.496577 17.984176 15.480784 12.991612 10.526750 8.108401 25.115140 22.829541 20.603613 18.458953 16.427424 14.556468 12.916054 5.080000 5.236344 5.679613 6.350000 0.000000 1.270000 2.540000 3.810000 31.713258 33.049345 34.520875 36.111295 37.805604 
52.421715 65.369023 26.755632 47.338534 24.275951 21.755181 19.239470 16.731100 14.233953 11.755183 9.309480 26.275466 23.965938 21.707959 19.519426 17.426523 15.468116 13.701996 5.236344 5.080000 5.236344 5.679613 1.270000 0.000000 1.270000 2.540000 32.821334 34.114050 35.541526 37.088204 38.739811 
53.590154 66.309709 25.973684 46.901015 25.537766 23.015038 20.496577 17.984176 15.480784 12.991612 10.526750 27.445505 25.115140 22.829541 20.603613 18.458953 16.427424 14.556468 5.679613 5.236344 5.080000 5.236344 2.540000 1.270000 0.000000 1.270000 33.940757 35.192378 36.577795 38.082410 39.692669 
54.763116 67.261221 25.231459 46.494079 26.800353 24.275951 21.755181 19.239470 16.731100 14.233953 11.755183 28.624067 26.275466 23.965938 21.707959 19.519426 17.426523 15.468116 6.350000 5.679613 5.236344 5.080000 3.810000 2.540000 1.270000 0.000000 35.070441 36.283113 37.628392 39.092592 40.662867 
41.337138 34.418332 58.472712 53.804467 13.759940 14.817095 16.206785 17.851517 19.687474 21.666098 23.751761 7.084046 8.966275 11.113400 13.398672 15.762119 18.173265 20.615381 34.520875 35.541526 36.577795 37.628392 31.713258 32.821334 33.940757 35.070441 0.000000 2.540000 5.080000 7.620000 10.160000 
43.598077 32.348954 60.092357 52.504799 16.171778 17.080304 18.298917 19.770360 21.442647 23.272522 25.225714 9.146835 10.671221 12.529506 14.594701 16.790630 19.072190 21.412025 36.111295 37.088204 38.082410 39.092592 33.049345 34.114050 35.192378 36.283113 2.540000 0.000000 2.540000 5.080000 7.620000 
45.888220 30.351134 61.774006 51.298054 18.617736 19.412122 20.492536 21.816526 23.342681 25.034056 26.859455 11.403888 12.659346 14.260877 16.105570 18.119308 20.251729 22.469065 37.805604 38.739811 39.692669 40.662867 34.520875 35.541526 36.577795 37.628392 5.080000 2.540000 0.000000 2.540000 5.080000 
48.203407 28.439954 63.512735 50.190936 21.085942 21.790533 22.758315 23.957414 25.355032 26.920268 28.625639 13.759940 14.817095 16.206785 17.851517 19.687474 21.666098 23.751761 39.590465 40.483505 41.396246 42.327415 36.111295 37.088204 38.082410 39.092592 7.620000 5.080000 2.540000 0.000000 2.540000 
50.540195 26.634074 65.303985 49.190171 23.569409 24.201806 25.076702 26.169787 27.455013 28.906762 30.501267 16.171778 17.080304 18.298917 19.770360 21.442647 23.272522 25.225714 41.454184 42.307902 43.182098 44.075554 37.805604 38.739811 39.692669 40.662867 10.160000 7.620000 5.080000 2.540000 0.000000 
