25
# Circuit board instance
Size: medium
Nodes: 25
0.000000 90.000000 90.000000 127.279221 53.320481 54.588836 55.857266 57.125765 53.821668 55.078483 56.335889 57.593847 112.670947 114.406029 116.170736 117.963739 119.783766 92.736281 93.790560 94.850126 95.914802 95.677193 96.699414 97.727446 98.761110 
90.000000 0.000000 127.279221 90.000000 102.219995 102.887291 103.565862 104.255487 97.919485 98.615885 99.323642 100.042515 84.040527 83.663657 83.362509 83.137907 82.990472 85.675865 86.815927 87.959549 89.106595 83.546761 84.715480 85.887076 87.061431 
90.000000 127.279221 0.000000 90.000000 36.852630 35.586284 34.320209 33.054435 37.574121 36.332931 35.093802 33.856962 76.616853 79.146316 81.676433 84.207146 86.738401 53.650673 53.352095 53.082230 52.841519 58.587559 58.314265 58.067466 57.847503 
127.279221 90.000000 90.000000 0.000000 94.678244 94.192554 93.721557 93.265477 90.018155 89.507181 89.011396 88.531054 15.434053 13.229030 11.167259 9.344052 7.925790 40.233452 39.834432 39.472258 39.147952 35.474471 35.021271 34.608765 34.238422 
53.320481 102.219995 36.852630 94.678244 0.000000 1.270000 2.540000 3.810000 5.080000 5.236344 5.679613 6.350000 79.300716 81.661833 84.033383 86.414508 88.804437 54.587889 55.147390 55.730219 56.335654 59.211935 59.728136 60.266682 60.826980 
54.588836 102.887291 35.586284 94.192554 1.270000 0.000000 1.270000 2.540000 5.236344 5.080000 5.236344 5.679613 78.834435 81.209110 83.593505 85.986812 88.388306 54.052442 54.587889 55.147390 55.730219 58.718669 59.211935 59.728136 60.266682 
55.857266 103.565862 34.320209 93.721557 2.540000 1.270000 0.000000 1.270000 5.679613 5.236344 5.080000 5.236344 78.385959 80.773820 83.170695 85.575827 87.988540 53.541770 54.052442 54.587889 55.147390 58.248920 58.718669 59.211935 59.728136 
57.125765 104.255487 33.054435 93.265477 3.810000 2.540000 1.270000 0.000000 6.350000 5.679613 5.236344 5.080000 77.955595 80.356245 82.765214 85.181796 87.605361 53.056588 53.541770 54.052442 54.587889 57.803263 58.248920 58.718669 59.211935 
53.821668 97.919485 37.574121 90.018155 5.080000 5.236344 5.679613 6.350000 0.000000 1.270000 2.540000 3.810000 74.613742 76.950994 79.300716 81.661833 84.033383 50.052321 50.661936 51.295756 51.952893 54.587889 55.147390 55.730219 56.335654 
55.078483 98.615885 36.332931 89.507181 5.236344 5.080000 5.236344 5.679613 1.270000 0.000000 1.270000 2.540000 74.117981 76.470387 78.834435 81.209110 83.593505 49.467804 50.052321 50.661936 51.295756 54.052442 54.587889 55.147390 55.730219 
56.335889 99.323642 35.093802 89.011396 5.679613 5.236344 5.080000 5.236344 2.540000 1.270000 0.000000 1.270000 73.640787 76.007963 78.385959 80.773820 83.170695 48.909286 49.467804 50.052321 50.661936 53.541770 54.052442 54.587889 55.147390 
57.593847 100.042515 33.856962 88.531054 6.350000 5.679613 5.236344 5.080000 3.810000 2.540000 1.270000 0.000000 73.182523 75.564057 77.955595 80.356245 82.765214 48.377668 48.909286 49.467804 50.052321 53.056588 53.541770 54.052442 54.587889 
112.670947 84.040527 76.616853 15.434053 79.300716 78.834435 78.385959 77.955595 74.613742 74.117981 73.640787 73.182523 0.000000 2.540000 5.080000 7.620000 10.160000 25.051359 24.771339 24.553894 24.400696 20.163996 19.815030 19.542514 19.349681 
114.406029 83.663657 79.146316 13.229030 81.661833 81.209110 80.773820 80.356245 76.950994 76.470387 76.007963 75.564057 2.540000 0.000000 2.540000 5.080000 7.620000 27.521215 27.266572 27.069179 26.930293 22.597058 22.286223 22.044278 21.873510 
116.170736 83.362509 81.676433 11.167259 84.033383 83.593505 83.170695 82.765214 79.300716 78.834435 78.385959 77.955595 5.080000 2.540000 0.000000 2.540000 5.080000 30.002787 29.769378 29.588686 29.461681 25.051359 24.771339 24.553894 24.400696 
117.963739 83.137907 84.207146 9.344052 86.414508 85.986812 85.575827 85.181796 81.661833 81.209110 80.773820 80.356245 7.620000 5.080000 2.540000 0.000000 2.540000 32.493389 32.277996 32.111423 31.994433 27.521215 27.266572 27.069179 26.930293 
119.783766 82.990472 86.738401 7.925790 88.804437 88.388306 87.988540 87.605361 84.033383 83.593505 83.170695 82.765214 10.160000 7.620000 5.080000 2.540000 0.000000 34.991094 34.791167 34.636683 34.528250 30.002787 29.769378 29.588686 29.461681 
92.736281 85.675865 53.650673 40.233452 54.587889 54.052442 53.541770 53.056588 50.052321 49.467804 48.909286 48.377668 25.051359 27.521215 30.002787 32.493389 34.991094 0.000000 1.270000 2.540000 3.810000 5.080000 5.236344 5.679613 6.350000 
93.790560 86.815927 53.352095 39.834432 55.147390 54.587889 54.052442 53.541770 50.661936 50.052321 49.467804 48.909286 24.771339 27.266572 29.769378 32.277996 34.791167 1.270000 0.000000 1.270000 2.540000 5.236344 5.080000 5.236344 5.679613 
94.850126 87.959549 53.082230 39.472258 55.730219 55.147390 54.587889 54.052442 51.295756 50.661936 50.052321 49.467804 24.553894 27.069179 29.588686 32.111423 34.636683 2.540000 1.270000 0.000000 1.270000 5.679613 5.236344 5.080000 5.236344 
95.914802 89.106595 52.841519 39.147952 56.335654 55.730219 55.147390 54.587889 51.952893 51.295756 50.661936 50.052321 24.400696 26.930293 29.461681 31.994433 34.528250 3.810000 2.540000 1.270000 0.000000 6.350000 5.679613 5.236344 5.080000 
95.677193 83.546761 58.587559 35.474471 59.211935 58.718669 58.248920 57.803263 54.587889 54.052442 53.541770 53.056588 20.163996 22.597058 25.051359 27.521215 30.002787 5.080000 5.236344 5.679613 6.350000 0.000000 1.270000 2.540000 3.810000 
96.699414 84.715480 58.314265 35.021271 59.728136 59.211935 58.718669 58.248920 55.147390 54.587889 54.052442 53.541770 19.815030 22.286223 24.771339 27.266572 29.769378 5.236344 5.080000 5.236344 5.679613 1.270000 0.000000 1.270000 2.540000 
97.727446 85.887076 58.067466 34.608765 60.266682 59.728136 59.211935 58.718669 55.730219 55.147390 54.587889 54.052442 19.542514 22.044278 24.553894 27.069179 29.588686 5.679613 5.236344 5.080000 5.236344 2.540000 1.270000 0.000000 1.270000 
98.761110 87.061431 57.847503 34.238422 60.826980 60.266682 59.728136 59.211935 56.335654 55.730219 55.147390 54.587889 19.349681 21.873510 24.400696 26.930293 29.461681 6.350000 5.679613 5.236344 5.080000 3.810000 2.540000 1.270000 0.000000 
