26
# Circuit board instance
Size: medium
Nodes: 26
0.000000 40.000000 40.000000 56.568542 42.383939 43.233378 44.103031 44.991728 46.319540 47.098051 47.897587 48.717112 11.197552 13.601988 16.048246 18.519759 21.007618 23.506631 26.013585 15.621786 17.426104 19.395907 21.485728 23.663792 25.907851 28.202157 
40.000000 0.000000 56.568542 40.000000 29.167929 30.389056 31.614034 32.842433 28.168591 29.431211 30.694439 31.958204 37.514319 38.300823 39.236273 40.310302 41.512154 42.831071 44.256588 30.271755 31.241128 32.381170 33.674552 35.104330 36.654545 38.310581 
40.000000 56.568542 0.000000 40.000000 34.008758 33.581576 33.197511 32.858073 38.803313 38.429464 38.094306 37.798867 29.798444 27.283258 24.773136 22.269791 19.775796 17.295196 14.834713 31.726996 29.377393 27.062212 24.791100 22.577359 20.439639 18.404449 
56.568542 40.000000 40.000000 0.000000 14.524649 13.494149 12.507778 11.576819 12.396244 11.171101 9.957205 8.759233 46.582037 45.014610 43.539031 42.164944 40.902580 39.762580 38.755743 40.974885 39.183799 37.479358 35.873912 34.381333 33.016932 31.797212 
42.383939 29.167929 34.008758 14.524649 0.000000 1.270000 2.540000 3.810000 5.080000 5.236344 5.679613 6.350000 32.903009 31.622926 30.501050 29.555404 28.803350 28.260347 27.938587 26.764164 25.173834 23.749243 22.521865 21.525460 20.793260 20.353798 
43.233378 30.389056 33.581576 13.494149 1.270000 0.000000 1.270000 2.540000 5.236344 5.080000 5.236344 5.679613 33.596815 32.244315 31.041083 30.005085 29.154151 28.504862 28.071213 27.612650 25.950112 24.438931 23.108820 21.992658 21.124385 20.535469 
44.103031 31.614034 33.197511 12.507778 2.540000 1.270000 0.000000 1.270000 5.679613 5.236344 5.080000 5.236344 34.323604 32.903009 31.622926 30.501050 29.555404 28.803350 28.260347 28.492494 26.764164 25.173834 23.749243 22.521865 21.525460 20.793260 
44.991728 32.842433 32.858073 11.576819 3.810000 2.540000 1.270000 0.000000 6.350000 5.679613 5.236344 5.080000 35.081325 33.596815 32.244315 31.041083 30.005085 29.154151 28.504862 29.400881 27.612650 25.950112 24.438931 23.108820 21.992658 21.124385 
46.319540 28.168591 38.803313 12.396244 5.080000 5.236344 5.679613 6.350000 0.000000 1.270000 2.540000 3.810000 37.300344 36.176196 35.199741 34.383566 33.739304 33.276942 33.004126 30.783258 29.411059 28.201330 27.175777 26.355909 25.761369 25.407983 
47.098051 29.431211 38.429464 11.171101 5.236344 5.080000 5.236344 5.679613 1.270000 0.000000 1.270000 2.540000 37.913766 36.720614 35.668705 34.770861 34.039275 33.484845 33.116472 31.523752 30.078178 28.784541 27.664166 26.738839 26.029371 25.553747 
47.897587 30.694439 38.094306 9.957205 5.679613 5.236344 5.080000 5.236344 2.540000 1.270000 0.000000 1.270000 38.559272 37.300344 36.176196 35.199741 34.383566 33.739304 33.276942 32.297225 30.783258 29.411059 28.201330 27.175777 26.355909 25.761369 
48.717112 31.958204 37.798867 8.759233 6.350000 5.679613 5.236344 5.080000 3.810000 2.540000 1.270000 0.000000 39.235278 37.913766 36.720614 35.668705 34.770861 34.039275 33.484845 33.101364 31.523752 30.078178 28.784541 27.664166 26.738839 26.029371 
11.197552 37.514319 29.798444 46.582037 32.903009 33.596815 34.323604 35.081325 37.300344 37.913766 38.559272 39.235278 0.000000 2.540000 5.080000 7.620000 10.160000 12.700000 15.240000 7.620000 8.032185 9.158100 10.776307 12.700000 14.810618 17.038838 
13.601988 38.300823 27.283258 45.014610 31.622926 32.244315 32.903009 33.596815 36.176196 36.720614 37.300344 37.913766 2.540000 0.000000 2.540000 5.080000 7.620000 10.160000 12.700000 8.032185 7.620000 8.032185 9.158100 10.776307 12.700000 14.810618 
16.048246 39.236273 24.773136 43.539031 30.501050 31.041083 31.622926 32.244315 35.199741 35.668705 36.176196 36.720614 5.080000 2.540000 0.000000 2.540000 5.080000 7.620000 10.160000 9.158100 8.032185 7.620000 8.032185 9.158100 10.776307 12.700000 
18.519759 40.310302 22.269791 42.164944 29.555404 30.005085 30.501050 31.041083 34.383566 34.770861 35.199741 35.668705 7.620000 5.080000 2.540000 0.000000 2.540000 5.080000 7.620000 10.776307 9.158100 8.032185 7.620000 8.032185 9.158100 10.776307 
21.007618 41.512154 19.775796 40.902580 28.803350 29.154151 29.555404 30.005085 33.739304 34.039275 34.383566 34.770861 10.160000 7.620000 5.080000 2.540000 0.000000 2.540000 5.080000 12.700000 10.776307 9.158100 8.032185 7.620000 8.032185 9.158100 
23.506631 42.831071 17.295196 39.762580 28.260347 28.504862 28.803350 29.154151 33.276942 33.484845 33.739304 34.039275 12.700000 10.160000 7.620000 5.080000 2.540000 0.000000 2.540000 14.810618 12.700000 10.776307 9.158100 8.032185 7.620000 8.032185 
26.013585 44.256588 14.834713 38.755743 27.938587 28.071213 28.260347 28.504862 33.004126 33.116472 33.276942 33.484845 15.240000 12.700000 10.160000 7.620000 5.080000 2.540000 0.000000 17.038838 14.810618 12.700000 10.776307 9.158100 8.032185 7.620000 
15.621786 30.271755 31.726996 40.974885 26.764164 27.612650 28.492494 29.400881 30.783258 31.523752 32.297225 33.101364 7.620000 8.032185 9.158100 10.776307 12.700000 14.810618 17.038838 0.000000 2.540000 5.080000 7.620000 10.160000 12.700000 15.240000 
17.426104 31.241128 29.377393 39.183799 25.173834 25.950112 26.764164 27.612650 29.411059 30.078178 30.783258 31.523752 8.032185 7.620000 8.032185 9.158100 10.776307 12.700000 14.810618 2.540000 0.000000 2.540000 5.080000 7.620000 10.160000 12.700000 
19.395907 32.381170 27.062212 37.479358 23.749243 24.438931 25.173834 25.950112 28.201330 28.784541 29.411059 30.078178 9.158100 8.032185 7.620000 8.032185 9.158100 10.776307 12.700000 5.080000 2.540000 0.000000 2.540000 5.080000 7.620000 10.160000 
21.485728 33.674552 24.791100 35.873912 22.521865 23.108820 23.749243 24.438931 27.175777 27.664166 28.201330 28.784541 10.776307 9.158100 8.032185 7.620000 8.032185 9.158100 10.776307 7.620000 5.080000 2.540000 0.000000 2.540000 5.080000 7.620000 
23.663792 35.104330 22.577359 34.381333 21.525460 21.992658 22.521865 23.108820 26.355909 26.738839 27.175777 27.664166 12.700000 10.776307 9.158100 8.032185 7.620000 8.032185 9.158100 10.160000 7.620000 5.080000 2.540000 0.000000 2.540000 5.080000 
25.907851 36.654545 20.439639 33.016932 20.793260 21.124385 21.525460 21.992658 25.761369 26.029371 26.355909 26.738839 14.810618 12.700000 10.776307 9.158100 8.032185 7.620000 8.032185 12.700000 10.160000 7.620000 5.080000 2.540000 0.000000 2.540000 
28.202157 38.310581 18.404449 31.797212 20.353798 20.535469 20.793260 21.124385 25.407983 25.553747 25.761369 26.029371 17.038838 14.810618 12.700000 10.776307 9.158100 8.032185 7.620000 15.240000 12.700000 10.160000 7.620000 5.080000 2.540000 0.000000 
