23
# Circuit board instance
Size: medium
Nodes: 23
0.000000 40.000000 40.000000 56.568542 26.252092 28.556948 30.898696 33.269547 35.663697 20.465320 23.005281 25.545250 28.085224 30.625203 33.165185 35.705170 21.879675 24.272079 26.691771 29.131953 31.587876 34.056136 36.534231 
40.000000 0.000000 56.568542 40.000000 20.034267 18.013850 16.140908 14.472810 13.088116 44.824564 46.039713 47.360026 48.776962 50.282356 51.868504 53.528230 38.203827 39.622545 41.149276 42.772455 44.481526 46.266971 48.120289 
40.000000 56.568542 0.000000 40.000000 36.998567 38.668086 40.428344 42.268006 44.177154 19.535399 16.995454 14.455528 11.915634 9.375797 6.836082 4.296703 21.012441 18.674483 16.396743 14.208209 12.157156 10.325836 8.851696 
56.568542 40.000000 40.000000 0.000000 32.879986 31.689437 30.663505 29.819186 29.172254 44.407703 43.350406 42.419035 41.622044 40.967277 40.461639 40.110770 37.713856 36.462975 35.350607 34.390194 33.594772 32.976281 32.544812 
26.252092 20.034267 36.998567 32.879986 0.000000 2.540000 5.080000 7.620000 10.160000 25.129838 26.143541 27.356240 28.742760 30.279231 31.944023 33.718134 18.214654 19.589528 21.180858 22.943651 24.841431 26.845585 28.934018 
28.556948 18.013850 38.668086 31.689437 2.540000 0.000000 2.540000 5.080000 7.620000 27.517755 28.446491 29.564878 30.852299 32.288542 33.854670 35.533514 20.464167 21.696961 23.143839 24.767310 26.534981 28.419957 30.400426 
30.898696 16.140908 40.428344 30.663505 5.080000 2.540000 0.000000 2.540000 5.080000 29.930723 30.786753 31.823000 33.022502 34.368172 35.843549 37.433300 22.774851 23.888696 25.210097 26.708264 28.355192 30.126495 32.001526 
33.269547 14.472810 42.268006 29.819186 7.620000 5.080000 2.540000 0.000000 2.540000 32.363138 33.156427 34.120783 35.242165 36.506106 37.898344 39.405285 25.129838 26.143541 27.356240 28.742760 30.279231 31.944023 33.718134 
35.663697 13.088116 44.177154 29.172254 10.160000 7.620000 5.080000 2.540000 0.000000 34.810923 35.549632 36.450727 37.502505 38.692680 40.008902 41.439162 27.517755 28.446491 29.564878 30.852299 32.288542 33.854670 35.533514 
20.465320 44.824564 19.535399 44.407703 25.129838 27.517755 29.930723 32.363138 34.810923 0.000000 2.540000 5.080000 7.620000 10.160000 12.700000 15.240000 7.620000 8.032185 9.158100 10.776307 12.700000 14.810618 17.038838 
23.005281 46.039713 16.995454 43.350406 26.143541 28.446491 30.786753 33.156427 35.549632 2.540000 0.000000 2.540000 5.080000 7.620000 10.160000 12.700000 8.032185 7.620000 8.032185 9.158100 10.776307 12.700000 14.810618 
25.545250 47.360026 14.455528 42.419035 27.356240 29.564878 31.823000 34.120783 36.450727 5.080000 2.540000 0.000000 2.540000 5.080000 7.620000 10.160000 9.158100 8.032185 7.620000 8.032185 9.158100 10.776307 12.700000 
28.085224 48.776962 11.915634 41.622044 28.742760 30.852299 33.022502 35.242165 37.502505 7.620000 5.080000 2.540000 0.000000 2.540000 5.080000 7.620000 10.776307 9.158100 8.032185 7.620000 8.032185 9.158100 10.776307 
30.625203 50.282356 9.375797 40.967277 30.279231 32.288542 34.368172 36.506106 38.692680 10.160000 7.620000 5.080000 2.540000 0.000000 2.540000 5.080000 12.700000 10.776307 9.158100 8.032185 7.620000 8.032185 9.158100 
33.165185 51.868504 6.836082 40.461639 31.944023 33.854670 35.843549 37.898344 40.008902 12.700000 10.160000 7.620000 5.080000 2.540000 0.000000 2.540000 14.810618 12.700000 10.776307 9.158100 8.032185 7.620000 8.032185 
35.705170 53.528230 4.296703 40.110770 33.718134 35.533514 37.433300 39.405285 41.439162 15.240000 12.700000 10.160000 7.620000 5.080000 2.540000 0.000000 17.038838 14.810618 12.700000 10.776307 9.158100 8.032185 7.620000 
21.879675 38.203827 21.012441 37.713856 18.214654 20.464167 22.774851 25.129838 27.517755 7.620000 8.032185 9.158100 10.776307 12.700000 14.810618 17.038838 0.000000 2.540000 5.080000 7.620000 10.160000 12.700000 15.240000 
24.272079 39.622545 18.674483 36.462975 19.589528 21.696961 23.888696 26.143541 28.446491 8.032185 7.620000 8.032185 9.158100 10.776307 12.700000 14.810618 2.540000 0.000000 2.540000 5.080000 7.620000 10.160000 12.700000 
26.691771 41.149276 16.396743 35.350607 21.180858 23.143839 25.210097 27.356240 29.564878 9.158100 8.032185 7.620000 8.032185 9.158100 10.776307 12.700000 5.080000 2.540000 0.000000 2.540000 5.080000 7.620000 10.160000 
29.131953 42.772455 14.208209 34.390194 22.943651 24.767310 26.708264 28.742760 30.852299 10.776307 9.158100 8.032185 7.620000 8.032185 9.158100 10.776307 7.620000 5.080000 2.540000 0.000000 2.540000 5.080000 7.620000 
31.587876 44.481526 12.157156 33.594772 24.841431 26.534981 28.355192 30.279231 32.288542 12.700000 10.776307 9.158100 8.032185 7.620000 8.032185 9.158100 10.160000 7.620000 5.080000 2.540000 0.000000 2.540000 5.080000 
34.056136 46.266971 10.325836 32.976281 26.845585 28.419957 30.126495 31.944023 33.854670 14.810618 12.700000 10.776307 9.158100 8.032185 7.620000 8.032185 12.700000 10.160000 7.620000 5.080000 2.540000 0.000000 2.540000 
36.534231 48.120289 8.851696 32.544812 28.934018 30.400426 32.001526 33.718134 35.533514 17.038838 14.810618 12.700000 10.776307 9.158100 8.032185 7.620000 15.240000 12.700000 10.160000 7.620000 5.080000 2.540000 0.000000 
