25
# Circuit board instance
Size: medium
Nodes: 25
0.000000 65.000000 65.000000 91.923882 24.478936 24.947256 25.659618 26.596422 27.734932 46.183121 47.247592 48.321994 49.405678 49.168406 50.169577 51.182679 52.207016 30.545849 31.666861 32.798736 33.940388 33.276887 34.308780 35.356180 36.417746 
65.000000 0.000000 91.923882 65.000000 66.309635 63.952443 61.609783 59.283379 56.975222 55.189547 56.083335 56.991408 57.913094 51.673374 52.626913 53.593582 54.572685 57.078915 57.686599 58.315613 58.965274 52.648883 53.307092 53.987157 54.688261 
65.000000 91.923882 0.000000 65.000000 40.875034 41.157206 41.592861 42.177241 42.904272 36.745734 35.841363 34.959740 34.102629 40.433902 39.613821 38.817971 38.047875 40.879901 39.696443 38.518497 37.346585 42.958918 41.834315 40.718263 39.611485 
91.923882 65.000000 65.000000 0.000000 73.949427 71.843337 69.766148 67.720522 65.709405 47.573674 46.878660 46.208104 45.563086 43.445436 42.683255 41.945684 41.234043 63.214872 62.456074 61.714085 60.989516 59.245441 58.435123 57.641396 56.864958 
24.478936 66.309635 40.875034 73.949427 0.000000 2.540000 5.080000 7.620000 10.160000 26.378826 27.086587 27.834327 28.618912 30.775034 31.383809 32.031391 32.715476 11.615906 11.960641 12.426197 12.999602 16.608441 16.851349 17.184919 17.603997 
24.947256 63.952443 41.157206 71.843337 2.540000 0.000000 2.540000 5.080000 7.620000 24.281004 25.048112 25.854873 26.697693 28.548572 29.203797 29.898634 30.630388 9.155793 9.589379 10.164136 10.857666 14.104368 14.389609 14.778847 15.264127 
25.659618 61.609783 41.592861 69.766148 5.080000 2.540000 0.000000 2.540000 5.080000 22.275435 23.109214 23.981292 24.887642 26.378826 27.086587 27.834327 28.618912 6.755073 7.332031 8.069209 8.927003 11.615906 11.960641 12.426197 12.999602 
26.596422 59.283379 42.177241 67.720522 7.620000 5.080000 2.540000 0.000000 2.540000 20.389363 21.297109 22.240356 23.214775 24.281004 25.048112 25.854873 26.697693 4.509622 5.335199 6.310135 7.375437 9.155793 9.589379 10.164136 10.857666 
27.734932 56.975222 42.904272 65.709405 10.160000 7.620000 5.080000 2.540000 0.000000 18.659057 19.646912 20.665617 21.710828 22.275435 23.109214 23.981292 24.887642 2.818787 4.009142 5.237049 6.481199 6.755073 7.332031 8.069209 8.927003 
46.183121 55.189547 36.745734 47.573674 26.378826 24.281004 22.275435 20.389363 18.659057 0.000000 1.270000 2.540000 3.810000 5.080000 5.236344 5.679613 6.350000 15.962745 15.056860 14.206851 13.423339 13.048618 11.923348 10.830136 9.779736 
47.247592 56.083335 35.841363 46.878660 27.086587 25.048112 23.109214 21.297109 19.646912 1.270000 0.000000 1.270000 2.540000 5.236344 5.080000 5.236344 5.679613 16.915532 15.962745 15.056860 14.206851 14.198325 13.048618 11.923348 10.830136 
48.321994 56.991408 34.959740 46.208104 27.834327 25.854873 23.981292 22.240356 20.665617 2.540000 1.270000 0.000000 1.270000 5.679613 5.236344 5.080000 5.236344 17.907736 16.915532 15.962745 15.056860 15.366985 14.198325 13.048618 11.923348 
49.405678 57.913094 34.102629 45.563086 28.618912 26.697693 24.887642 23.214775 21.710828 3.810000 2.540000 1.270000 0.000000 6.350000 5.679613 5.236344 5.080000 18.933162 17.907736 16.915532 15.962745 16.550584 15.366985 14.198325 13.048618 
49.168406 51.673374 40.433902 43.445436 30.775034 28.548572 26.378826 24.281004 22.275435 5.080000 5.236344 5.679613 6.350000 0.000000 1.270000 2.540000 3.810000 19.772830 19.049005 18.384510 17.785995 15.962745 15.056860 14.206851 13.423339 
50.169577 52.626913 39.613821 42.683255 31.383809 29.203797 27.086587 25.048112 23.109214 5.236344 5.080000 5.236344 5.679613 1.270000 0.000000 1.270000 2.540000 20.549715 19.772830 19.049005 18.384510 16.915532 15.962745 15.056860 14.206851 
51.182679 53.593582 38.817971 41.945684 32.031391 29.898634 27.834327 25.854873 23.981292 5.679613 5.236344 5.080000 5.236344 2.540000 1.270000 0.000000 1.270000 21.373877 20.549715 19.772830 19.049005 17.907736 16.915532 15.962745 15.056860 
52.207016 54.572685 38.047875 41.234043 32.715476 30.630388 28.618912 26.697693 24.887642 6.350000 5.679613 5.236344 5.080000 3.810000 2.540000 1.270000 0.000000 22.240058 21.373877 20.549715 19.772830 18.933162 17.907736 16.915532 15.962745 
30.545849 57.078915 40.879901 63.214872 11.615906 9.155793 6.755073 4.509622 2.818787 15.962745 16.915532 17.907736 18.933162 19.772830 20.549715 21.373877 22.240058 0.000000 1.270000 2.540000 3.810000 5.080000 5.236344 5.679613 6.350000 
31.666861 57.686599 39.696443 62.456074 11.960641 9.589379 7.332031 5.335199 4.009142 15.056860 15.962745 16.915532 17.907736 19.049005 19.772830 20.549715 21.373877 1.270000 0.000000 1.270000 2.540000 5.236344 5.080000 5.236344 5.679613 
32.798736 58.315613 38.518497 61.714085 12.426197 10.164136 8.069209 6.310135 5.237049 14.206851 15.056860 15.962745 16.915532 18.384510 19.049005 19.772830 20.549715 2.540000 1.270000 0.000000 1.270000 5.679613 5.236344 5.080000 5.236344 
33.940388 58.965274 37.346585 60.989516 12.999602 10.857666 8.927003 7.375437 6.481199 13.423339 14.206851 15.056860 15.962745 17.785995 18.384510 19.049005 19.772830 3.810000 2.540000 1.270000 0.000000 6.350000 5.679613 5.236344 5.080000 
33.276887 52.648883 42.958918 59.245441 16.608441 14.104368 11.615906 9.155793 6.755073 13.048618 14.198325 15.366985 16.550584 15.962745 16.915532 17.907736 18.933162 5.080000 5.236344 5.679613 6.350000 0.000000 1.270000 2.540000 3.810000 
34.308780 53.307092 41.834315 58.435123 16.851349 14.389609 11.960641 9.589379 7.332031 11.923348 13.048618 14.198325 15.366985 15.056860 15.962745 16.915532 17.907736 5.236344 5.080000 5.236344 5.679613 1.270000 0.000000 1.270000 2.540000 
35.356180 53.987157 40.718263 57.641396 17.184919 14.778847 12.426197 10.164136 8.069209 10.830136 11.923348 13.048618 14.198325 14.206851 15.056860 15.962745 16.915532 5.679613 5.236344 5.080000 5.236344 2.540000 1.270000 0.000000 1.270000 
36.417746 54.688261 39.611485 56.864958 17.603997 15.264127 12.999602 10.857666 8.927003 9.779736 10.830136 11.923348 13.048618 13.423339 14.206851 15.056860 15.962745 6.350000 5.679613 5.236344 5.080000 3.810000 2.540000 1.270000 0.000000 
