31
# Circuit board instance
Size: medium
Nodes: 31
0.000000 90.000000 90.000000 127.279221 59.018913 59.493303 59.990832 60.510929 63.776722 64.215974 64.677184 65.159885 61.513043 63.734323 65.978607 68.243625 70.527381 58.808071 60.512352 62.273618 64.087171 65.948697 67.854248 69.800218 64.733832 66.285930 67.897594 69.564684 71.283311 73.049837 74.860873 
90.000000 0.000000 127.279221 90.000000 41.106640 41.784887 42.490276 43.221478 36.872673 37.627317 38.409136 39.216506 47.483046 45.559292 43.698532 41.909159 40.200704 59.979811 61.651709 63.381322 65.164054 66.995664 68.872254 70.790246 54.388027 56.226444 58.117740 60.056920 62.039494 64.061433 66.119125 
90.000000 127.279221 0.000000 90.000000 87.825783 86.838868 85.859396 84.887622 91.091198 90.140042 89.196827 88.261807 80.112683 81.830626 83.590454 85.389577 87.225563 67.686616 65.784751 63.927242 62.118067 60.361572 58.662490 57.025952 72.894155 71.131662 69.417376 67.754955 66.148312 64.601606 63.119244 
127.279221 90.000000 90.000000 0.000000 76.940833 75.812352 74.688416 73.569233 74.764497 73.602656 72.444446 71.290043 69.920148 68.628249 67.407338 66.261339 65.194202 68.707106 66.834287 65.006774 63.228495 61.503722 59.837080 58.233561 63.883849 61.865190 59.886229 57.951035 56.064138 54.230581 52.455957 
59.018913 41.106640 87.825783 76.940833 0.000000 1.270000 2.540000 3.810000 5.080000 5.236344 5.679613 6.350000 8.987106 8.930937 9.573839 10.791587 12.416179 20.328275 22.525055 24.787511 27.099197 29.448522 31.827152 34.228979 17.540549 20.045205 22.557766 25.075857 27.597963 30.123077 32.650500 
59.493303 41.784887 86.838868 75.812352 1.270000 0.000000 1.270000 2.540000 5.236344 5.080000 5.236344 5.679613 7.736949 7.671631 8.411342 9.775000 11.543560 19.261562 21.417179 23.649239 25.938016 28.269738 30.634599 33.025481 16.292326 18.791691 21.300672 23.816230 26.336480 28.860193 31.386534 
59.990832 42.490276 85.859396 74.688416 2.540000 1.270000 0.000000 1.270000 5.679613 5.236344 5.080000 5.236344 6.494495 6.416543 7.284832 8.824326 10.750436 18.220938 20.328275 22.525055 24.787511 27.099197 29.448522 31.827152 15.047747 17.540549 20.045205 22.557766 25.075857 27.597963 30.123077 
60.510929 43.221478 84.887622 73.569233 3.810000 2.540000 1.270000 0.000000 6.350000 5.679613 5.236344 5.080000 5.265203 5.168744 6.213909 7.963204 10.055634 17.211135 19.261562 21.417179 23.649239 25.938016 28.269738 30.634599 13.807799 16.292326 18.791691 21.300672 23.816230 26.336480 28.860193 
63.776722 36.872673 91.091198 74.764497 5.080000 5.236344 5.679613 6.350000 0.000000 1.270000 2.540000 3.810000 11.022276 9.730248 8.987106 8.930937 9.573839 23.412248 25.343100 27.373624 29.483234 31.656122 33.880115 36.145783 19.108800 21.430950 23.797651 26.196832 28.620324 31.062439 33.519107 
64.215974 37.627317 90.140042 73.602656 5.236344 5.080000 5.236344 5.679613 1.270000 0.000000 1.270000 2.540000 10.029101 8.588948 7.736949 7.671631 8.411342 22.492273 24.363705 26.347317 28.419628 30.562602 32.762375 35.008242 17.969843 20.263342 22.609600 24.993763 27.405940 29.839339 32.289161 
64.677184 38.409136 89.196827 72.444446 5.679613 5.236344 5.080000 5.236344 2.540000 1.270000 0.000000 1.270000 9.104996 7.489200 6.494495 6.416543 7.284832 21.607803 23.412248 25.343100 27.373624 29.483234 31.656122 33.880115 16.849631 19.108800 21.430950 23.797651 26.196832 28.620324 31.062439 
65.159885 39.216506 88.261807 71.290043 6.350000 5.679613 5.236344 5.080000 3.810000 2.540000 1.270000 0.000000 8.273141 6.452287 5.265203 5.168744 6.213909 20.763376 22.492273 24.363705 26.347317 28.419628 30.562602 32.762375 15.752165 17.969843 20.263342 22.609600 24.993763 27.405940 29.839339 
61.513043 47.483046 80.112683 69.920148 8.987106 7.736949 6.494495 5.265203 11.022276 10.029101 9.104996 8.273141 0.000000 2.540000 5.080000 7.620000 10.160000 12.505540 14.334807 16.355062 18.503854 20.741273 23.041514 25.387507 8.555396 11.058615 13.575504 16.099655 18.628114 21.159339 23.692441 
63.734323 45.559292 81.830626 68.628249 8.930937 7.671631 6.416543 5.168744 9.730248 8.588948 7.489200 6.452287 2.540000 0.000000 2.540000 5.080000 7.620000 14.488830 16.094233 17.917190 19.897997 21.994045 24.175380 26.420885 9.382049 11.709868 14.111073 16.553759 19.021953 21.506875 24.003329 
65.978607 43.698532 83.590454 67.407338 9.573839 8.411342 7.284832 6.213909 8.987106 7.736949 6.494495 5.265203 5.080000 2.540000 0.000000 2.540000 5.080000 16.624290 18.040654 19.684170 21.502817 23.455892 25.512543 27.649666 10.758908 12.839480 15.061660 17.371188 19.737425 22.142197 24.574195 
68.243625 41.909159 85.389577 66.261339 10.791587 9.775000 8.824326 7.963204 8.930937 7.671631 6.416543 5.168744 7.620000 5.080000 2.540000 0.000000 2.540000 18.860304 20.119872 21.605800 23.274775 25.090296 27.022840 29.049063 12.505540 14.334807 16.355062 18.503854 20.741273 23.041514 25.387507 
70.527381 40.200704 87.225563 65.194202 12.416179 11.543560 10.750436 10.055634 9.573839 8.411342 7.284832 6.213909 10.160000 7.620000 5.080000 2.540000 0.000000 21.165026 22.294764 23.644404 25.178610 26.865781 28.678932 30.595675 14.488830 16.094233 17.917190 19.897997 21.994045 24.175380 26.420885 
58.808071 59.979811 67.686616 68.707106 20.328275 19.261562 18.220938 17.211135 23.412248 22.492273 21.607803 20.763376 12.505540 14.488830 16.624290 18.860304 21.165026 0.000000 2.540000 5.080000 7.620000 10.160000 12.700000 15.240000 7.620000 8.032185 9.158100 10.776307 12.700000 14.810618 17.038838 
60.512352 61.651709 65.784751 66.834287 22.525055 21.417179 20.328275 19.261562 25.343100 24.363705 23.412248 22.492273 14.334807 16.094233 18.040654 20.119872 22.294764 2.540000 0.000000 2.540000 5.080000 7.620000 10.160000 12.700000 8.032185 7.620000 8.032185 9.158100 10.776307 12.700000 14.810618 
62.273618 63.381322 63.927242 65.006774 24.787511 23.649239 22.525055 21.417179 27.373624 26.347317 25.343100 24.363705 16.355062 17.917190 19.684170 21.605800 23.644404 5.080000 2.540000 0.000000 2.540000 5.080000 7.620000 10.160000 9.158100 8.032185 7.620000 8.032185 9.158100 10.776307 12.700000 
64.087171 65.164054 62.118067 63.228495 27.099197 25.938016 24.787511 23.649239 29.483234 28.419628 27.373624 26.347317 18.503854 19.897997 21.502817 23.274775 25.178610 7.620000 5.080000 2.540000 0.000000 2.540000 5.080000 7.620000 10.776307 9.158100 8.032185 7.620000 8.032185 9.158100 10.776307 
65.948697 66.995664 60.361572 61.503722 29.448522 28.269738 27.099197 25.938016 31.656122 30.562602 29.483234 28.419628 20.741273 21.994045 23.455892 25.090296 26.865781 10.160000 7.620000 5.080000 2.540000 0.000000 2.540000 5.080000 12.700000 10.776307 9.158100 8.032185 7.620000 8.032185 9.158100 
67.854248 68.872254 58.662490 59.837080 31.827152 30.634599 29.448522 28.269738 33.880115 32.762375 31.656122 30.562602 23.041514 24.175380 25.512543 27.022840 28.678932 12.700000 10.160000 7.620000 5.080000 2.540000 0.000000 2.540000 14.810618 12.700000 10.776307 9.158100 8.032185 7.620000 8.032185 
69.800218 70.790246 57.025952 58.233561 34.228979 33.025481 31.827152 30.634599 36.145783 35.008242 33.880115 32.762375 25.387507 26.420885 27.649666 29.049063 30.595675 15.240000 12.700000 10.160000 7.620000 5.080000 2.540000 0.000000 17.038838 14.810618 12.700000 10.776307 9.158100 8.032185 7.620000 
64.733832 54.388027 72.894155 63.883849 17.540549 16.292326 15.047747 13.807799 19.108800 17.969843 16.849631 15.752165 8.555396 9.382049 10.758908 12.505540 14.488830 7.620000 8.032185 9.158100 10.776307 12.700000 14.810618 17.038838 0.000000 2.540000 5.080000 7.620000 10.160000 12.700000 15.240000 
66.285930 56.226444 71.131662 61.865190 20.045205 18.791691 17.540549 16.292326 21.430950 20.263342 19.108800 17.969843 11.058615 11.709868 12.839480 14.334807 16.094233 8.032185 7.620000 8.032185 9.158100 10.776307 12.700000 14.810618 2.540000 0.000000 2.540000 5.080000 7.620000 10.160000 12.700000 
67.897594 58.117740 69.417376 59.886229 22.557766 21.300672 20.045205 18.791691 23.797651 22.609600 21.430950 20.263342 13.575504 14.111073 15.061660 16.355062 17.917190 9.158100 8.032185 7.620000 8.032185 9.158100 10.776307 12.700000 5.080000 2.540000 0.000000 2.540000 5.080000 7.620000 10.160000 
69.564684 60.056920 67.754955 57.951035 25.075857 23.816230 22.557766 21.300672 26.196832 24.993763 23.797651 22.609600 16.099655 16.553759 17.371188 18.503854 19.897997 10.776307 9.158100 8.032185 7.620000 8.032185 9.158100 10.776307 7.620000 5.080000 2.540000 0.000000 2.540000 5.080000 7.620000 
71.283311 62.039494 66.148312 56.064138 27.597963 26.336480 25.075857 23.816230 28.620324 27.405940 26.196832 24.993763 18.628114 19.021953 19.737425 20.741273 21.994045 12.700000 10.776307 9.158100 8.032185 7.620000 8.032185 9.158100 10.160000 7.620000 5.080000 2.540000 0.000000 2.540000 5.080000 
73.049837 64.061433 64.601606 54.230581 30.123077 28.860193 27.597963 26.336480 31.062439 29.839339 28.620324 27.405940 21.159339 21.506875 22.142197 23.041514 24.175380 14.810618 12.700000 10.776307 9.158100 8.032185 7.620000 8.032185 12.700000 10.160000 7.620000 5.080000 2.540000 0.000000 2.540000 
74.860873 66.119125 63.119244 52.455957 32.650500 31.386534 30.123077 28.860193 33.519107 32.289161 31.062439 29.839339 23.692441 24.003329 24.574195 25.387507 26.420885 17.038838 14.810618 12.700000 10.776307 9.158100 8.032185 7.620000 15.240000 12.700000 10.160000 7.620000 5.080000 2.540000 0.000000 
