30
# Circuit board instance
Size: medium
Nodes: 30
0.000000 115.000000 115.000000 162.634560 112.761006 114.637604 116.539346 118.465021 120.413481 63.292992 63.593922 63.918673 64.266884 68.249588 68.528756 68.830228 69.153712 9.394149 9.889998 10.516648 11.252267 14.284569 14.615435 15.046554 15.569598 17.479990 19.500803 21.631361 23.842262 26.113106 
115.000000 0.000000 162.634560 115.000000 83.135038 82.182542 81.298273 80.484478 79.743316 55.274594 55.618925 55.989952 56.387147 50.387342 50.764834 51.171068 51.605367 106.188600 106.233614 106.293784 106.369085 101.110917 101.158191 101.221378 101.300449 102.172150 99.647777 97.124219 94.601541 92.079816 
115.000000 162.634560 0.000000 115.000000 91.202851 93.513078 95.834934 98.167595 100.510308 117.980674 116.899630 115.822422 114.749157 120.712232 119.655869 118.603697 117.555827 112.220531 110.954538 109.688638 108.422834 112.735294 111.475147 110.215227 108.955541 104.690849 105.047157 105.463452 105.939026 106.473087 
162.634560 115.000000 115.000000 0.000000 50.143296 48.547769 47.035356 45.614327 44.293477 113.880276 112.759928 111.642784 110.528942 111.589968 110.446389 109.305603 108.167696 154.211595 153.292786 152.379021 151.470392 150.760124 149.820149 148.885073 147.954988 145.236952 143.472309 141.731217 140.014555 138.323232 
112.761006 83.135038 91.202851 50.143296 0.000000 2.540000 5.080000 7.620000 10.160000 65.699887 64.498450 63.299691 62.103763 64.248817 63.019722 61.792283 60.566598 104.202261 103.310522 102.426768 101.551205 100.664501 99.741139 98.825470 97.917710 95.310509 93.480160 91.683644 89.922991 88.200346 
114.637604 82.182542 93.513078 48.547769 2.540000 0.000000 2.540000 5.080000 7.620000 66.559088 65.373444 64.191027 63.012019 64.928739 63.712763 62.498935 61.287384 106.018161 105.141825 104.273593 103.413668 102.417161 101.509742 100.610171 99.718659 97.172780 95.310509 93.480160 91.683644 89.922991 
116.539346 81.298273 95.834934 47.035356 5.080000 2.540000 0.000000 2.540000 5.080000 67.502982 66.334211 65.169228 64.008241 65.699887 64.498450 63.299691 62.103763 107.863308 107.002085 106.149069 105.304460 104.202261 103.310522 102.426768 101.551205 99.065172 97.172780 95.310509 93.480160 91.683644 
118.465021 80.484478 98.167595 45.614327 7.620000 5.080000 2.540000 0.000000 2.540000 68.528068 67.377081 66.230445 65.088389 66.559088 65.373444 64.191027 63.012019 109.736225 108.889816 108.051704 107.222083 106.018161 105.141825 104.273593 103.413668 100.985993 99.065172 97.172780 95.310509 93.480160 
120.413481 79.743316 100.510308 44.293477 10.160000 7.620000 5.080000 2.540000 0.000000 69.630760 68.498305 67.370754 66.248359 67.502982 66.334211 65.169228 64.008241 111.635514 110.803614 109.980088 109.165124 107.863308 107.002085 106.149069 105.304460 102.933650 100.985993 99.065172 97.172780 95.310509 
63.292992 55.274594 117.980674 113.880276 65.699887 66.559088 67.502982 68.528068 69.630760 0.000000 1.270000 2.540000 3.810000 5.080000 5.236344 5.679613 6.350000 53.965644 53.714817 53.492974 53.300475 49.009106 48.732775 48.488143 48.275692 48.300319 45.766293 43.232967 40.700474 38.168978 
63.593922 55.618925 116.899630 112.759928 64.498450 65.373444 66.334211 67.377081 68.498305 1.270000 0.000000 1.270000 2.540000 5.236344 5.080000 5.236344 5.679613 54.245052 53.965644 53.714817 53.492974 49.316604 49.009106 48.732775 48.488143 48.401643 45.873214 43.346138 40.820666 38.297115 
63.918673 55.989952 115.822422 111.642784 63.299691 64.191027 65.169228 66.230445 67.370754 2.540000 1.270000 0.000000 1.270000 5.679613 5.236344 5.080000 5.236344 54.552602 54.245052 53.965644 53.714817 49.654690 49.316604 49.009106 48.732775 48.535997 46.014951 43.496110 40.979882 38.466778 
64.266884 56.387147 114.749157 110.528942 62.103763 63.012019 64.008241 65.088389 66.248359 3.810000 2.540000 1.270000 0.000000 6.350000 5.679613 5.236344 5.080000 54.887822 54.552602 54.245052 53.965644 50.022742 49.654690 49.316604 49.009106 48.703109 46.191184 43.682507 41.177670 38.677420 
68.249588 50.387342 120.712232 111.589968 64.248817 64.928739 65.699887 66.559088 67.502982 5.080000 5.236344 5.679613 6.350000 0.000000 1.270000 2.540000 3.810000 58.943208 58.713649 58.510762 58.334824 53.965644 53.714817 53.492974 53.300475 53.370076 50.834942 48.300319 45.766293 43.232967 
68.528756 50.764834 119.655869 110.446389 63.019722 63.712763 64.498450 65.373444 66.334211 5.236344 5.080000 5.236344 5.679613 1.270000 0.000000 1.270000 2.540000 59.199128 58.943208 58.713649 58.510762 54.245052 53.965644 53.714817 53.492974 53.461792 50.931224 48.401643 45.873214 43.346138 
68.830228 51.171068 118.603697 109.305603 61.792283 62.498935 63.299691 64.191027 65.169228 5.679613 5.236344 5.080000 5.236344 2.540000 1.270000 0.000000 1.270000 59.481068 59.199128 58.943208 58.713649 54.552602 54.245052 53.965644 53.714817 53.583460 51.058922 48.535997 46.014951 43.496110 
69.153712 51.605367 117.555827 108.167696 60.566598 61.287384 62.103763 63.012019 64.008241 6.350000 5.679613 5.236344 5.080000 3.810000 2.540000 1.270000 0.000000 59.788661 59.481068 59.199128 58.943208 54.887822 54.552602 54.245052 53.965644 53.734877 51.217803 48.703109 46.191184 43.682507 
9.394149 106.188600 112.220531 154.211595 104.202261 106.018161 107.863308 109.736225 111.635514 53.965644 54.245052 54.552602 54.887822 58.943208 59.199128 59.481068 59.788661 0.000000 1.270000 2.540000 3.810000 5.080000 5.236344 5.679613 6.350000 9.259847 10.746152 12.574498 14.617093 16.795953 
9.889998 106.233614 110.954538 153.292786 103.310522 105.141825 107.002085 108.889816 110.803614 53.714817 53.965644 54.245052 54.552602 58.713649 58.943208 59.199128 59.481068 1.270000 0.000000 1.270000 2.540000 5.236344 5.080000 5.236344 5.679613 8.180519 9.831374 11.802293 13.958350 16.225910 
10.516648 106.293784 109.688638 152.379021 102.426768 104.273593 106.149069 108.051704 109.980088 53.492974 53.714817 53.965644 54.245052 58.510762 58.713649 58.943208 59.199128 2.540000 1.270000 0.000000 1.270000 5.679613 5.236344 5.080000 5.236344 7.163995 9.003213 11.121873 13.387960 15.737919 
11.252267 106.369085 108.422834 151.470392 101.551205 103.413668 105.304460 107.222083 109.165124 53.300475 53.492974 53.714817 53.965644 58.334824 58.510762 58.713649 58.943208 3.810000 2.540000 1.270000 0.000000 6.350000 5.679613 5.236344 5.080000 6.241038 8.287676 10.551009 12.917632 15.339812 
14.284569 101.110917 112.735294 150.760124 100.664501 102.417161 104.202261 106.018161 107.863308 49.009106 49.316604 49.654690 50.022742 53.965644 54.245052 54.552602 54.887822 5.080000 5.236344 5.679613 6.350000 0.000000 1.270000 2.540000 3.810000 8.061286 8.301382 9.259847 10.746152 12.574498 
14.615435 101.158191 111.475147 149.820149 99.741139 101.509742 103.310522 105.141825 107.002085 48.732775 49.009106 49.316604 49.654690 53.714817 53.965644 54.245052 54.552602 5.236344 5.080000 5.236344 5.679613 1.270000 0.000000 1.270000 2.540000 6.794149 7.077364 8.180519 9.831374 11.802293 
15.046554 101.221378 110.215227 148.885073 98.825470 100.610171 102.426768 104.273593 106.149069 48.488143 48.732775 49.009106 49.316604 53.492974 53.714817 53.965644 54.245052 5.679613 5.236344 5.080000 5.236344 2.540000 1.270000 0.000000 1.270000 5.528326 5.872904 7.163995 9.003213 11.121873 
15.569598 101.300449 108.955541 147.954988 97.917710 99.718659 101.551205 103.413668 105.304460 48.275692 48.488143 48.732775 49.009106 53.300475 53.492974 53.714817 53.965644 6.350000 5.679613 5.236344 5.080000 3.810000 2.540000 1.270000 0.000000 4.264988 4.703056 6.241038 8.287676 10.551009 
17.479990 102.172150 104.690849 145.236952 95.310509 97.172780 99.065172 100.985993 102.933650 48.300319 48.401643 48.535997 48.703109 53.370076 53.461792 53.583460 53.734877 9.259847 8.180519 7.163995 6.241038 8.061286 6.794149 5.528326 4.264988 0.000000 2.540000 5.080000 7.620000 10.160000 
19.500803 99.647777 105.047157 143.472309 93.480160 95.310509 97.172780 99.065172 100.985993 45.766293 45.873214 46.014951 46.191184 50.834942 50.931224 51.058922 51.217803 10.746152 9.831374 9.003213 8.287676 8.301382 7.077364 5.872904 4.703056 2.540000 0.000000 2.540000 5.080000 7.620000 
21.631361 97.124219 105.463452 141.731217 91.683644 93.480160 95.310509 97.172780 99.065172 43.232967 43.346138 43.496110 43.682507 48.300319 48.401643 48.535997 48.703109 12.574498 11.802293 11.121873 10.551009 9.259847 8.180519 7.163995 6.241038 5.080000 2.540000 0.000000 2.540000 5.080000 
23.842262 94.601541 105.939026 140.014555 89.922991 91.683644 93.480160 95.310509 97.172780 40.700474 40.820666 40.979882 41.177670 45.766293 45.873214 46.014951 46.191184 14.617093 13.958350 13.387960 12.917632 10.746152 9.831374 9.003213 8.287676 7.620000 5.080000 2.540000 0.000000 2.540000 
26.113106 92.079816 106.473087 138.323232 88.200346 89.922991 91.683644 93.480160 95.310509 38.168978 38.297115 38.466778 38.677420 43.232967 43.346138 43.496110 43.682507 16.795953 16.225910 15.737919 15.339812 12.574498 11.802293 11.121873 10.551009 10.160000 7.620000 5.080000 2.540000 0.000000 
