31
# Circuit board instance
Size: medium
Nodes: 31
0.000000 90.000000 90.000000 127.279221 37.070020 38.970054 40.939553 42.968966 45.050198 47.176391 49.341732 42.621249 44.283739 46.026421 47.840533 49.718255 51.652651 53.637590 60.909460 61.391567 61.895981 62.422161 65.654557 66.102066 66.570797 67.060307 58.100405 59.382840 60.744461 62.180065 63.684651 
90.000000 0.000000 127.279221 90.000000 70.249361 71.270270 72.365967 73.533110 74.768353 76.068378 77.429922 63.291051 64.422324 65.632444 66.917134 68.272184 69.693490 71.177084 40.340362 41.064668 41.815008 42.590007 36.242287 37.046802 37.876820 38.730702 79.785629 77.840936 75.931410 74.059774 72.228972 
90.000000 127.279221 0.000000 90.000000 67.701276 65.350910 63.015263 60.696033 58.395177 56.114955 53.857988 70.893210 68.652210 66.432731 64.237006 62.067553 59.927228 57.819265 88.010461 87.041389 86.080145 85.126995 91.358633 90.425450 89.500559 88.584219 48.486695 50.016240 51.625498 53.307252 55.054857 
127.279221 90.000000 90.000000 0.000000 90.245493 88.495919 86.785423 85.116360 83.491215 81.912603 80.383264 84.941353 83.080155 81.255733 79.470618 77.727521 76.029330 74.379121 75.254394 74.118729 72.987491 71.860891 73.139472 71.970442 70.804890 69.642992 73.082482 70.954308 68.854060 66.784374 64.748180 
37.070020 70.249361 67.701276 90.245493 0.000000 2.540000 5.080000 7.620000 10.160000 12.700000 15.240000 7.620000 8.032185 9.158100 10.776307 12.700000 14.810618 17.038838 31.686777 31.527772 31.419339 31.362000 36.720526 36.583406 36.489999 36.440640 23.734793 24.205337 24.927083 25.879022 27.036851 
38.970054 71.270270 65.350910 88.495919 2.540000 0.000000 2.540000 5.080000 7.620000 10.160000 12.700000 8.032185 7.620000 8.032185 9.158100 10.776307 12.700000 14.810618 32.153258 31.895595 31.686777 31.527772 37.123809 36.900870 36.720526 36.583406 21.220270 21.745293 22.545929 23.594136 24.858615 
40.939553 72.365967 63.015263 86.785423 5.080000 2.540000 0.000000 2.540000 5.080000 7.620000 10.160000 9.158100 8.032185 7.620000 8.032185 9.158100 10.776307 12.700000 32.810293 32.458601 32.153258 31.895595 37.694304 37.388580 37.123809 36.900870 18.712629 19.305969 20.203504 21.366934 22.755514 
42.968966 73.533110 60.696033 85.116360 7.620000 5.080000 2.540000 0.000000 2.540000 5.080000 7.620000 10.776307 9.158100 8.032185 7.620000 8.032185 9.158100 10.776307 33.646722 33.206862 32.810293 32.458601 38.424564 38.039991 37.694304 37.388580 16.215065 16.896339 17.915005 19.217485 20.750404 
45.050198 74.768353 58.395177 83.491215 10.160000 7.620000 5.080000 2.540000 0.000000 2.540000 5.080000 12.700000 10.776307 9.158100 8.032185 7.620000 8.032185 9.158100 34.649555 34.128198 33.646722 33.206862 39.305685 38.846867 38.424564 38.039991 13.733077 14.531185 15.704027 17.175005 18.874541 
47.176391 76.068378 56.114955 81.912603 12.700000 10.160000 7.620000 5.080000 2.540000 0.000000 2.540000 14.810618 12.700000 10.776307 9.158100 8.032185 7.620000 8.032185 35.804813 35.209022 34.649555 34.128198 40.327780 39.799754 39.305685 38.846867 11.276952 12.236322 13.608406 15.282442 17.170340 
49.341732 77.429922 53.857988 80.383264 15.240000 12.700000 10.160000 7.620000 5.080000 2.540000 0.000000 17.038838 14.810618 12.700000 10.776307 9.158100 8.032185 7.620000 37.098259 36.435145 35.804813 35.209022 41.480429 40.888446 40.327780 39.799754 8.868207 10.059972 11.690345 13.602518 15.693821 
42.621249 63.291051 70.893210 84.941353 7.620000 8.032185 9.158100 10.776307 12.700000 14.810618 17.038838 0.000000 2.540000 5.080000 7.620000 10.160000 12.700000 15.240000 24.172464 23.963652 23.820811 23.745132 29.175915 29.003149 28.885239 28.822860 23.939211 23.599452 23.530526 23.734793 24.205337 
44.283739 64.422324 68.652210 83.080155 8.032185 7.620000 8.032185 9.158100 10.776307 12.700000 14.810618 2.540000 0.000000 2.540000 5.080000 7.620000 10.160000 12.700000 24.780803 24.445556 24.172464 23.963652 29.681883 29.402571 29.175915 29.003149 21.448666 21.068782 20.991549 21.220270 21.745293 
46.026421 65.632444 66.432731 81.255733 9.158100 8.032185 7.620000 8.032185 9.158100 10.776307 12.700000 5.080000 2.540000 0.000000 2.540000 5.080000 7.620000 10.160000 25.627554 25.175722 24.780803 24.445556 30.392393 30.012380 29.681883 29.402571 18.971239 18.540664 18.452853 18.712629 19.305969 
47.840533 66.917134 64.237006 79.470618 10.776307 9.158100 8.032185 7.620000 8.032185 9.158100 10.776307 7.620000 5.080000 2.540000 0.000000 2.540000 5.080000 7.620000 26.690038 26.133349 25.627554 25.175722 31.293515 30.820090 30.392393 30.012380 16.512836 16.016307 15.914573 16.215065 16.896339 
49.718255 68.272184 62.067553 77.727521 12.700000 10.776307 9.158100 8.032185 7.620000 8.032185 9.158100 10.160000 7.620000 5.080000 2.540000 0.000000 2.540000 5.080000 27.943655 27.294507 26.690038 26.133349 32.369335 31.810628 31.293515 30.820090 14.083423 13.497820 13.376945 13.733077 14.531185 
51.652651 69.693490 59.927228 76.029330 14.810618 12.700000 10.776307 9.158100 8.032185 7.620000 8.032185 12.700000 10.160000 7.620000 5.080000 2.540000 0.000000 2.540000 29.363938 28.634445 27.943655 27.294507 33.603078 32.967521 32.369335 31.810628 11.701071 10.989240 10.840430 11.276952 12.236322 
53.637590 71.177084 57.819265 74.379121 17.038838 14.810618 12.700000 10.776307 9.158100 8.032185 7.620000 15.240000 12.700000 10.160000 7.620000 5.080000 2.540000 0.000000 30.927932 30.129322 29.363938 28.634445 34.978036 34.273926 33.603078 32.967521 9.401623 8.499344 8.306044 8.868207 10.059972 
60.909460 40.340362 88.010461 75.254394 31.686777 32.153258 32.810293 33.646722 34.649555 35.804813 37.098259 24.172464 24.780803 25.627554 26.690038 27.943655 29.363938 30.927932 0.000000 1.270000 2.540000 3.810000 5.080000 5.236344 5.679613 6.350000 39.807326 38.051435 36.388232 34.830998 33.394558 
61.391567 41.064668 87.041389 74.118729 31.527772 31.895595 32.458601 33.206862 34.128198 35.209022 36.435145 23.963652 24.445556 25.175722 26.133349 27.294507 28.634445 30.129322 1.270000 0.000000 1.270000 2.540000 5.236344 5.080000 5.236344 5.679613 38.920762 37.122961 35.416183 33.814212 32.332632 
61.895981 41.815008 86.080145 72.987491 31.419339 31.686777 32.153258 32.810293 33.646722 34.649555 35.804813 23.820811 24.172464 24.780803 25.627554 26.690038 27.943655 29.363938 2.540000 1.270000 0.000000 1.270000 5.679613 5.236344 5.080000 5.236344 38.055934 36.215226 34.463522 32.815077 31.286218 
62.422161 42.590007 85.126995 71.860891 31.362000 31.527772 31.895595 32.458601 33.206862 34.128198 35.209022 23.745132 23.963652 24.445556 25.175722 26.133349 27.294507 28.634445 3.810000 2.540000 1.270000 0.000000 6.350000 5.679613 5.236344 5.080000 37.214355 35.329828 33.531903 31.835254 30.256926 
65.654557 36.242287 91.358633 73.139472 36.720526 37.123809 37.694304 38.424564 39.305685 40.327780 41.480429 29.175915 29.681883 30.392393 31.293515 32.369335 33.603078 34.978036 5.080000 5.236344 5.679613 6.350000 0.000000 1.270000 2.540000 3.810000 43.551759 41.644182 39.807326 38.051435 36.388232 
66.102066 37.046802 90.425450 71.970442 36.583406 36.900870 37.388580 38.039991 38.846867 39.799754 40.888446 29.003149 29.402571 30.012380 30.820090 31.810628 32.967521 34.273926 5.236344 5.080000 5.236344 5.679613 1.270000 0.000000 1.270000 2.540000 42.742932 40.797554 38.920762 37.122961 35.416183 
66.570797 37.876820 89.500559 70.804890 36.489999 36.720526 37.123809 37.694304 38.424564 39.305685 40.327780 28.885239 29.175915 29.681883 30.392393 31.293515 32.369335 33.603078 5.679613 5.236344 5.080000 5.236344 2.540000 1.270000 0.000000 1.270000 41.956961 39.973350 38.055934 36.215226 34.463522 
67.060307 38.730702 88.584219 69.642992 36.440640 36.583406 36.900870 37.388580 38.039991 38.846867 39.799754 28.822860 29.003149 29.402571 30.012380 30.820090 31.810628 32.967521 6.350000 5.679613 5.236344 5.080000 3.810000 2.540000 1.270000 0.000000 41.195155 39.172987 37.214355 35.329828 33.531903 
58.100405 79.785629 48.486695 73.082482 23.734793 21.220270 18.712629 16.215065 13.733077 11.276952 8.868207 23.939211 21.448666 18.971239 16.512836 14.083423 11.701071 9.401623 39.807326 38.920762 38.055934 37.214355 43.551759 42.742932 41.956961 41.195155 0.000000 2.540000 5.080000 7.620000 10.160000 
59.382840 77.840936 50.016240 70.954308 24.205337 21.745293 19.305969 16.896339 14.531185 12.236322 10.059972 23.599452 21.068782 18.540664 16.016307 13.497820 10.989240 8.499344 38.051435 37.122961 36.215226 35.329828 41.644182 40.797554 39.973350 39.172987 2.540000 0.000000 2.540000 5.080000 7.620000 
60.744461 75.931410 51.625498 68.854060 24.927083 22.545929 20.203504 17.915005 15.704027 13.608406 11.690345 23.530526 20.991549 18.452853 15.914573 13.376945 10.840430 8.306044 36.388232 35.416183 34.463522 33.531903 39.807326 38.920762 38.055934 37.214355 5.080000 2.540000 0.000000 2.540000 5.080000 
62.180065 74.059774 53.307252 66.784374 25.879022 23.594136 21.366934 19.217485 17.175005 15.282442 13.602518 23.734793 21.220270 18.712629 16.215065 13.733077 11.276952 8.868207 34.830998 33.814212 32.815077 31.835254 38.051435 37.122961 36.215226 35.329828 7.620000 5.080000 2.540000 0.000000 2.540000 
63.684651 72.228972 55.054857 64.748180 27.036851 24.858615 22.755514 20.750404 18.874541 17.170340 15.693821 24.205337 21.745293 19.305969 16.896339 14.531185 12.236322 10.059972 33.394558 32.332632 31.286218 30.256926 36.388232 35.416183 34.463522 33.531903 10.160000 7.620000 5.080000 2.540000 0.000000 
