23
# Circuit board instance
Size: medium
Nodes: 23
0.000000 40.000000 40.000000 56.568542 36.000781 37.695824 39.481606 41.346372 43.279914 24.958600 25.119681 25.533669 26.188573 27.066910 28.147773 29.408839 32.578126 32.701697 33.020764 33.529747 34.220173 35.081330 36.101003 
40.000000 0.000000 56.568542 40.000000 32.100309 30.856907 29.778697 28.884184 28.190859 15.046785 15.312492 15.982562 17.009274 18.332803 19.893998 21.641484 7.430231 7.954559 9.178502 10.868210 12.841116 14.985785 17.238226 
40.000000 56.568542 0.000000 40.000000 26.493927 28.754948 31.059123 33.397521 35.763429 46.877471 44.747782 42.663027 40.630123 38.657253 36.754084 34.932011 51.341015 49.404115 47.524062 45.707872 43.963460 42.299708 40.726502 
56.568542 40.000000 40.000000 0.000000 20.887837 18.921433 17.106803 15.497354 14.163208 42.437852 40.072909 37.730729 35.415829 33.133929 30.892341 28.700513 40.370458 37.876650 35.389412 32.910235 30.441088 27.984627 25.544511 
36.000781 32.100309 26.493927 20.887837 0.000000 2.540000 5.080000 7.620000 10.160000 27.158007 24.623097 22.089356 19.557239 17.027470 14.501279 11.980928 28.645385 26.254479 23.894359 21.575133 19.311538 17.125649 15.051359 
37.695824 30.856907 28.754948 18.921433 2.540000 0.000000 2.540000 5.080000 7.620000 27.123732 24.585288 22.047202 19.509615 16.972749 14.436986 11.903030 27.928265 25.470130 23.029769 20.613496 18.230891 15.897098 13.637202 
39.481606 29.778697 31.059123 17.106803 5.080000 2.540000 0.000000 2.540000 5.080000 27.326535 24.808850 22.296228 19.790598 17.294996 14.814495 12.358188 27.428472 24.921088 22.421047 19.931114 17.455614 15.001694 12.581986 
41.346372 28.884184 33.397521 15.497354 7.620000 5.080000 2.540000 0.000000 2.540000 27.761221 25.286853 22.826907 20.386604 17.973947 15.601767 13.291753 27.158007 24.623097 22.089356 19.557239 17.027470 14.501279 11.980928 
43.279914 28.190859 35.763429 14.163208 10.160000 7.620000 5.080000 2.540000 0.000000 28.417151 26.005269 23.620262 21.271171 18.971343 16.741094 14.612316 27.123732 24.585288 22.047202 19.509615 16.972749 14.436986 11.903030 
24.958600 15.046785 46.877471 42.437852 27.158007 27.123732 27.326535 27.761221 28.417151 0.000000 2.540000 5.080000 7.620000 10.160000 12.700000 15.240000 7.620000 8.032185 9.158100 10.776307 12.700000 14.810618 17.038838 
25.119681 15.312492 44.747782 40.072909 24.623097 24.585288 24.808850 25.286853 26.005269 2.540000 0.000000 2.540000 5.080000 7.620000 10.160000 12.700000 8.032185 7.620000 8.032185 9.158100 10.776307 12.700000 14.810618 
25.533669 15.982562 42.663027 37.730729 22.089356 22.047202 22.296228 22.826907 23.620262 5.080000 2.540000 0.000000 2.540000 5.080000 7.620000 10.160000 9.158100 8.032185 7.620000 8.032185 9.158100 10.776307 12.700000 
26.188573 17.009274 40.630123 35.415829 19.557239 19.509615 19.790598 20.386604 21.271171 7.620000 5.080000 2.540000 0.000000 2.540000 5.080000 7.620000 10.776307 9.158100 8.032185 7.620000 8.032185 9.158100 10.776307 
27.066910 18.332803 38.657253 33.133929 17.027470 16.972749 17.294996 17.973947 18.971343 10.160000 7.620000 5.080000 2.540000 0.000000 2.540000 5.080000 12.700000 10.776307 9.158100 8.032185 7.620000 8.032185 9.158100 
28.147773 19.893998 36.754084 30.892341 14.501279 14.436986 14.814495 15.601767 16.741094 12.700000 10.160000 7.620000 5.080000 2.540000 0.000000 2.540000 14.810618 12.700000 10.776307 9.158100 8.032185 7.620000 8.032185 
29.408839 21.641484 34.932011 28.700513 11.980928 11.903030 12.358188 13.291753 14.612316 15.240000 12.700000 10.160000 7.620000 5.080000 2.540000 0.000000 17.038838 14.810618 12.700000 10.776307 9.158100 8.032185 7.620000 
32.578126 7.430231 51.341015 40.370458 28.645385 27.928265 27.428472 27.158007 27.123732 7.620000 8.032185 9.158100 10.776307 12.700000 14.810618 17.038838 0.000000 2.540000 5.080000 7.620000 10.160000 12.700000 15.240000 
32.701697 7.954559 49.404115 37.876650 26.254479 25.470130 24.921088 24.623097 24.585288 8.032185 7.620000 8.032185 9.158100 10.776307 12.700000 14.810618 2.540000 0.000000 2.540000 5.080000 7.620000 10.160000 12.700000 
33.020764 9.178502 47.524062 35.389412 23.894359 23.029769 22.421047 22.089356 22.047202 9.158100 8.032185 7.620000 8.032185 9.158100 10.776307 12.700000 5.080000 2.540000 0.000000 2.540000 5.080000 7.620000 10.160000 
33.529747 10.868210 45.707872 32.910235 21.575133 20.613496 19.931114 19.557239 19.509615 10.776307 9.158100 8.032185 7.620000 8.032185 9.158100 10.776307 7.620000 5.080000 2.540000 0.000000 2.540000 5.080000 7.620000 
34.220173 12.841116 43.963460 30.441088 19.311538 18.230891 17.455614 17.027470 16.972749 12.700000 10.776307 9.158100 8.032185 7.620000 8.032185 9.158100 10.160000 7.620000 5.080000 2.540000 0.000000 2.540000 5.080000 
35.081330 14.985785 42.299708 27.984627 17.125649 15.897098 15.001694 14.501279 14.436986 14.810618 12.700000 10.776307 9.158100 8.032185 7.620000 8.032185 12.700000 10.160000 7.620000 5.080000 2.540000 0.000000 2.540000 
36.101003 17.238226 40.726502 25.544511 15.051359 13.637202 12.581986 11.980928 11.903030 17.038838 14.810618 12.700000 10.776307 9.158100 8.032185 7.620000 15.240000 12.700000 10.160000 7.620000 5.080000 2.540000 0.000000 
