22
# Circuit board instance
Size: medium
Nodes: 22
0.000000 65.000000 65.000000 91.923882 49.752364 52.177751 54.613560 57.058455 59.511317 36.863824 38.343045 39.929186 41.610022 43.374544 38.410672 38.457680 38.546496 38.676833 43.489729 43.531252 43.609737 43.724983 
65.000000 0.000000 91.923882 65.000000 23.214264 21.352331 19.642943 18.129302 16.864198 53.871644 51.799630 49.771000 47.791280 45.866804 26.609062 26.676874 26.804753 26.991847 21.531813 21.615559 21.773185 22.003104 
65.000000 91.923882 0.000000 65.000000 68.797773 70.571620 72.391137 74.252967 76.154007 40.153156 41.515341 42.984582 44.550290 46.202657 74.819727 73.732659 72.651525 71.576596 77.549780 76.501515 75.460062 74.425708 
91.923882 65.000000 65.000000 0.000000 52.884193 52.093742 51.416739 50.857718 50.420602 56.173735 54.189815 52.254061 50.372025 48.549955 69.502906 68.331306 67.163283 65.999027 67.721715 66.518750 65.318323 64.120577 
49.752364 23.214264 68.797773 52.884193 0.000000 2.540000 5.080000 7.620000 10.160000 30.889859 28.716940 26.609116 24.583138 22.660968 16.930219 15.868534 14.839616 13.850771 14.868501 13.647358 12.436005 11.237609 
52.177751 21.352331 70.571620 52.093742 2.540000 0.000000 2.540000 5.080000 7.620000 33.115063 30.889859 28.716940 26.609116 24.583138 18.405627 17.434023 16.503000 15.619816 15.728977 14.580081 13.452978 12.353633 
54.613560 19.642943 72.391137 51.416739 5.080000 2.540000 0.000000 2.540000 5.080000 35.382688 33.115063 30.889859 28.716940 26.609116 20.094902 19.208934 18.368097 17.578869 16.930219 15.868534 14.839616 13.850771 
57.058455 18.129302 74.252967 50.857718 7.620000 5.080000 2.540000 0.000000 2.540000 37.685076 35.382688 33.115063 30.889859 28.716940 21.948720 21.140585 20.379602 19.671244 18.405627 17.434023 16.503000 15.619816 
59.511317 16.864198 76.154007 50.420602 10.160000 7.620000 5.080000 2.540000 0.000000 40.016229 37.685076 35.382688 33.115063 30.889859 23.928867 23.189841 22.498280 21.858688 20.094902 19.208934 18.368097 17.578869 
36.863824 53.871644 40.153156 56.173735 30.889859 33.115063 35.382688 37.685076 40.016229 0.000000 2.540000 5.080000 7.620000 10.160000 34.666585 33.582515 32.511910 31.456145 37.525417 36.526293 35.544466 34.581409 
38.343045 51.799630 41.515341 54.189815 28.716940 30.889859 33.115063 35.382688 37.685076 2.540000 0.000000 2.540000 5.080000 7.620000 33.435528 32.310180 31.195940 30.094044 36.034885 34.993229 33.967118 32.958001 
39.929186 49.771000 42.984582 52.254061 26.609116 28.716940 30.889859 33.115063 35.382688 5.080000 2.540000 0.000000 2.540000 5.080000 32.357382 31.193162 30.037515 28.891471 34.666585 33.582515 32.511910 31.456145 
41.610022 47.791280 44.550290 50.372025 24.583138 26.609116 28.716940 30.889859 33.115063 7.620000 5.080000 2.540000 0.000000 2.540000 31.447877 30.248672 29.055483 27.869085 33.435528 32.310180 31.195940 30.094044 
43.374544 45.866804 46.202657 48.549955 22.660968 24.583138 26.609116 28.716940 30.889859 10.160000 7.620000 5.080000 2.540000 0.000000 30.721995 29.493290 28.268235 27.047327 32.357382 31.193162 30.037515 28.891471 
38.410672 26.609062 74.819727 69.502906 16.930219 18.405627 20.094902 21.948720 23.928867 34.666585 33.435528 32.357382 31.447877 30.721995 0.000000 1.270000 2.540000 3.810000 5.080000 5.236344 5.679613 6.350000 
38.457680 26.676874 73.732659 68.331306 15.868534 17.434023 19.208934 21.140585 23.189841 33.582515 32.310180 31.193162 30.248672 29.493290 1.270000 0.000000 1.270000 2.540000 5.236344 5.080000 5.236344 5.679613 
38.546496 26.804753 72.651525 67.163283 14.839616 16.503000 18.368097 20.379602 22.498280 32.511910 31.195940 30.037515 29.055483 28.268235 2.540000 1.270000 0.000000 1.270000 5.679613 5.236344 5.080000 5.236344 
38.676833 26.991847 71.576596 65.999027 13.850771 15.619816 17.578869 19.671244 21.858688 31.456145 30.094044 28.891471 27.869085 27.047327 3.810000 2.540000 1.270000 0.000000 6.350000 5.679613 5.236344 5.080000 
43.489729 21.531813 77.549780 67.721715 14.868501 15.728977 16.930219 18.405627 20.094902 37.525417 36.034885 34.666585 33.435528 32.357382 5.080000 5.236344 5.679613 6.350000 0.000000 1.270000 2.540000 3.810000 
43.531252 21.615559 76.501515 66.518750 13.647358 14.580081 15.868534 17.434023 19.208934 36.526293 34.993229 33.582515 32.310180 31.193162 5.236344 5.080000 5.236344 5.679613 1.270000 0.000000 1.270000 2.540000 
43.609737 21.773185 75.460062 65.318323 12.436005 13.452978 14.839616 16.503000 18.368097 35.544466 33.967118 32.511910 31.195940 30.037515 5.679613 5.236344 5.080000 5.236344 2.540000 1.270000 0.000000 1.270000 
43.724983 22.003104 74.425708 64.120577 11.237609 12.353633 13.850771 15.619816 17.578869 34.581409 32.958001 31.456145 30.094044 28.891471 6.350000 5.679613 5.236344 5.080000 3.810000 2.540000 1.270000 0.000000 
