28
# Circuit board instance
Size: medium
Nodes: 28
0.000000 90.000000 90.000000 127.279221 36.410272 38.946822 41.483795 44.021116 46.558730 49.096591 51.634661 37.598833 40.060196 42.530808 45.009144 47.493997 49.984393 52.479545 59.578128 60.794470 62.090942 63.462633 64.904774 67.443427 69.202197 71.008278 72.858151 74.748565 
90.000000 0.000000 127.279221 90.000000 95.249979 96.248146 97.302394 98.410921 99.571913 100.783559 102.044054 88.254875 89.331237 90.466127 91.657371 92.902800 94.200266 95.547649 81.793921 79.871521 77.984468 76.135392 74.327127 66.042786 64.379948 62.775864 61.235151 59.762710 
90.000000 127.279221 0.000000 90.000000 53.678492 51.140273 48.602241 46.064425 43.526865 40.989606 38.452709 54.491695 51.993191 49.498911 47.009527 44.525861 42.048926 39.579985 46.271960 47.827905 49.465402 51.176623 52.954420 61.459240 63.384275 65.351341 67.356754 69.397191 
127.279221 90.000000 90.000000 0.000000 103.093313 101.794785 100.543664 99.341743 98.190827 97.092731 96.049266 96.667448 95.281386 93.943562 92.656064 91.421020 90.240583 89.116922 72.675900 70.505324 68.360209 66.243029 64.156549 59.918876 58.080978 56.297703 54.574408 52.916952 
36.410272 95.249979 53.678492 103.093313 0.000000 2.540000 5.080000 7.620000 10.160000 12.700000 15.240000 7.620000 8.032185 9.158100 10.776307 12.700000 14.810618 17.038838 30.430437 32.595385 34.811061 37.068369 39.360147 45.933599 48.376204 50.828357 53.288740 55.756264 
38.946822 96.248146 51.140273 101.794785 2.540000 0.000000 2.540000 5.080000 7.620000 10.160000 12.700000 8.032185 7.620000 8.032185 9.158100 10.776307 12.700000 14.810618 29.134322 31.388793 33.683930 36.011959 38.366892 45.284353 47.760173 50.242401 52.730132 55.222622 
41.483795 97.302394 48.602241 100.543664 5.080000 2.540000 0.000000 2.540000 5.080000 7.620000 10.160000 9.158100 8.032185 7.620000 8.032185 9.158100 10.776307 12.700000 28.009090 30.347269 32.715555 35.107857 37.519579 44.770000 47.272766 49.779305 52.289073 54.801626 
44.021116 98.410921 46.064425 99.341743 7.620000 5.080000 2.540000 0.000000 2.540000 5.080000 7.620000 10.776307 9.158100 8.032185 7.620000 8.032185 9.158100 10.776307 27.076055 29.488309 31.920388 34.368084 36.828283 44.395229 46.917991 49.442519 51.968554 54.495887 
46.558730 99.571913 43.526865 98.190827 10.160000 7.620000 5.080000 2.540000 0.000000 2.540000 5.080000 12.700000 10.776307 9.158100 8.032185 7.620000 8.032185 9.158100 26.355636 28.828236 31.311627 33.803432 36.301918 44.163594 46.698871 49.234635 51.770815 54.307351 
49.096591 100.783559 40.989606 97.092731 12.700000 10.160000 7.620000 5.080000 2.540000 0.000000 2.540000 14.810618 12.700000 10.776307 9.158100 8.032185 7.620000 8.032185 25.865606 28.380930 30.900292 33.422777 35.947730 44.077351 46.617319 49.157290 51.697264 54.237241 
51.634661 102.044054 38.452709 96.049266 15.240000 12.700000 10.160000 7.620000 5.080000 2.540000 0.000000 17.038838 14.810618 12.700000 10.776307 9.158100 8.032185 7.620000 25.619188 28.156534 30.694319 33.232443 35.770833 44.137353 46.674056 49.211099 51.748432 54.286014 
37.598833 88.254875 54.491695 96.667448 7.620000 8.032185 9.158100 10.776307 12.700000 14.810618 17.038838 0.000000 2.540000 5.080000 7.620000 10.160000 12.700000 15.240000 24.373916 26.302582 28.327849 30.430437 32.595385 38.681134 41.083842 43.502152 45.933599 48.376204 
40.060196 89.331237 51.993191 95.281386 8.032185 7.620000 8.032185 9.158100 10.776307 12.700000 14.810618 2.540000 0.000000 2.540000 5.080000 7.620000 10.160000 12.700000 22.735105 24.791592 26.930731 29.134322 31.388793 37.907877 40.356649 42.816051 45.284353 47.760173 
42.530808 90.466127 49.498911 93.943562 9.158100 8.032185 7.620000 8.032185 9.158100 10.776307 12.700000 5.080000 2.540000 0.000000 2.540000 5.080000 7.620000 10.160000 21.274056 23.458974 25.709234 28.009090 30.347269 37.291922 39.778630 42.271675 44.770000 47.272766 
45.009144 91.657371 47.009527 92.656064 10.776307 9.158100 8.032185 7.620000 8.032185 9.158100 10.776307 7.620000 5.080000 2.540000 0.000000 2.540000 5.080000 7.620000 20.029704 22.336676 24.689437 27.076055 29.488309 36.841158 39.356357 41.874551 44.395229 46.917991 
47.493997 92.902800 44.525861 91.421020 12.700000 10.776307 9.158100 8.032185 7.620000 8.032185 9.158100 10.160000 7.620000 5.080000 2.540000 0.000000 2.540000 5.080000 19.044576 21.457724 23.897178 26.355636 28.828236 36.561695 39.094878 41.628892 44.163594 46.698871 
49.984393 94.200266 42.048926 90.240583 14.810618 12.700000 10.776307 9.158100 8.032185 7.620000 8.032185 12.700000 10.160000 7.620000 5.080000 2.540000 0.000000 2.540000 18.360444 20.852911 23.355623 25.865606 28.380930 36.457474 38.997428 41.537387 44.077351 46.617319 
52.479545 95.547649 39.579985 89.116922 17.038838 14.810618 12.700000 10.776307 9.158100 8.032185 7.620000 15.240000 12.700000 10.160000 7.620000 5.080000 2.540000 0.000000 18.011638 20.546463 23.082425 25.619188 28.156534 36.529995 39.065233 41.601053 44.137353 46.674056 
59.578128 81.793921 46.271960 72.675900 30.430437 29.134322 28.009090 27.076055 26.355636 25.865606 25.619188 24.373916 22.735105 21.274056 20.029704 19.044576 18.360444 18.011638 0.000000 2.540000 5.080000 7.620000 10.160000 18.822747 21.322789 23.831283 26.345815 28.864807 
60.794470 79.871521 47.827905 70.505324 32.595385 31.388793 30.347269 29.488309 28.828236 28.380930 28.156534 26.302582 24.791592 23.458974 22.336676 21.457724 20.852911 20.546463 2.540000 0.000000 2.540000 5.080000 7.620000 16.335039 18.822747 21.322789 23.831283 26.345815 
62.090942 77.984468 49.465402 68.360209 34.811061 33.683930 32.715555 31.920388 31.311627 30.900292 30.694319 28.327849 26.930731 25.709234 24.689437 23.897178 23.355623 23.082425 5.080000 2.540000 0.000000 2.540000 5.080000 13.866303 16.335039 18.822747 21.322789 23.831283 
63.462633 76.135392 51.176623 66.243029 37.068369 36.011959 35.107857 34.368084 33.803432 33.422777 33.232443 30.430437 29.134322 28.009090 27.076055 26.355636 25.865606 25.619188 7.620000 5.080000 2.540000 0.000000 2.540000 11.428843 13.866303 16.335039 18.822747 21.322789 
64.904774 74.327127 52.954420 64.156549 39.360147 38.366892 37.519579 36.828283 36.301918 35.947730 35.770833 32.595385 31.388793 30.347269 29.488309 28.828236 28.380930 28.156534 10.160000 7.620000 5.080000 2.540000 0.000000 9.047968 11.428843 13.866303 16.335039 18.822747 
67.443427 66.042786 61.459240 59.918876 45.933599 45.284353 44.770000 44.395229 44.163594 44.077351 44.137353 38.681134 37.907877 37.291922 36.841158 36.561695 36.457474 36.529995 18.822747 16.335039 13.866303 11.428843 9.047968 0.000000 2.540000 5.080000 7.620000 10.160000 
69.202197 64.379948 63.384275 58.080978 48.376204 47.760173 47.272766 46.917991 46.698871 46.617319 46.674056 41.083842 40.356649 39.778630 39.356357 39.094878 38.997428 39.065233 21.322789 18.822747 16.335039 13.866303 11.428843 2.540000 0.000000 2.540000 5.080000 7.620000 
71.008278 62.775864 65.351341 56.297703 50.828357 50.242401 49.779305 49.442519 49.234635 49.157290 49.211099 43.502152 42.816051 42.271675 41.874551 41.628892 41.537387 41.601053 23.831283 21.322789 18.822747 16.335039 13.866303 5.080000 2.540000 0.000000 2.540000 5.080000 
72.858151 61.235151 67.356754 54.574408 53.288740 52.730132 52.289073 51.968554 51.770815 51.697264 51.748432 45.933599 45.284353 44.770000 44.395229 44.163594 44.077351 44.137353 26.345815 23.831283 21.322789 18.822747 16.335039 7.620000 5.080000 2.540000 0.000000 2.540000 
74.748565 59.762710 69.397191 52.916952 55.756264 55.222622 54.801626 54.495887 54.307351 54.237241 54.286014 48.376204 47.760173 47.272766 46.917991 46.698871 46.617319 46.674056 28.864807 26.345815 23.831283 21.322789 18.822747 10.160000 7.620000 5.080000 2.540000 0.000000 
