31
# Circuit board instance
Size: medium
Nodes: 31
0.000000 90.000000 90.000000 127.279221 61.666130 62.234347 62.900077 63.660259 64.511554 92.885992 94.435866 96.027919 97.660089 99.330397 101.036953 102.777951 99.078912 100.533358 102.030312 103.567930 105.144429 106.758087 108.407243 62.024535 62.798654 63.588716 64.394134 66.147634 66.874042 67.616502 68.374491 
90.000000 0.000000 127.279221 90.000000 98.166879 96.176601 94.212760 92.277045 90.371263 58.072268 60.520357 62.975726 65.437556 67.905144 70.377885 72.855253 56.476646 58.990989 61.507441 64.025752 66.545712 69.067140 71.589882 55.151124 56.020305 56.904556 57.803184 51.533611 52.462760 53.405945 54.362438 
90.000000 127.279221 0.000000 90.000000 32.195681 33.271073 34.500290 35.867518 37.357608 81.665731 80.637565 79.677132 78.786909 77.969301 77.226615 76.561030 88.646009 87.699716 86.817444 86.001165 85.252772 84.574070 83.966746 72.205853 71.286137 70.377320 69.479830 75.776987 74.901134 74.036705 73.184106 
127.279221 90.000000 90.000000 0.000000 82.889000 80.521977 78.165814 75.821523 73.490240 37.601495 35.312855 33.060947 30.853814 28.701790 26.618242 24.620562 35.086973 32.622400 30.170340 27.734114 25.318293 22.929327 20.576572 66.394946 65.393554 64.401636 63.419637 63.422042 62.372938 61.332188 60.300224 
61.666130 98.166879 32.195681 82.889000 0.000000 2.540000 5.080000 7.620000 10.160000 61.771191 61.638774 61.610876 61.687639 61.868674 62.153069 62.539414 69.373271 69.255390 69.230562 69.298885 69.460085 69.713518 70.058183 43.447812 42.790267 42.160732 41.560481 47.835940 47.239515 46.670035 46.128499 
62.234347 96.176601 33.271073 80.521977 2.540000 0.000000 2.540000 5.080000 7.620000 59.238188 59.100096 59.070999 59.151058 59.339832 59.636288 60.038831 66.838791 66.716432 66.690658 66.761581 66.928893 67.191873 67.549406 41.313251 40.621169 39.957474 39.323606 45.623932 44.998197 44.399979 43.830405 
62.900077 94.212760 34.500290 78.165814 5.080000 2.540000 0.000000 2.540000 5.080000 56.705811 56.561536 56.531132 56.614784 56.811986 57.121562 57.541700 64.304746 64.177557 64.150763 64.224490 64.398394 64.671665 65.043053 39.227035 38.497466 37.796499 37.125753 43.447812 42.790267 42.160732 41.560481 
63.660259 92.277045 35.867518 75.821523 7.620000 5.080000 2.540000 0.000000 2.540000 54.174147 54.023112 53.991279 54.078859 54.285274 54.609176 55.048492 61.771191 61.638774 61.610876 61.687639 61.868674 62.153069 62.539414 37.197300 36.427101 35.685489 34.974281 41.313251 40.621169 39.957474 39.323606 
64.511554 90.371263 37.357608 73.490240 10.160000 7.620000 5.080000 2.540000 0.000000 51.643303 51.484843 51.451440 51.543335 51.759863 52.099468 52.559766 59.238188 59.100096 59.070999 59.151058 59.339832 59.636288 60.038831 35.233806 34.419699 33.633854 32.878296 39.227035 38.497466 37.796499 37.125753 
92.885992 58.072268 81.665731 37.601495 61.771191 59.238188 56.705811 54.174147 51.643303 0.000000 2.540000 5.080000 7.620000 10.160000 12.700000 15.240000 7.620000 8.032185 9.158100 10.776307 12.700000 14.810618 17.038838 30.861788 30.118785 29.411872 28.743713 26.964371 26.110698 25.292006 24.511801 
94.435866 60.520357 80.637565 35.312855 61.638774 59.100096 56.561536 54.023112 51.484843 2.540000 0.000000 2.540000 5.080000 7.620000 10.160000 12.700000 8.032185 7.620000 8.032185 9.158100 10.776307 12.700000 14.810618 32.446031 31.638340 30.861788 30.118785 28.764080 27.849810 26.964371 26.110698 
96.027919 62.975726 79.677132 33.060947 61.610876 59.070999 56.531132 53.991279 51.451440 5.080000 2.540000 0.000000 2.540000 5.080000 7.620000 10.160000 9.158100 8.032185 7.620000 8.032185 9.158100 10.776307 12.700000 34.145909 33.282595 32.446031 31.638340 30.668721 29.704519 28.764080 27.849810 
97.660089 65.437556 78.786909 30.853814 61.687639 59.151058 56.614784 54.078859 51.543335 7.620000 5.080000 2.540000 0.000000 2.540000 5.080000 7.620000 10.776307 9.158100 8.032185 7.620000 8.032185 9.158100 10.776307 35.945020 35.033996 34.145909 33.282595 32.659942 31.654513 30.668721 29.704519 
99.330397 67.905144 77.969301 28.701790 61.868674 59.339832 56.811986 54.285274 51.759863 10.160000 7.620000 5.080000 2.540000 0.000000 2.540000 5.080000 12.700000 10.776307 9.158100 8.032185 7.620000 8.032185 9.158100 37.829208 36.877281 35.945020 35.033996 34.722850 33.683247 32.659942 31.654513 
101.036953 70.377885 77.226615 26.618242 62.153069 59.636288 57.121562 54.609176 52.099468 12.700000 10.160000 7.620000 5.080000 2.540000 0.000000 2.540000 14.810618 12.700000 10.776307 9.158100 8.032185 7.620000 8.032185 39.786389 38.799355 37.829208 36.877281 36.845408 35.777330 34.722850 33.683247 
102.777951 72.855253 76.561030 24.620562 62.539414 60.038831 57.541700 55.048492 52.559766 15.240000 12.700000 10.160000 7.620000 5.080000 2.540000 0.000000 17.038838 14.810618 12.700000 10.776307 9.158100 8.032185 7.620000 41.806312 40.789083 39.786389 38.799355 39.017881 37.925936 36.845408 35.777330 
99.078912 56.476646 88.646009 35.086973 69.373271 66.838791 64.304746 61.771191 59.238188 7.620000 8.032185 9.158100 10.776307 12.700000 14.810618 17.038838 0.000000 2.540000 5.080000 7.620000 10.160000 12.700000 15.240000 37.246248 36.632966 36.054004 35.511041 32.931613 32.236351 31.576880 30.955487 
100.533358 58.990989 87.699716 32.622400 69.255390 66.716432 64.177557 61.638774 59.100096 8.032185 7.620000 8.032185 9.158100 10.776307 12.700000 14.810618 2.540000 0.000000 2.540000 5.080000 7.620000 10.160000 12.700000 38.569132 37.892183 37.246248 36.632966 34.420722 33.660447 32.931613 32.236351 
102.030312 61.507441 86.817444 30.170340 69.230562 66.690658 64.150763 61.610876 59.070999 9.158100 8.032185 7.620000 8.032185 9.158100 10.776307 12.700000 5.080000 2.540000 0.000000 2.540000 5.080000 7.620000 10.160000 40.009700 39.275490 38.569132 37.892183 36.027548 35.210400 34.420722 33.660447 
103.567930 64.025752 86.001165 27.734114 69.298885 66.761581 64.224490 61.687639 59.151058 10.776307 9.158100 8.032185 7.620000 8.032185 9.158100 10.776307 7.620000 5.080000 2.540000 0.000000 2.540000 5.080000 7.620000 41.555715 40.770257 40.009700 39.275490 37.737058 36.870340 36.027548 35.210400 
105.144429 66.545712 85.252772 25.318293 69.460085 66.928893 64.398394 61.868674 59.339832 12.700000 10.776307 9.158100 8.032185 7.620000 8.032185 9.158100 10.160000 7.620000 5.080000 2.540000 0.000000 2.540000 5.080000 43.195856 42.364688 41.555715 40.770257 39.535935 38.626092 37.737058 36.870340 
106.758087 69.067140 84.574070 22.929327 69.713518 67.191873 64.671665 62.153069 59.636288 14.810618 12.700000 10.776307 9.158100 8.032185 7.620000 8.032185 12.700000 10.160000 7.620000 5.080000 2.540000 0.000000 2.540000 44.919815 44.047962 43.195856 42.364688 41.412533 40.465184 39.535935 38.626092 
108.407243 71.589882 83.966746 20.576572 70.058183 67.549406 65.043053 62.539414 60.038831 17.038838 14.810618 12.700000 10.776307 9.158100 8.032185 7.620000 15.240000 12.700000 10.160000 7.620000 5.080000 2.540000 0.000000 46.718312 45.810286 44.919815 44.047962 43.356762 42.376768 41.412533 40.465184 
62.024535 55.151124 72.205853 66.394946 43.447812 41.313251 39.227035 37.197300 35.233806 30.861788 32.446031 34.145909 35.945020 37.829208 39.786389 41.806312 37.246248 38.569132 40.009700 41.555715 43.195856 44.919815 46.718312 0.000000 1.270000 2.540000 3.810000 5.080000 5.236344 5.679613 6.350000 
62.798654 56.020305 71.286137 65.393554 42.790267 40.621169 38.497466 36.427101 34.419699 30.118785 31.638340 33.282595 35.033996 36.877281 38.799355 40.789083 36.632966 37.892183 39.275490 40.770257 42.364688 44.047962 45.810286 1.270000 0.000000 1.270000 2.540000 5.236344 5.080000 5.236344 5.679613 
63.588716 56.904556 70.377320 64.401636 42.160732 39.957474 37.796499 35.685489 33.633854 29.411872 30.861788 32.446031 34.145909 35.945020 37.829208 39.786389 36.054004 37.246248 38.569132 40.009700 41.555715 43.195856 44.919815 2.540000 1.270000 0.000000 1.270000 5.679613 5.236344 5.080000 5.236344 
64.394134 57.803184 69.479830 63.419637 41.560481 39.323606 37.125753 34.974281 32.878296 28.743713 30.118785 31.638340 33.282595 35.033996 36.877281 38.799355 35.511041 36.632966 37.892183 39.275490 40.770257 42.364688 44.047962 3.810000 2.540000 1.270000 0.000000 6.350000 5.679613 5.236344 5.080000 
66.147634 51.533611 75.776987 63.422042 47.835940 45.623932 43.447812 41.313251 39.227035 26.964371 28.764080 30.668721 32.659942 34.722850 36.845408 39.017881 32.931613 34.420722 36.027548 37.737058 39.535935 41.412533 43.356762 5.080000 5.236344 5.679613 6.350000 0.000000 1.270000 2.540000 3.810000 
66.874042 52.462760 74.901134 62.372938 47.239515 44.998197 42.790267 40.621169 38.497466 26.110698 27.849810 29.704519 31.654513 33.683247 35.777330 37.925936 32.236351 33.660447 35.210400 36.870340 38.626092 40.465184 42.376768 5.236344 5.080000 5.236344 5.679613 1.270000 0.000000 1.270000 2.540000 
67.616502 53.405945 74.036705 61.332188 46.670035 44.399979 42.160732 39.957474 37.796499 25.292006 26.964371 28.764080 30.668721 32.659942 34.722850 36.845408 31.576880 32.931613 34.420722 36.027548 37.737058 39.535935 41.412533 5.679613 5.236344 5.080000 5.236344 2.540000 1.270000 0.000000 1.270000 
68.374491 54.362438 73.184106 60.300224 46.128499 43.830405 41.560481 39.323606 37.125753 24.511801 26.110698 27.849810 29.704519 31.654513 33.683247 35.777330 30.955487 32.236351 33.660447 35.210400 36.870340 38.626092 40.465184 6.350000 5.679613 5.236344 5.080000 3.810000 2.540000 1.270000 0.000000 
