33
# Circuit board instance
Size: medium
Nodes: 33
0.000000 115.000000 115.000000 162.634560 44.195448 44.999092 45.929316 46.978603 48.139167 118.299873 119.365251 120.434597 121.507807 121.152096 122.192609 123.237424 124.286434 113.301066 114.504102 115.708570 116.914425 115.038028 116.223086 117.409921 118.598478 93.272245 94.360277 95.452806 96.549677 96.005927 97.063321 98.125759 99.193077 
115.000000 0.000000 162.634560 115.000000 110.566511 108.223999 105.890594 103.566911 101.253618 111.099565 112.233313 113.369951 114.509391 108.892993 110.049476 111.208436 112.369796 132.920322 133.947265 134.978345 136.013467 129.984724 131.034676 132.088493 133.146083 103.901483 104.879304 105.863330 106.853388 100.720130 101.728535 102.742742 103.762580 
115.000000 162.634560 0.000000 115.000000 73.836030 74.319849 74.886740 75.534832 76.262055 66.618751 66.326172 66.056720 65.810676 71.561361 71.289071 71.038445 70.809714 37.308357 37.065771 36.865365 36.707828 42.291014 42.077164 41.900733 41.762196 59.872417 59.133380 58.412608 57.710785 64.047894 63.357581 62.685399 62.031937 
162.634560 115.000000 115.000000 0.000000 125.393282 123.332703 121.290311 119.267039 117.263877 52.785522 52.415786 52.074405 51.761940 47.967509 47.560331 47.183834 46.838755 78.883420 78.768978 78.674873 78.601178 73.829603 73.707315 73.606739 73.527964 75.369176 74.783441 74.214818 73.663703 70.919244 70.296440 69.691217 69.104035 
44.195448 110.566511 73.836030 125.393282 0.000000 2.540000 5.080000 7.620000 10.160000 76.873012 77.815481 78.767150 79.727690 80.386394 81.288138 82.199613 83.120497 69.145503 70.340204 71.537500 72.737262 71.044063 72.207358 73.374193 74.544400 51.634593 52.562985 53.505415 54.461153 55.254860 56.123397 57.006997 57.904970 
44.999092 108.223999 74.319849 123.332703 2.540000 0.000000 2.540000 5.080000 7.620000 75.183499 76.146882 77.119145 78.099957 78.608298 79.530206 80.461597 81.402145 68.318199 69.527117 70.738177 71.951268 70.055179 71.234626 72.417135 73.602560 49.919954 50.879643 51.852676 52.838318 53.415014 54.312981 55.225555 56.152024 
45.929316 105.890594 74.886740 121.290311 5.080000 2.540000 0.000000 2.540000 5.080000 73.542915 74.527508 75.520622 76.521925 76.873012 77.815481 78.767150 79.727690 67.576292 68.798248 70.021914 71.247203 69.145503 70.340204 71.537500 72.737262 48.278108 49.269787 50.273988 51.289977 51.634593 52.562985 53.505415 54.461153 
46.978603 103.566911 75.534832 119.267039 7.620000 5.080000 2.540000 0.000000 2.540000 71.954606 72.960636 73.974789 74.996733 75.183499 76.146882 77.119145 78.099957 66.922621 68.156299 69.391286 70.627516 68.318199 69.527117 70.738177 71.951268 46.716729 47.740852 48.776541 49.823074 49.919954 50.879643 51.852676 52.838318 
48.139167 101.253618 76.262055 117.263877 10.160000 7.620000 5.080000 2.540000 0.000000 70.422110 71.449721 72.485016 73.527670 73.542915 74.527508 75.520622 76.521925 66.359796 67.603745 68.848645 70.094445 67.576292 68.798248 70.021914 71.247203 45.244149 46.300855 47.368040 48.445010 48.278108 49.269787 50.273988 51.289977 
118.299873 111.099565 66.618751 52.785522 76.873012 75.183499 73.542915 71.954606 70.422110 0.000000 1.270000 2.540000 3.810000 5.080000 5.236344 5.679613 6.350000 29.356030 29.736241 30.165169 30.640767 24.519965 24.973912 25.483125 26.044363 25.267458 24.310584 23.383547 22.490040 22.331744 21.243041 20.175545 19.132805 
119.365251 112.233313 66.326172 52.415786 77.815481 76.146882 74.527508 72.960636 71.449721 1.270000 0.000000 1.270000 2.540000 5.236344 5.080000 5.236344 5.679613 29.026448 29.356030 29.736241 30.165169 24.124405 24.519965 24.973912 25.483125 26.250909 25.267458 24.310584 23.383547 23.438698 22.331744 21.243041 20.175545 
120.434597 113.369951 66.056720 52.074405 78.767150 77.119145 75.520622 73.974789 72.485016 2.540000 1.270000 0.000000 1.270000 5.679613 5.236344 5.080000 5.236344 28.749238 29.026448 29.356030 29.736241 23.790144 24.124405 24.519965 24.973912 27.258060 26.250909 25.267458 24.310584 24.561436 23.438698 22.331744 21.243041 
121.507807 114.509391 65.810676 51.761940 79.727690 78.099957 76.521925 74.996733 73.527670 3.810000 2.540000 1.270000 0.000000 6.350000 5.679613 5.236344 5.080000 28.525927 28.749238 29.026448 29.356030 23.519795 23.790144 24.124405 24.519965 28.286379 27.258060 26.250909 25.267458 25.697890 24.561436 23.438698 22.331744 
121.152096 108.892993 71.561361 47.967509 80.386394 78.608298 76.873012 75.183499 73.542915 5.080000 5.236344 5.679613 6.350000 0.000000 1.270000 2.540000 3.810000 34.262765 34.589082 34.958518 35.369721 29.356030 29.736241 30.165169 30.640767 28.806161 27.970609 27.168746 26.403643 25.267458 24.310584 23.383547 22.490040 
122.192609 110.049476 71.289071 47.560331 81.288138 79.530206 77.815481 76.146882 74.527508 5.236344 5.080000 5.236344 5.679613 1.270000 0.000000 1.270000 2.540000 33.980807 34.262765 34.589082 34.958518 29.026448 29.356030 29.736241 30.165169 29.672558 28.806161 27.970609 27.168746 26.250909 25.267458 24.310584 23.383547 
123.237424 111.208436 71.038445 47.183834 82.199613 80.461597 78.767150 77.119145 75.520622 5.679613 5.236344 5.080000 5.236344 2.540000 1.270000 0.000000 1.270000 33.744322 33.980807 34.262765 34.589082 28.749238 29.026448 29.356030 29.736241 30.567177 29.672558 28.806161 27.970609 27.258060 26.250909 25.267458 24.310584 
124.286434 112.369796 70.809714 46.838755 83.120497 81.402145 79.727690 78.099957 76.521925 6.350000 5.679613 5.236344 5.080000 3.810000 2.540000 1.270000 0.000000 33.554271 33.744322 33.980807 34.262765 28.525927 28.749238 29.026448 29.356030 31.487612 30.567177 29.672558 28.806161 28.286379 27.258060 26.250909 25.267458 
113.301066 132.920322 37.308357 78.883420 69.145503 68.318199 67.576292 66.922621 66.359796 29.356030 29.026448 28.749238 28.525927 34.262765 33.980807 33.744322 33.554271 0.000000 1.270000 2.540000 3.810000 5.080000 5.236344 5.679613 6.350000 29.981446 28.820001 27.668097 26.526977 32.334248 31.260341 30.201657 29.159853 
114.504102 133.947265 37.065771 78.768978 70.340204 69.527117 68.798248 68.156299 67.603745 29.736241 29.356030 29.026448 28.749238 34.589082 34.262765 33.980807 33.744322 1.270000 0.000000 1.270000 2.540000 5.236344 5.080000 5.236344 5.679613 31.151366 29.981446 28.820001 27.668097 33.421910 32.334248 31.260341 30.201657 
115.708570 134.978345 36.865365 78.674873 71.537500 70.738177 70.021914 69.391286 68.848645 30.165169 29.736241 29.356030 29.026448 34.958518 34.589082 34.262765 33.980807 2.540000 1.270000 0.000000 1.270000 5.679613 5.236344 5.080000 5.236344 32.328839 31.151366 29.981446 28.820001 34.522027 33.421910 32.334248 31.260341 
116.914425 136.013467 36.707828 78.601178 72.737262 71.951268 71.247203 70.627516 70.094445 30.640767 30.165169 29.736241 29.356030 35.369721 34.958518 34.589082 34.262765 3.810000 2.540000 1.270000 0.000000 6.350000 5.679613 5.236344 5.080000 33.513071 32.328839 31.151366 29.981446 35.633445 34.522027 33.421910 32.334248 
115.038028 129.984724 42.291014 73.829603 71.044063 70.055179 69.145503 68.318199 67.576292 24.519965 24.124405 23.790144 23.519795 29.356030 29.026448 28.749238 28.525927 5.080000 5.236344 5.679613 6.350000 0.000000 1.270000 2.540000 3.810000 28.352838 27.121740 25.894399 24.671377 29.981446 28.820001 27.668097 26.526977 
116.223086 131.034676 42.077164 73.707315 72.207358 71.234626 70.340204 69.527117 68.798248 24.973912 24.519965 24.124405 23.790144 29.736241 29.356030 29.026448 28.749238 5.236344 5.080000 5.236344 5.679613 1.270000 0.000000 1.270000 2.540000 29.587225 28.352838 27.121740 25.894399 31.151366 29.981446 28.820001 27.668097 
117.409921 132.088493 41.900733 73.606739 73.374193 72.417135 71.537500 70.738177 70.021914 25.483125 24.973912 24.519965 24.124405 30.165169 29.736241 29.356030 29.026448 5.679613 5.236344 5.080000 5.236344 2.540000 1.270000 0.000000 1.270000 30.824506 29.587225 28.352838 27.121740 32.328839 31.151366 29.981446 28.820001 
118.598478 133.146083 41.762196 73.527964 74.544400 73.602560 72.737262 71.951268 71.247203 26.044363 25.483125 24.973912 24.519965 30.640767 30.165169 29.736241 29.356030 6.350000 5.679613 5.236344 5.080000 3.810000 2.540000 1.270000 0.000000 32.064345 30.824506 29.587225 28.352838 33.513071 32.328839 31.151366 29.981446 
93.272245 103.901483 59.872417 75.369176 51.634593 49.919954 48.278108 46.716729 45.244149 25.267458 26.250909 27.258060 28.286379 28.806161 29.672558 30.567177 31.487612 29.981446 31.151366 32.328839 33.513071 28.352838 29.587225 30.824506 32.064345 0.000000 1.270000 2.540000 3.810000 5.080000 5.236344 5.679613 6.350000 
94.360277 104.879304 59.133380 74.783441 52.562985 50.879643 49.269787 47.740852 46.300855 24.310584 25.267458 26.250909 27.258060 27.970609 28.806161 29.672558 30.567177 28.820001 29.981446 31.151366 32.328839 27.121740 28.352838 29.587225 30.824506 1.270000 0.000000 1.270000 2.540000 5.236344 5.080000 5.236344 5.679613 
95.452806 105.863330 58.412608 74.214818 53.505415 51.852676 50.273988 48.776541 47.368040 23.383547 24.310584 25.267458 26.250909 27.168746 27.970609 28.806161 29.672558 27.668097 28.820001 29.981446 31.151366 25.894399 27.121740 28.352838 29.587225 2.540000 1.270000 0.000000 1.270000 5.679613 5.236344 5.080000 5.236344 
96.549677 106.853388 57.710785 73.663703 54.461153 52.838318 51.289977 49.823074 48.445010 22.490040 23.383547 24.310584 25.267458 26.403643 27.168746 27.970609 28.806161 26.526977 27.668097 28.820001 29.981446 24.671377 25.894399 27.121740 28.352838 3.810000 2.540000 1.270000 0.000000 6.350000 5.679613 5.236344 5.080000 
96.005927 100.720130 64.047894 70.919244 55.254860 53.415014 51.634593 49.919954 48.278108 22.331744 23.438698 24.561436 25.697890 25.267458 26.250909 27.258060 28.286379 32.334248 33.421910 34.522027 35.633445 29.981446 31.151366 32.328839 33.513071 5.080000 5.236344 5.679613 6.350000 0.000000 1.270000 2.540000 3.810000 
97.063321 101.728535 63.357581 70.296440 56.123397 54.312981 52.562985 50.879643 49.269787 21.243041 22.331744 23.438698 24.561436 24.310584 25.267458 26.250909 27.258060 31.260341 32.334248 33.421910 34.522027 28.820001 29.981446 31.151366 32.328839 5.236344 5.080000 5.236344 5.679613 1.270000 0.000000 1.270000 2.540000 
98.125759 102.742742 62.685399 69.691217 57.006997 55.225555 53.505415 51.852676 50.273988 20.175545 21.243041 22.331744 23.438698 23.383547 24.310584 25.267458 26.250909 30.201657 31.260341 32.334248 33.421910 27.668097 28.820001 29.981446 31.151366 5.679613 5.236344 5.080000 5.236344 2.540000 1.270000 0.000000 1.270000 
99.193077 103.762580 62.031937 69.104035 57.904970 56.152024 54.461153 52.838318 51.289977 19.132805 20.175545 21.243041 22.331744 22.490040 23.383547 24.310584 25.267458 29.159853 30.201657 31.260341 32.334248 26.526977 27.668097 28.820001 29.981446 6.350000 5.679613 5.236344 5.080000 3.810000 2.540000 1.270000 0.000000 
