23
# Circuit board instance
Size: medium
Nodes: 23
0.000000 40.000000 40.000000 56.568542 15.973756 17.885759 19.938481 22.092735 24.321554 26.606208 28.933471 21.968022 23.395159 24.999523 26.749244 28.617671 30.583057 32.627885 19.995400 22.458333 24.936732 27.426406 29.924539 
40.000000 0.000000 56.568542 40.000000 31.081929 32.106476 33.293670 34.626786 36.089658 37.667170 39.345536 24.164424 25.468783 26.949983 28.580543 30.336390 32.197031 34.145341 21.325824 18.871975 16.444311 14.056403 11.732552 
40.000000 56.568542 0.000000 40.000000 30.614400 28.262713 25.946554 23.676350 21.466686 19.338327 17.321269 34.127329 32.034576 30.010944 28.071385 26.234552 24.523540 22.966486 39.817403 41.109443 42.514118 44.020646 45.618939 
56.568542 40.000000 40.000000 0.000000 40.597622 38.854940 37.204154 35.658028 34.230747 32.937764 31.795468 35.580894 33.578855 31.654102 29.821604 28.099415 26.509044 25.075584 40.501856 39.265265 38.157895 37.191290 36.376673 
15.973756 31.081929 30.614400 40.597622 0.000000 2.540000 5.080000 7.620000 10.160000 12.700000 15.240000 7.620000 8.032185 9.158100 10.776307 12.700000 14.810618 17.038838 10.336621 12.447900 14.695505 17.025532 19.408318 
17.885759 32.106476 28.262713 38.854940 2.540000 0.000000 2.540000 5.080000 7.620000 10.160000 12.700000 8.032185 7.620000 8.032185 9.158100 10.776307 12.700000 14.810618 12.052860 13.905966 15.949406 18.118897 20.374212 
19.938481 33.293670 25.946554 37.204154 5.080000 2.540000 0.000000 2.540000 5.080000 7.620000 10.160000 9.158100 8.032185 7.620000 8.032185 9.158100 10.776307 12.700000 14.021423 15.643043 17.484635 19.483925 21.597162 
22.092735 34.626786 23.676350 35.658028 7.620000 5.080000 2.540000 0.000000 2.540000 5.080000 7.620000 10.776307 9.158100 8.032185 7.620000 8.032185 9.158100 10.776307 16.150307 17.576600 19.233942 21.067876 23.036264 
24.321554 36.089658 21.466686 34.230747 10.160000 7.620000 5.080000 2.540000 0.000000 2.540000 5.080000 12.700000 10.776307 9.158100 8.032185 7.620000 8.032185 9.158100 18.383898 19.648719 21.144262 22.825221 24.653697 
26.606208 37.667170 19.338327 32.937764 12.700000 10.160000 7.620000 5.080000 2.540000 0.000000 2.540000 14.810618 12.700000 10.776307 9.158100 8.032185 7.620000 8.032185 20.688310 21.819960 23.175813 24.719005 26.416723 
28.933471 39.345536 17.321269 31.795468 15.240000 12.700000 10.160000 7.620000 5.080000 2.540000 0.000000 17.038838 14.810618 12.700000 10.776307 9.158100 8.032185 7.620000 23.042306 24.063506 25.299407 26.720233 28.298144 
21.968022 24.164424 34.127329 35.580894 7.620000 8.032185 9.158100 10.776307 12.700000 14.810618 17.038838 0.000000 2.540000 5.080000 7.620000 10.160000 12.700000 15.240000 6.320722 7.024699 8.464306 10.336621 12.447900 
23.395159 25.468783 32.034576 33.578855 8.032185 7.620000 8.032185 9.158100 10.776307 12.700000 14.810618 2.540000 0.000000 2.540000 5.080000 7.620000 10.160000 12.700000 8.853091 9.368676 10.491433 12.052860 13.905966 
24.999523 26.949983 30.010944 31.654102 9.158100 8.032185 7.620000 8.032185 9.158100 10.776307 12.700000 5.080000 2.540000 0.000000 2.540000 5.080000 7.620000 10.160000 11.388859 11.794108 12.704292 14.021423 15.643043 
26.749244 28.580543 28.071385 29.821604 10.776307 9.158100 8.032185 7.620000 8.032185 9.158100 10.776307 7.620000 5.080000 2.540000 0.000000 2.540000 5.080000 7.620000 13.926170 14.259490 15.021023 16.150307 17.576600 
28.617671 30.336390 26.234552 28.099415 12.700000 10.776307 9.158100 8.032185 7.620000 8.032185 9.158100 10.160000 7.620000 5.080000 2.540000 0.000000 2.540000 5.080000 16.464310 16.747190 17.400185 18.383898 19.648719 
30.583057 32.197031 24.523540 26.509044 14.810618 12.700000 10.776307 9.158100 8.032185 7.620000 8.032185 12.700000 10.160000 7.620000 5.080000 2.540000 0.000000 2.540000 19.002947 19.248554 19.819307 20.688310 21.819960 
32.627885 34.145341 22.966486 25.075584 17.038838 14.810618 12.700000 10.776307 9.158100 8.032185 7.620000 15.240000 12.700000 10.160000 7.620000 5.080000 2.540000 0.000000 21.541905 21.758873 22.265368 23.042306 24.063506 
19.995400 21.325824 39.817403 40.501856 10.336621 12.052860 14.021423 16.150307 18.383898 20.688310 23.042306 6.320722 8.853091 11.388859 13.926170 16.464310 19.002947 21.541905 0.000000 2.540000 5.080000 7.620000 10.160000 
22.458333 18.871975 41.109443 39.265265 12.447900 13.905966 15.643043 17.576600 19.648719 21.819960 24.063506 7.024699 9.368676 11.794108 14.259490 16.747190 19.248554 21.758873 2.540000 0.000000 2.540000 5.080000 7.620000 
24.936732 16.444311 42.514118 38.157895 14.695505 15.949406 17.484635 19.233942 21.144262 23.175813 25.299407 8.464306 10.491433 12.704292 15.021023 17.400185 19.819307 22.265368 5.080000 2.540000 0.000000 2.540000 5.080000 
27.426406 14.056403 44.020646 37.191290 17.025532 18.118897 19.483925 21.067876 22.825221 24.719005 26.720233 10.336621 12.052860 14.021423 16.150307 18.383898 20.688310 23.042306 7.620000 5.080000 2.540000 0.000000 2.540000 
29.924539 11.732552 45.618939 36.376673 19.408318 20.374212 21.597162 23.036264 24.653697 26.416723 28.298144 12.447900 13.905966 15.643043 17.576600 19.648719 21.819960 24.063506 10.160000 7.620000 5.080000 2.540000 0.000000 
