28
# Circuit board instance
Size: medium
Nodes: 28
0.000000 90.000000 90.000000 127.279221 85.118283 87.295744 89.492317 91.706630 93.937428 54.093355 56.623495 59.154481 61.686207 64.218587 66.751546 69.285021 55.302794 57.779998 60.262431 62.749471 65.240593 67.735345 70.233340 81.502904 83.916113 86.336597 88.763759 91.197068 
90.000000 0.000000 127.279221 90.000000 47.657829 46.792023 46.050205 45.438449 44.962062 100.743228 102.124077 103.548827 105.015690 106.522927 108.068848 109.651817 94.392298 95.864671 97.381043 98.939391 100.537764 102.174282 103.847143 28.753652 27.726579 26.900874 26.295514 25.925939 
90.000000 127.279221 0.000000 90.000000 85.770688 87.931995 90.113061 92.312485 94.528986 36.453449 33.937930 31.426350 28.919735 26.419497 23.927637 21.447074 38.225148 35.834217 33.465258 31.123288 28.814889 26.548820 24.336906 100.490362 102.457326 104.449018 106.464053 108.501128 
127.279221 90.000000 90.000000 0.000000 48.813496 47.968555 47.245214 46.649131 46.185234 92.476813 91.514425 90.613037 89.774484 89.000544 88.292915 87.653203 85.514144 84.472469 83.495092 82.584296 81.742307 80.971271 80.273233 65.439759 64.995020 64.647092 64.397543 64.247520 
85.118283 47.657829 85.770688 48.813496 0.000000 2.540000 5.080000 7.620000 10.160000 68.422613 68.820997 69.310233 69.888414 70.553354 71.302624 72.133597 60.885486 61.332846 61.881313 62.528225 63.270563 64.105012 65.028026 19.158322 19.931351 20.985219 22.280109 23.776676 
87.295744 46.792023 87.931995 47.968555 2.540000 0.000000 2.540000 5.080000 7.620000 70.938924 71.323254 71.795441 72.353766 72.996251 73.720696 74.524712 63.395660 63.825429 64.352655 64.974966 65.689660 66.493758 67.384060 18.700990 19.158322 19.931351 20.985219 22.280109 
89.492317 46.050205 90.113061 47.245214 5.080000 2.540000 0.000000 2.540000 5.080000 73.456865 73.828088 74.284356 74.824111 75.445562 76.146709 76.925372 65.908120 66.321609 66.829146 67.428605 68.117560 68.893326 69.753008 18.582679 18.700990 19.158322 19.931351 20.985219 
91.706630 45.438449 92.312485 46.649131 7.620000 5.080000 2.540000 0.000000 2.540000 75.976275 76.335247 76.776616 77.298971 77.900681 78.579925 79.334710 68.422613 68.820997 69.310233 69.888414 70.553354 71.302624 72.133597 18.809787 18.582679 18.700990 19.158322 19.931351 
93.937428 44.962062 94.528986 46.185234 10.160000 7.620000 5.080000 2.540000 0.000000 78.497012 78.844508 79.271908 79.777925 80.361077 81.019696 81.751958 70.938924 71.323254 71.795441 72.353766 72.996251 73.720696 74.524712 19.370169 18.809787 18.582679 18.700990 19.158322 
54.093355 100.743228 36.453449 92.476813 68.422613 70.938924 73.456865 75.976275 78.497012 0.000000 2.540000 5.080000 7.620000 10.160000 12.700000 15.240000 7.620000 8.032185 9.158100 10.776307 12.700000 14.810618 17.038838 77.688061 80.061711 82.445276 84.837920 87.238897 
56.623495 102.124077 33.937930 91.514425 68.820997 71.323254 73.828088 76.335247 78.844508 2.540000 0.000000 2.540000 5.080000 7.620000 10.160000 12.700000 8.032185 7.620000 8.032185 9.158100 10.776307 12.700000 14.810618 78.641518 80.987228 83.344329 85.711880 88.089039 
59.154481 103.548827 31.426350 90.613037 69.310233 71.795441 74.284356 76.776616 79.271908 5.080000 2.540000 0.000000 2.540000 5.080000 7.620000 10.160000 9.158100 8.032185 7.620000 8.032185 9.158100 10.776307 12.700000 79.664579 81.981022 84.310343 86.651504 89.003570 
61.686207 105.015690 28.919735 89.774484 69.888414 72.353766 74.824111 77.298971 79.777925 7.620000 5.080000 2.540000 0.000000 2.540000 5.080000 7.620000 10.776307 9.158100 8.032185 7.620000 8.032185 9.158100 10.776307 80.754598 83.040640 85.341045 87.654681 89.980529 
64.218587 106.522927 26.419497 89.000544 70.553354 72.996251 75.445562 77.900681 80.361077 10.160000 7.620000 5.080000 2.540000 0.000000 2.540000 5.080000 12.700000 10.776307 9.158100 8.032185 7.620000 8.032185 9.158100 81.908903 84.163598 86.434120 88.719256 91.017903 
66.751546 108.068848 23.927637 88.292915 71.302624 73.720696 76.146709 78.579925 81.019696 12.700000 10.160000 7.620000 5.080000 2.540000 0.000000 2.540000 14.810618 12.700000 10.776307 9.158100 8.032185 7.620000 8.032185 83.124814 85.347393 87.587234 89.843045 92.113653 
69.285021 109.651817 21.447074 87.653203 72.133597 74.524712 76.925372 79.334710 81.751958 15.240000 12.700000 10.160000 7.620000 5.080000 2.540000 0.000000 17.038838 14.810618 12.700000 10.776307 9.158100 8.032185 7.620000 84.399670 86.589533 88.798047 91.023856 93.265721 
55.302794 94.392298 38.225148 85.514144 60.885486 63.395660 65.908120 68.422613 70.938924 7.620000 8.032185 9.158100 10.776307 12.700000 14.810618 17.038838 0.000000 2.540000 5.080000 7.620000 10.160000 12.700000 15.240000 70.636574 72.974371 75.325263 77.688061 80.061711 
57.779998 95.864671 35.834217 84.472469 61.332846 63.825429 66.321609 68.820997 71.323254 8.032185 7.620000 8.032185 9.158100 10.776307 12.700000 14.810618 2.540000 0.000000 2.540000 5.080000 7.620000 10.160000 12.700000 71.683884 73.988596 76.308248 78.641518 80.987228 
60.262431 97.381043 33.465258 83.495092 61.881313 64.352655 66.829146 69.310233 71.795441 9.158100 8.032185 7.620000 8.032185 9.158100 10.776307 12.700000 5.080000 2.540000 0.000000 2.540000 5.080000 7.620000 10.160000 72.804780 75.075090 77.362172 79.664579 81.981022 
62.749471 98.939391 31.123288 82.584296 62.528225 64.974966 67.428605 69.888414 72.353766 10.776307 9.158100 8.032185 7.620000 8.032185 9.158100 10.776307 7.620000 5.080000 2.540000 0.000000 2.540000 5.080000 7.620000 73.995919 76.230763 78.484174 80.754598 83.040640 
65.240593 100.537764 28.814889 81.742307 63.270563 65.689660 68.117560 70.553354 72.996251 12.700000 10.776307 9.158100 8.032185 7.620000 8.032185 9.158100 10.160000 7.620000 5.080000 2.540000 0.000000 2.540000 5.080000 75.253965 77.452517 79.671380 81.908903 84.163598 
67.735345 102.174282 26.548820 80.971271 64.105012 66.493758 68.893326 71.302624 73.720696 14.810618 12.700000 10.776307 9.158100 8.032185 7.620000 8.032185 12.700000 10.160000 7.620000 5.080000 2.540000 0.000000 2.540000 76.575620 78.737277 80.920919 83.124814 85.347393 
70.233340 103.847143 24.336906 80.273233 65.028026 67.384060 69.753008 72.133597 74.524712 17.038838 14.810618 12.700000 10.776307 9.158100 8.032185 7.620000 15.240000 12.700000 10.160000 7.620000 5.080000 2.540000 0.000000 77.957650 80.082010 82.229951 84.399670 86.589533 
81.502904 28.753652 100.490362 65.439759 19.158322 18.700990 18.582679 18.809787 19.370169 77.688061 78.641518 79.664579 80.754598 81.908903 83.124814 84.399670 70.636574 71.683884 72.804780 73.995919 75.253965 76.575620 77.957650 0.000000 2.540000 5.080000 7.620000 10.160000 
83.916113 27.726579 102.457326 64.995020 19.931351 19.158322 18.700990 18.582679 18.809787 80.061711 80.987228 81.981022 83.040640 84.163598 85.347393 86.589533 72.974371 73.988596 75.075090 76.230763 77.452517 78.737277 80.082010 2.540000 0.000000 2.540000 5.080000 7.620000 
86.336597 26.900874 104.449018 64.647092 20.985219 19.931351 19.158322 18.700990 18.582679 82.445276 83.344329 84.310343 85.341045 86.434120 87.587234 88.798047 75.325263 76.308248 77.362172 78.484174 79.671380 80.920919 82.229951 5.080000 2.540000 0.000000 2.540000 5.080000 
88.763759 26.295514 106.464053 64.397543 22.280109 20.985219 19.931351 19.158322 18.700990 84.837920 85.711880 86.651504 87.654681 88.719256 89.843045 91.023856 77.688061 78.641518 79.664579 80.754598 81.908903 83.124814 84.399670 7.620000 5.080000 2.540000 0.000000 2.540000 
91.197068 25.925939 108.501128 64.247520 23.776676 22.280109 20.985219 19.931351 19.158322 87.238897 88.089039 89.003570 89.980529 91.017903 92.113653 93.265721 80.061711 80.987228 81.981022 83.040640 84.163598 85.347393 86.589533 10.160000 7.620000 5.080000 2.540000 0.000000 
