34
# Circuit board instance
Size: medium
Nodes: 34
0.000000 90.000000 90.000000 127.279221 43.828013 44.209015 44.622921 45.068824 48.716372 49.059425 49.432735 49.835621 15.612610 17.312642 19.199082 21.222279 23.346706 25.547123 27.805493 22.083279 23.316200 24.749189 26.349625 28.088901 29.942831 31.891427 79.699965 80.795796 81.896659 83.002353 82.401310 83.461681 84.527831 85.599545 
90.000000 0.000000 127.279221 90.000000 49.631719 49.968488 50.335056 50.730777 44.735867 45.109201 45.514922 45.952171 78.413242 78.769350 79.205351 79.719935 80.311591 80.978629 81.719205 70.858692 71.252566 71.734269 72.302045 72.953885 73.687557 74.500645 84.565740 85.599303 86.639153 87.685065 81.699791 82.769150 83.844107 84.924450 
90.000000 127.279221 0.000000 90.000000 88.080548 86.966230 85.856236 84.750735 90.612213 89.529411 88.451588 87.378930 81.172801 78.662555 76.154283 73.648185 71.144492 68.643467 66.145412 82.661607 80.197975 77.739259 75.285940 72.838564 70.397750 67.964205 45.855327 45.276785 44.726831 44.206530 50.404390 49.878641 49.379964 48.909189 
127.279221 90.000000 90.000000 0.000000 91.107605 90.030761 88.959014 87.892548 88.535789 87.427274 86.323208 85.223765 111.776145 109.966725 108.186680 106.437485 104.720684 103.037898 101.390820 106.612496 104.713887 102.842965 101.001266 99.190420 97.412146 95.668261 53.870132 53.378529 52.912848 52.473778 49.249189 48.710973 48.200217 47.717804 
43.828013 49.631719 88.080548 91.107605 0.000000 1.270000 2.540000 3.810000 5.080000 5.236344 5.679613 6.350000 29.924871 29.792836 29.876940 30.175373 30.681883 31.386398 32.275954 22.350387 22.173296 22.286172 22.684688 23.354227 24.272370 25.412185 56.055176 57.324774 58.594389 59.864020 56.155948 57.423317 58.690800 59.958390 
44.209015 49.968488 86.966230 90.030761 1.270000 0.000000 1.270000 2.540000 5.236344 5.080000 5.236344 5.679613 30.071232 29.831906 29.807875 29.999657 30.403169 31.010145 31.808941 22.545973 22.225763 22.193498 22.450420 22.986835 23.783839 24.816338 54.785597 56.055176 57.324774 58.594389 54.888700 56.155948 57.423317 58.690800 
44.622921 50.335056 85.856236 88.959014 2.540000 1.270000 0.000000 1.270000 5.679613 5.236344 5.080000 5.236344 30.270214 29.924871 29.792836 29.876940 30.175373 30.681883 31.386398 22.810695 22.350387 22.173296 22.286172 22.684688 23.354227 24.272370 53.516038 54.785597 56.055176 57.324774 53.621582 54.888700 56.155948 57.423317 
45.068824 50.730777 84.750735 87.892548 3.810000 2.540000 1.270000 0.000000 6.350000 5.679613 5.236344 5.080000 30.520789 30.071232 29.831906 29.807875 29.999657 30.403169 31.010145 23.142180 22.545973 22.225763 22.193498 22.450420 22.986835 23.783839 52.246501 53.516038 54.785597 56.055176 52.354604 53.621582 54.888700 56.155948 
48.716372 44.735867 90.612213 88.535789 5.080000 5.236344 5.679613 6.350000 0.000000 1.270000 2.540000 3.810000 34.985510 34.872642 34.944521 35.200017 35.635180 36.243538 37.016554 27.397238 27.252961 27.344877 27.670633 28.222132 28.986493 29.947421 56.413544 57.675253 58.937318 60.199718 56.055176 57.324774 58.594389 59.864020 
49.059425 45.109201 89.529411 87.427274 5.236344 5.080000 5.236344 5.679613 1.270000 0.000000 1.270000 2.540000 35.110782 34.906026 34.885491 35.049501 35.395490 35.918201 36.610064 27.557027 27.295666 27.269400 27.478905 27.918872 28.578661 29.443496 55.152215 56.413544 57.675253 58.937318 54.785597 56.055176 57.324774 58.594389 
49.432735 45.514922 88.451588 86.323208 5.679613 5.236344 5.080000 5.236344 2.540000 1.270000 0.000000 1.270000 35.281354 34.985510 34.872642 34.944521 35.200017 35.635180 36.243538 27.774028 27.397238 27.252961 27.344877 27.670633 28.222132 28.986493 53.891293 55.152215 56.413544 57.675253 53.516038 54.785597 56.055176 57.324774 
49.835621 45.952171 87.378930 85.223765 6.350000 5.679613 5.236344 5.080000 3.810000 2.540000 1.270000 0.000000 35.496572 35.110782 34.906026 34.885491 35.049501 35.395490 35.918201 28.046913 27.557027 27.295666 27.269400 27.478905 27.918872 28.578661 52.630808 53.891293 55.152215 56.413544 52.246501 53.516038 54.785597 56.055176 
15.612610 78.413242 81.172801 111.776145 29.924871 30.071232 30.270214 30.520789 34.985510 35.110782 35.281354 35.496572 0.000000 2.540000 5.080000 7.620000 10.160000 12.700000 15.240000 7.620000 8.032185 9.158100 10.776307 12.700000 14.810618 17.038838 65.337124 66.483494 67.634280 68.789261 67.697335 68.804391 69.916987 71.034863 
17.312642 78.769350 78.662555 109.966725 29.792836 29.831906 29.924871 30.071232 34.872642 34.906026 34.985510 35.110782 2.540000 0.000000 2.540000 5.080000 7.620000 10.160000 12.700000 8.032185 7.620000 8.032185 9.158100 10.776307 12.700000 14.810618 63.058600 64.195409 65.337124 66.483494 65.500965 66.596095 67.697335 68.804391 
19.199082 79.205351 76.154283 108.186680 29.876940 29.807875 29.792836 29.831906 34.944521 34.885491 34.872642 34.906026 5.080000 2.540000 0.000000 2.540000 5.080000 7.620000 10.160000 9.158100 8.032185 7.620000 8.032185 9.158100 10.776307 12.700000 60.800801 61.926968 63.058600 64.195409 63.330299 64.412256 65.500965 66.596095 
21.222279 79.719935 73.648185 106.437485 30.175373 29.999657 29.876940 29.807875 35.200017 35.049501 34.944521 34.885491 7.620000 5.080000 2.540000 0.000000 2.540000 5.080000 7.620000 10.776307 9.158100 8.032185 7.620000 8.032185 9.158100 10.776307 58.566126 59.680410 60.800801 61.926968 61.188074 62.255447 63.330299 64.412256 
23.346706 80.311591 71.144492 104.720684 30.681883 30.403169 30.175373 29.999657 35.635180 35.395490 35.200017 35.049501 10.160000 7.620000 5.080000 2.540000 0.000000 2.540000 5.080000 12.700000 10.776307 9.158100 8.032185 7.620000 8.032185 9.158100 56.357323 57.458303 58.566126 59.680410 59.077383 60.128578 61.188074 62.255447 
25.547123 80.978629 68.643467 103.037898 31.386398 31.010145 30.681883 30.403169 36.243538 35.918201 35.635180 35.395490 12.700000 10.160000 7.620000 5.080000 2.540000 0.000000 2.540000 14.810618 12.700000 10.776307 9.158100 8.032185 7.620000 8.032185 54.177559 55.263596 56.357323 57.458303 57.001730 58.034941 59.077383 60.128578 
27.805493 81.719205 66.145412 101.390820 32.275954 31.808941 31.386398 31.010145 37.016554 36.610064 36.243538 35.918201 15.240000 12.700000 10.160000 7.620000 5.080000 2.540000 0.000000 17.038838 14.810618 12.700000 10.776307 9.158100 8.032185 7.620000 52.030483 53.099686 54.177559 55.263596 54.965084 55.978263 57.001730 58.034941 
22.083279 70.858692 82.661607 106.612496 22.350387 22.545973 22.810695 23.142180 27.397238 27.557027 27.774028 28.046913 7.620000 8.032185 9.158100 10.776307 12.700000 14.810618 17.038838 0.000000 2.540000 5.080000 7.620000 10.160000 12.700000 15.240000 62.407771 63.606957 64.808841 66.013275 64.275189 65.440164 66.608978 67.781433 
23.316200 71.252566 80.197975 104.713887 22.173296 22.225763 22.350387 22.545973 27.252961 27.295666 27.397238 27.557027 8.032185 7.620000 8.032185 9.158100 10.776307 12.700000 14.810618 2.540000 0.000000 2.540000 5.080000 7.620000 10.160000 12.700000 60.018139 61.211441 62.407771 63.606957 61.957624 63.114267 64.275189 65.440164 
24.749189 71.734269 77.739259 102.842965 22.286172 22.193498 22.173296 22.225763 27.344877 27.269400 27.252961 27.295666 9.158100 8.032185 7.620000 8.032185 9.158100 10.776307 12.700000 5.080000 2.540000 0.000000 2.540000 5.080000 7.620000 10.160000 57.641370 58.828049 60.018139 61.211441 59.658173 60.805505 61.957624 63.114267 
26.349625 72.302045 75.285940 101.001266 22.684688 22.450420 22.286172 22.193498 27.670633 27.478905 27.344877 27.269400 10.776307 9.158100 8.032185 7.620000 8.032185 9.158100 10.776307 7.620000 5.080000 2.540000 0.000000 2.540000 5.080000 7.620000 55.279120 56.458315 57.641370 58.828049 57.379014 58.515908 59.658173 60.805505 
28.088901 72.953885 72.838564 99.190420 23.354227 22.986835 22.684688 22.450420 28.222132 27.918872 27.670633 27.478905 12.700000 10.776307 9.158100 8.032185 7.620000 8.032185 9.158100 10.160000 7.620000 5.080000 2.540000 0.000000 2.540000 5.080000 52.933335 54.104035 55.279120 56.458315 55.122664 56.247815 57.379014 58.515908 
29.942831 73.687557 70.397750 97.412146 24.272370 23.783839 23.354227 22.986835 28.986493 28.578661 28.222132 27.918872 14.810618 12.700000 10.776307 9.158100 8.032185 7.620000 8.032185 12.700000 10.160000 7.620000 5.080000 2.540000 0.000000 2.540000 50.606303 51.767316 52.933335 54.104035 52.892042 54.003936 55.122664 56.247815 
31.891427 74.500645 67.964205 95.668261 25.412185 24.816338 24.272370 23.783839 29.947421 29.443496 28.986493 28.578661 17.038838 14.810618 12.700000 10.776307 9.158100 8.032185 7.620000 15.240000 12.700000 10.160000 7.620000 5.080000 2.540000 0.000000 48.300737 49.450649 50.606303 51.767316 50.690544 51.787419 52.892042 54.003936 
79.699965 84.565740 45.855327 53.870132 56.055176 54.785597 53.516038 52.246501 56.413544 55.152215 53.891293 52.630808 65.337124 63.058600 60.800801 58.566126 56.357323 54.177559 52.030483 62.407771 60.018139 57.641370 55.279120 52.933335 50.606303 48.300737 0.000000 1.270000 2.540000 3.810000 5.080000 5.236344 5.679613 6.350000 
80.795796 85.599303 45.276785 53.378529 57.324774 56.055176 54.785597 53.516038 57.675253 56.413544 55.152215 53.891293 66.483494 64.195409 61.926968 59.680410 57.458303 55.263596 53.099686 63.606957 61.211441 58.828049 56.458315 54.104035 51.767316 49.450649 1.270000 0.000000 1.270000 2.540000 5.236344 5.080000 5.236344 5.679613 
81.896659 86.639153 44.726831 52.912848 58.594389 57.324774 56.055176 54.785597 58.937318 57.675253 56.413544 55.152215 67.634280 65.337124 63.058600 60.800801 58.566126 56.357323 54.177559 64.808841 62.407771 60.018139 57.641370 55.279120 52.933335 50.606303 2.540000 1.270000 0.000000 1.270000 5.679613 5.236344 5.080000 5.236344 
83.002353 87.685065 44.206530 52.473778 59.864020 58.594389 57.324774 56.055176 60.199718 58.937318 57.675253 56.413544 68.789261 66.483494 64.195409 61.926968 59.680410 57.458303 55.263596 66.013275 63.606957 61.211441 58.828049 56.458315 54.104035 51.767316 3.810000 2.540000 1.270000 0.000000 6.350000 5.679613 5.236344 5.080000 
82.401310 81.699791 50.404390 49.249189 56.155948 54.888700 53.621582 52.354604 56.055176 54.785597 53.516038 52.246501 67.697335 65.500965 63.330299 61.188074 59.077383 57.001730 54.965084 64.275189 61.957624 59.658173 57.379014 55.122664 52.892042 50.690544 5.080000 5.236344 5.679613 6.350000 0.000000 1.270000 2.540000 3.810000 
83.461681 82.769150 49.878641 48.710973 57.423317 56.155948 54.888700 53.621582 57.324774 56.055176 54.785597 53.516038 68.804391 66.596095 64.412256 62.255447 60.128578 58.034941 55.978263 65.440164 63.114267 60.805505 58.515908 56.247815 54.003936 51.787419 5.236344 5.080000 5.236344 5.679613 1.270000 0.000000 1.270000 2.540000 
84.527831 83.844107 49.379964 48.200217 58.690800 57.423317 56.155948 54.888700 58.594389 57.324774 56.055176 54.785597 69.916987 67.697335 65.500965 63.330299 61.188074 59.077383 57.001730 66.608978 64.275189 61.957624 59.658173 57.379014 55.122664 52.892042 5.679613 5.236344 5.080000 5.236344 2.540000 1.270000 0.000000 1.270000 
85.599545 84.924450 48.909189 47.717804 59.958390 58.690800 57.423317 56.155948 59.864020 58.594389 57.324774 56.055176 71.034863 68.804391 66.596095 64.412256 62.255447 60.128578 58.034941 67.781433 65.440164 63.114267 60.805505 58.515908 56.247815 54.003936 6.350000 5.679613 5.236344 5.080000 3.810000 2.540000 1.270000 0.000000 
