34
# Circuit board instance
Size: medium
Nodes: 34
0.000000 90.000000 90.000000 127.279221 79.994415 80.718640 81.456228 82.206819 84.235122 84.923191 85.624567 86.338929 87.235662 88.932513 90.668772 92.442219 94.250754 96.092396 97.965278 93.096307 94.688191 96.320755 97.991966 99.699881 101.442645 103.218493 80.560540 81.033784 81.524066 82.031082 85.308620 85.755665 86.219101 86.698664 
90.000000 0.000000 127.279221 90.000000 51.162832 52.287932 53.419529 54.557219 48.986578 50.160515 51.339025 52.521800 62.555925 64.901271 67.260756 69.632944 72.016579 74.410561 76.813923 59.987543 62.429452 64.878894 67.335046 69.797201 72.264744 74.737142 33.081188 34.217517 35.362942 36.516609 31.105065 32.310966 33.521601 34.736476 
90.000000 127.279221 0.000000 90.000000 79.781718 79.075376 78.383246 77.705710 84.033160 83.362848 82.706606 82.064772 73.120528 72.030152 71.013922 70.075065 69.216728 68.441942 67.753573 80.021704 79.026605 78.101464 77.248795 76.471021 75.770449 75.149239 96.358310 95.565670 94.783419 94.011816 100.361765 99.600991 98.850678 98.111068 
127.279221 90.000000 90.000000 0.000000 50.829632 49.713619 48.605167 47.504803 48.638472 47.470974 46.308872 45.152582 40.617664 38.620277 36.690056 34.838165 33.077765 31.424234 29.895311 36.538421 34.304335 32.115755 29.982650 27.917738 25.937310 24.062236 62.364158 61.132329 59.902094 58.673554 61.338799 60.085952 58.833842 57.582514 
79.994415 51.162832 79.781718 50.829632 0.000000 1.270000 2.540000 3.810000 5.080000 5.236344 5.679613 6.350000 12.394844 14.933326 17.472249 20.011446 22.550823 25.090327 27.629921 14.301370 16.549962 18.872639 21.245116 23.652413 26.084890 28.536110 18.094609 17.003198 15.938270 14.905500 21.079182 20.150081 19.259944 18.414422 
80.718640 52.287932 79.075376 49.713619 1.270000 0.000000 1.270000 2.540000 5.236344 5.080000 5.236344 5.679613 11.125863 13.664014 16.202745 18.741820 21.281116 23.820562 26.360114 13.216726 15.414354 17.703841 20.053749 22.445109 24.865964 27.308472 19.207988 18.094609 17.003198 15.938270 22.042319 21.079182 20.150081 19.259944 
81.456228 53.419529 78.383246 48.605167 2.540000 1.270000 0.000000 1.270000 5.679613 5.236344 5.080000 5.236344 9.857144 12.394844 14.933326 17.472249 20.011446 22.550823 25.090327 12.168004 14.301370 16.549962 18.872639 21.245116 23.652413 26.084890 20.339728 19.207988 18.094609 17.003198 23.035224 22.042319 21.079182 20.150081 
82.206819 54.557219 77.705710 47.504803 3.810000 2.540000 1.270000 0.000000 6.350000 5.679613 5.236344 5.080000 8.588804 11.125863 13.664014 16.202745 18.741820 21.281116 23.820562 11.165329 13.216726 15.414354 17.703841 20.053749 22.445109 24.865964 21.486927 20.339728 19.207988 18.094609 24.054211 23.035224 22.042319 21.079182 
84.235122 48.986578 84.033160 48.638472 5.080000 5.236344 5.679613 6.350000 0.000000 1.270000 2.540000 3.810000 13.572649 15.924474 18.326597 20.761566 23.219050 25.692589 28.177956 12.557652 15.068732 17.588120 20.112693 22.640718 25.171153 27.703340 16.189832 14.960098 13.737693 12.524763 18.094609 17.003198 15.938270 14.905500 
84.923191 50.160515 83.362848 47.470974 5.236344 5.080000 5.236344 5.679613 1.270000 0.000000 1.270000 2.540000 12.424551 14.740758 17.120561 19.540739 21.987964 24.454116 26.933998 11.306958 13.811870 16.327628 18.849888 21.376351 23.905682 26.437059 17.425343 16.189832 14.960098 13.737693 19.207988 18.094609 17.003198 15.938270 
85.624567 51.339025 82.706606 46.308872 5.679613 5.236344 5.080000 5.236344 2.540000 1.270000 0.000000 1.270000 11.302564 13.572649 15.924474 18.326597 20.761566 23.219050 25.692589 10.061102 12.557652 15.068732 17.588120 20.112693 22.640718 25.171153 18.665484 17.425343 16.189832 14.960098 20.339728 19.207988 18.094609 17.003198 
86.338929 52.521800 82.064772 45.152582 6.350000 5.679613 5.236344 5.080000 3.810000 2.540000 1.270000 0.000000 10.215293 12.424551 14.740758 17.120561 19.540739 21.987964 24.454116 8.822133 11.306958 13.811870 16.327628 18.849888 21.376351 23.905682 19.909390 18.665484 17.425343 16.189832 21.486927 20.339728 19.207988 18.094609 
87.235662 62.555925 73.120528 40.617664 12.394844 11.125863 9.857144 8.588804 13.572649 12.424551 11.302564 10.215293 0.000000 2.540000 5.080000 7.620000 10.160000 12.700000 15.240000 7.620000 8.032185 9.158100 10.776307 12.700000 14.810618 17.038838 29.644559 28.443514 27.248724 26.061047 31.630604 30.507848 29.397079 28.299708 
88.932513 64.901271 72.030152 38.620277 14.933326 13.664014 12.394844 11.125863 15.924474 14.740758 13.572649 12.424551 2.540000 0.000000 2.540000 5.080000 7.620000 10.160000 12.700000 8.032185 7.620000 8.032185 9.158100 10.776307 12.700000 14.810618 32.062594 30.851127 29.644559 28.443514 33.907304 32.764116 31.630604 30.507848 
90.668772 67.260756 71.013922 36.690056 17.472249 16.202745 14.933326 13.664014 18.326597 17.120561 15.924474 14.740758 5.080000 2.540000 0.000000 2.540000 5.080000 7.620000 10.160000 9.158100 8.032185 7.620000 8.032185 9.158100 10.776307 12.700000 34.498163 33.278427 32.062594 30.851127 36.219036 35.059221 33.907304 32.764116 
92.442219 69.632944 70.075065 34.838165 20.011446 18.741820 17.472249 16.202745 20.761566 19.540739 18.326597 17.120561 7.620000 5.080000 2.540000 0.000000 2.540000 5.080000 7.620000 10.776307 9.158100 8.032185 7.620000 8.032185 9.158100 10.776307 36.947798 35.721403 34.498163 33.278427 38.559500 37.386012 36.219036 35.059221 
94.250754 72.016579 69.216728 33.077765 22.550823 21.281116 20.011446 18.741820 23.219050 21.987964 20.761566 19.540739 10.160000 7.620000 5.080000 2.540000 0.000000 2.540000 5.080000 12.700000 10.776307 9.158100 8.032185 7.620000 8.032185 9.158100 39.408876 38.177045 36.947798 35.721403 40.923768 39.738923 38.559500 37.386012 
96.092396 74.410561 68.441942 31.424234 25.090327 23.820562 22.550823 21.281116 25.692589 24.454116 23.219050 21.987964 12.700000 10.160000 7.620000 5.080000 2.540000 0.000000 2.540000 14.810618 12.700000 10.776307 9.158100 8.032185 7.620000 8.032185 41.879379 40.643056 39.408876 38.177045 43.307940 42.113576 40.923768 39.738923 
97.965278 76.813923 67.753573 29.895311 27.629921 26.360114 25.090327 23.820562 28.177956 26.933998 25.692589 24.454116 15.240000 12.700000 10.160000 7.620000 5.080000 2.540000 0.000000 17.038838 14.810618 12.700000 10.776307 9.158100 8.032185 7.620000 44.357733 43.117659 41.879379 40.643056 45.708903 44.506492 43.307940 42.113576 
93.096307 59.987543 80.021704 36.538421 14.301370 13.216726 12.168004 11.165329 12.557652 11.306958 10.061102 8.822133 7.620000 8.032185 9.158100 10.776307 12.700000 14.810618 17.038838 0.000000 2.540000 5.080000 7.620000 10.160000 12.700000 15.240000 28.160805 26.893579 25.626627 24.359993 28.936258 27.704524 26.476407 25.252433 
94.688191 62.429452 79.026605 34.304335 16.549962 15.414354 14.301370 13.216726 15.068732 13.811870 12.557652 11.306958 8.032185 7.620000 8.032185 9.158100 10.776307 12.700000 14.810618 2.540000 0.000000 2.540000 5.080000 7.620000 10.160000 12.700000 30.695945 29.428270 28.160805 26.893579 31.408870 30.171165 28.936258 27.704524 
96.320755 64.878894 78.101464 32.115755 18.872639 17.703841 16.549962 15.414354 17.588120 16.327628 15.068732 13.811870 9.158100 8.032185 7.620000 8.032185 9.158100 10.776307 12.700000 5.080000 2.540000 0.000000 2.540000 5.080000 7.620000 10.160000 33.231827 31.963805 30.695945 29.428270 33.891451 32.649056 31.408870 30.171165 
97.991966 67.335046 77.248795 29.982650 21.245116 20.053749 18.872639 17.703841 20.112693 18.849888 17.588120 16.327628 10.776307 9.158100 8.032185 7.620000 8.032185 9.158100 10.776307 7.620000 5.080000 2.540000 0.000000 2.540000 5.080000 7.620000 35.768294 34.499996 33.231827 31.963805 36.381959 35.135819 33.891451 32.649056 
99.699881 69.797201 76.471021 27.917738 23.652413 22.445109 21.245116 20.053749 22.640718 21.376351 20.112693 18.849888 12.700000 10.776307 9.158100 8.032185 7.620000 8.032185 9.158100 10.160000 7.620000 5.080000 2.540000 0.000000 2.540000 5.080000 38.305229 37.036709 35.768294 34.499996 38.878872 37.629694 36.381959 35.135819 
101.442645 72.264744 75.770449 25.937310 26.084890 24.865964 23.652413 22.445109 25.171153 23.905682 22.640718 21.376351 14.810618 12.700000 10.776307 9.158100 8.032185 7.620000 8.032185 12.700000 10.160000 7.620000 5.080000 2.540000 0.000000 2.540000 40.842545 39.573844 38.305229 37.036709 41.381029 40.129356 38.878872 37.629694 
103.218493 74.737142 75.149239 24.062236 28.536110 27.308472 26.084890 24.865964 27.703340 26.437059 25.171153 23.905682 17.038838 14.810618 12.700000 10.776307 9.158100 8.032185 7.620000 15.240000 12.700000 10.160000 7.620000 5.080000 2.540000 0.000000 43.380175 42.111324 40.842545 39.573844 43.887534 42.633786 41.381029 40.129356 
80.560540 33.081188 96.358310 62.364158 18.094609 19.207988 20.339728 21.486927 16.189832 17.425343 18.665484 19.909390 29.644559 32.062594 34.498163 36.947798 39.408876 41.879379 44.357733 28.160805 30.695945 33.231827 35.768294 38.305229 40.842545 43.380175 0.000000 1.270000 2.540000 3.810000 5.080000 5.236344 5.679613 6.350000 
81.033784 34.217517 95.565670 61.132329 17.003198 18.094609 19.207988 20.339728 14.960098 16.189832 17.425343 18.665484 28.443514 30.851127 33.278427 35.721403 38.177045 40.643056 43.117659 26.893579 29.428270 31.963805 34.499996 37.036709 39.573844 42.111324 1.270000 0.000000 1.270000 2.540000 5.236344 5.080000 5.236344 5.679613 
81.524066 35.362942 94.783419 59.902094 15.938270 17.003198 18.094609 19.207988 13.737693 14.960098 16.189832 17.425343 27.248724 29.644559 32.062594 34.498163 36.947798 39.408876 41.879379 25.626627 28.160805 30.695945 33.231827 35.768294 38.305229 40.842545 2.540000 1.270000 0.000000 1.270000 5.679613 5.236344 5.080000 5.236344 
82.031082 36.516609 94.011816 58.673554 14.905500 15.938270 17.003198 18.094609 12.524763 13.737693 14.960098 16.189832 26.061047 28.443514 30.851127 33.278427 35.721403 38.177045 40.643056 24.359993 26.893579 29.428270 31.963805 34.499996 37.036709 39.573844 3.810000 2.540000 1.270000 0.000000 6.350000 5.679613 5.236344 5.080000 
85.308620 31.105065 100.361765 61.338799 21.079182 22.042319 23.035224 24.054211 18.094609 19.207988 20.339728 21.486927 31.630604 33.907304 36.219036 38.559500 40.923768 43.307940 45.708903 28.936258 31.408870 33.891451 36.381959 38.878872 41.381029 43.887534 5.080000 5.236344 5.679613 6.350000 0.000000 1.270000 2.540000 3.810000 
85.755665 32.310966 99.600991 60.085952 20.150081 21.079182 22.042319 23.035224 17.003198 18.094609 19.207988 20.339728 30.507848 32.764116 35.059221 37.386012 39.738923 42.113576 44.506492 27.704524 30.171165 32.649056 35.135819 37.629694 40.129356 42.633786 5.236344 5.080000 5.236344 5.679613 1.270000 0.000000 1.270000 2.540000 
86.219101 33.521601 98.850678 58.833842 19.259944 20.150081 21.079182 22.042319 15.938270 17.003198 18.094609 19.207988 29.397079 31.630604 33.907304 36.219036 38.559500 40.923768 43.307940 26.476407 28.936258 31.408870 33.891451 36.381959 38.878872 41.381029 5.679613 5.236344 5.080000 5.236344 2.540000 1.270000 0.000000 1.270000 
86.698664 34.736476 98.111068 57.582514 18.414422 19.259944 20.150081 21.079182 14.905500 15.938270 17.003198 18.094609 28.299708 30.507848 32.764116 35.059221 37.386012 39.738923 42.113576 25.252433 27.704524 30.171165 32.649056 35.135819 37.629694 40.129356 6.350000 5.679613 5.236344 5.080000 3.810000 2.540000 1.270000 0.000000 
