28
# Circuit board instance
Size: medium
Nodes: 28
0.000000 65.000000 65.000000 91.923882 67.369526 68.520837 69.676272 70.835630 69.683861 70.797546 71.916412 73.040221 54.705249 55.261858 55.841807 56.444377 59.334302 59.847874 60.383794 60.941470 54.400244 55.629060 56.859685 58.092006 55.913977 57.110232 58.309606 59.511910 
65.000000 0.000000 91.923882 65.000000 70.960215 72.054175 73.153823 74.258908 68.499194 69.631829 70.769127 71.910868 28.165603 29.232001 30.314095 31.410263 25.705958 26.870150 28.043527 29.224984 73.334513 74.250633 75.177045 76.113372 69.889463 70.850143 71.820431 72.799943 
65.000000 91.923882 0.000000 65.000000 28.962357 28.812673 28.718424 28.680158 34.000082 33.872667 33.792534 33.760020 64.556072 63.746334 62.951804 62.173064 68.522854 67.760536 67.013616 66.282614 18.626822 17.806297 17.041002 16.338698 22.670350 22.001148 21.386492 20.831211 
91.923882 65.000000 65.000000 0.000000 36.544728 36.426215 36.351711 36.321488 31.500867 31.363300 31.276739 31.241606 44.363536 43.176753 41.994839 40.818216 42.844117 41.614025 40.386403 39.161484 52.588237 52.303235 52.047670 51.821977 47.666645 47.352030 47.069590 46.819906 
67.369526 70.960215 28.962357 36.544728 0.000000 1.270000 2.540000 3.810000 5.080000 5.236344 5.679613 6.350000 42.850388 41.743567 40.646289 39.559348 45.526584 44.486396 43.458426 42.443563 16.985932 16.397820 15.889649 15.469299 12.811210 12.020556 11.317517 10.719349 
68.520837 72.054175 28.812673 36.426215 1.270000 0.000000 1.270000 2.540000 5.236344 5.080000 5.236344 5.679613 43.966032 42.850388 41.743567 40.646289 46.578171 45.526584 44.486396 43.458426 17.645992 16.985932 16.397820 15.889649 13.674292 12.811210 12.020556 11.317517 
69.676272 73.153823 28.718424 36.351711 2.540000 1.270000 0.000000 1.270000 5.679613 5.236344 5.080000 5.236344 45.089843 43.966032 42.850388 41.743567 47.640403 46.578171 45.526584 44.486396 18.370247 17.645992 16.985932 16.397820 14.596960 13.674292 12.811210 12.020556 
70.835630 74.258908 28.680158 36.321488 3.810000 2.540000 1.270000 0.000000 6.350000 5.679613 5.236344 5.080000 46.221227 45.089843 43.966032 42.850388 48.712584 47.640403 46.578171 45.526584 19.151416 18.370247 17.645992 16.985932 15.568622 14.596960 13.674292 12.811210 
69.683861 68.499194 34.000082 31.500867 5.080000 5.236344 5.679613 6.350000 0.000000 1.270000 2.540000 3.810000 40.635632 39.466747 38.304302 37.148900 42.850388 41.743567 40.646289 39.559348 21.552945 21.092560 20.699964 20.379076 16.985932 16.397820 15.889649 15.469299 
70.797546 69.631829 33.872667 31.363300 5.236344 5.080000 5.236344 5.679613 1.270000 0.000000 1.270000 2.540000 41.810414 40.635632 39.466747 38.304302 43.966032 42.850388 41.743567 40.646289 22.076879 21.552945 21.092560 20.699964 17.645992 16.985932 16.397820 15.889649 
71.916412 70.769127 33.792534 31.276739 5.679613 5.236344 5.080000 5.236344 2.540000 1.270000 0.000000 1.270000 42.990612 41.810414 40.635632 39.466747 45.089843 43.966032 42.850388 41.743567 22.659955 22.076879 21.552945 21.092560 18.370247 17.645992 16.985932 16.397820 
73.040221 71.910868 33.760020 31.241606 6.350000 5.679613 5.236344 5.080000 3.810000 2.540000 1.270000 0.000000 44.175792 42.990612 41.810414 40.635632 46.221227 45.089843 43.966032 42.850388 23.297732 22.659955 22.076879 21.552945 19.151416 18.370247 17.645992 16.985932 
54.705249 28.165603 64.556072 44.363536 42.850388 43.966032 45.089843 46.221227 40.635632 41.810414 42.990612 44.175792 0.000000 1.270000 2.540000 3.810000 5.080000 5.236344 5.679613 6.350000 45.940866 46.756530 47.592109 48.446572 42.136217 43.024071 43.930700 44.854966 
55.261858 29.232001 63.746334 43.176753 41.743567 42.850388 43.966032 45.089843 39.466747 40.635632 41.810414 42.990612 1.270000 0.000000 1.270000 2.540000 5.236344 5.080000 5.236344 5.679613 45.146196 45.940866 46.756530 47.592109 41.268349 42.136217 43.024071 43.930700 
55.841807 30.314095 62.951804 41.994839 40.646289 41.743567 42.850388 43.966032 38.304302 39.466747 40.635632 41.810414 2.540000 1.270000 0.000000 1.270000 5.679613 5.236344 5.080000 5.236344 44.373648 45.146196 45.940866 46.756530 40.421755 41.268349 42.136217 43.024071 
56.444377 31.410263 62.173064 40.818216 39.559348 40.646289 41.743567 42.850388 37.148900 38.304302 39.466747 40.635632 3.810000 2.540000 1.270000 0.000000 6.350000 5.679613 5.236344 5.080000 43.624398 44.373648 45.146196 45.940866 39.597800 40.421755 41.268349 42.136217 
59.334302 25.705958 68.522854 42.844117 45.526584 46.578171 47.640403 48.712584 42.850388 43.966032 45.089843 46.221227 5.080000 5.236344 5.679613 6.350000 0.000000 1.270000 2.540000 3.810000 49.972776 50.723646 51.494893 52.285615 45.940866 46.756530 47.592109 48.446572 
59.847874 26.870150 67.760536 41.614025 44.486396 45.526584 46.578171 47.640403 41.743567 42.850388 43.966032 45.089843 5.236344 5.080000 5.236344 5.679613 1.270000 0.000000 1.270000 2.540000 49.243215 49.972776 50.723646 51.494893 45.146196 45.940866 46.756530 47.592109 
60.383794 28.043527 67.013616 40.386403 43.458426 44.486396 45.526584 46.578171 40.646289 41.743567 42.850388 43.966032 5.679613 5.236344 5.080000 5.236344 2.540000 1.270000 0.000000 1.270000 48.535923 49.243215 49.972776 50.723646 44.373648 45.146196 45.940866 46.756530 
60.941470 29.224984 66.282614 39.161484 42.443563 43.458426 44.486396 45.526584 39.559348 40.646289 41.743567 42.850388 6.350000 5.679613 5.236344 5.080000 3.810000 2.540000 1.270000 0.000000 47.851889 48.535923 49.243215 49.972776 43.624398 44.373648 45.146196 45.940866 
54.400244 73.334513 18.626822 52.588237 16.985932 17.645992 18.370247 19.151416 21.552945 22.076879 22.659955 23.297732 45.940866 45.146196 44.373648 43.624398 49.972776 49.243215 48.535923 47.851889 0.000000 1.270000 2.540000 3.810000 5.080000 5.236344 5.679613 6.350000 
55.629060 74.250633 17.806297 52.303235 16.397820 16.985932 17.645992 18.370247 21.092560 21.552945 22.076879 22.659955 46.756530 45.940866 45.146196 44.373648 50.723646 49.972776 49.243215 48.535923 1.270000 0.000000 1.270000 2.540000 5.236344 5.080000 5.236344 5.679613 
56.859685 75.177045 17.041002 52.047670 15.889649 16.397820 16.985932 17.645992 20.699964 21.092560 21.552945 22.076879 47.592109 46.756530 45.940866 45.146196 51.494893 50.723646 49.972776 49.243215 2.540000 1.270000 0.000000 1.270000 5.679613 5.236344 5.080000 5.236344 
58.092006 76.113372 16.338698 51.821977 15.469299 15.889649 16.397820 16.985932 20.379076 20.699964 21.092560 21.552945 48.446572 47.592109 46.756530 45.940866 52.285615 51.494893 50.723646 49.972776 3.810000 2.540000 1.270000 0.000000 6.350000 5.679613 5.236344 5.080000 
55.913977 69.889463 22.670350 47.666645 12.811210 13.674292 14.596960 15.568622 16.985932 17.645992 18.370247 19.151416 42.136217 41.268349 40.421755 39.597800 45.940866 45.146196 44.373648 43.624398 5.080000 5.236344 5.679613 6.350000 0.000000 1.270000 2.540000 3.810000 
57.110232 70.850143 22.001148 47.352030 12.020556 12.811210 13.674292 14.596960 16.397820 16.985932 17.645992 18.370247 43.024071 42.136217 41.268349 40.421755 46.756530 45.940866 45.146196 44.373648 5.236344 5.080000 5.236344 5.679613 1.270000 0.000000 1.270000 2.540000 
58.309606 71.820431 21.386492 47.069590 11.317517 12.020556 12.811210 13.674292 15.889649 16.397820 16.985932 17.645992 43.930700 43.024071 42.136217 41.268349 47.592109 46.756530 45.940866 45.146196 5.679613 5.236344 5.080000 5.236344 2.540000 1.270000 0.000000 1.270000 
59.511910 72.799943 20.831211 46.819906 10.719349 11.317517 12.020556 12.811210 15.469299 15.889649 16.397820 16.985932 44.854966 43.930700 43.024071 42.136217 48.446572 47.592109 46.756530 45.940866 6.350000 5.679613 5.236344 5.080000 3.810000 2.540000 1.270000 0.000000 
