26
# Circuit board instance
Size: medium
Nodes: 26
0.000000 40.000000 40.000000 56.568542 31.186363 31.230546 31.326196 31.472845 36.265907 36.303908 36.386224 36.512555 31.763098 32.556381 33.523794 34.650753 35.922248 37.323508 38.840492 39.143245 39.789662 40.585021 41.520765 42.587640 43.776061 45.076414 
40.000000 0.000000 56.568542 40.000000 8.828408 8.983238 9.310324 9.792421 3.763980 4.114039 4.786323 5.667298 12.911888 14.756030 16.782944 18.934022 21.171452 23.470551 25.814847 8.967501 11.464713 13.977354 16.498376 19.024447 21.553792 24.085380 
40.000000 56.568542 0.000000 40.000000 50.363978 49.372948 48.394954 47.430802 53.657777 52.728690 51.814075 50.914710 43.668907 41.890298 40.193579 38.589556 37.090255 35.708870 34.459584 49.297796 47.729407 46.247411 44.860373 43.577359 42.407813 41.361361 
56.568542 40.000000 40.000000 0.000000 40.520141 39.281542 38.045015 36.810766 39.725414 38.461231 37.197445 35.934096 32.631211 30.209593 27.809105 25.435728 23.097824 20.807350 18.581857 31.280907 28.745760 26.211553 23.678587 21.147309 18.618406 16.092999 
31.186363 8.828408 50.363978 40.520141 0.000000 1.270000 2.540000 3.810000 5.080000 5.236344 5.679613 6.350000 8.349076 10.883056 13.419312 15.956759 18.494907 21.033503 23.572400 10.852454 12.903860 15.104523 17.397898 19.751716 22.146714 24.570852 
31.230546 8.983238 49.372948 39.281542 1.270000 0.000000 1.270000 2.540000 5.236344 5.080000 5.236344 5.679613 7.083704 9.615669 12.150989 14.687925 17.225765 19.764160 22.302920 9.911990 11.854526 13.989825 16.242039 18.568675 20.944945 23.355705 
31.326196 9.310324 48.394954 38.045015 2.540000 1.270000 0.000000 1.270000 5.679613 5.236344 5.080000 5.236344 5.820347 8.349076 10.883056 13.419312 15.956759 18.494907 21.033503 9.052355 10.852454 12.903860 15.104523 17.397898 19.751716 22.146714 
31.472845 9.792421 47.430802 36.810766 3.810000 2.540000 1.270000 0.000000 6.350000 5.679613 5.236344 5.080000 4.560683 7.083704 9.615669 12.150989 14.687925 17.225765 19.764160 8.298706 9.911990 11.854526 13.989825 16.242039 18.568675 20.944945 
36.265907 3.763980 53.657777 39.725414 5.080000 5.236344 5.679613 6.350000 0.000000 1.270000 2.540000 3.810000 10.108278 12.284588 14.579031 16.943682 19.352824 21.791706 24.251356 8.533860 11.025453 13.535052 16.054216 18.579055 21.107533 23.638480 
36.303908 4.114039 52.728690 38.461231 5.236344 5.080000 5.236344 5.679613 1.270000 0.000000 1.270000 2.540000 9.091153 11.177267 13.420757 15.754535 18.143792 20.569206 23.019350 7.300586 9.776543 12.278690 14.793744 17.316082 19.842926 22.372750 
36.386224 4.786323 51.814075 37.197445 5.679613 5.236344 5.080000 5.236344 2.540000 1.270000 0.000000 1.270000 8.145345 10.108278 12.284588 14.579031 16.943682 19.352824 21.791706 6.082445 8.533860 11.025453 13.535052 16.054216 18.579055 21.107533 
36.512555 5.667298 50.914710 35.934096 6.350000 5.679613 5.236344 5.080000 3.810000 2.540000 1.270000 0.000000 7.298632 9.091153 11.177267 13.420757 15.754535 18.143792 20.569206 4.890759 7.300586 9.776543 12.278690 14.793744 17.316082 19.842926 
31.763098 12.911888 43.668907 32.631211 8.349076 7.083704 5.820347 4.560683 10.108278 9.091153 8.145345 7.298632 0.000000 2.540000 5.080000 7.620000 10.160000 12.700000 15.240000 7.620000 8.032185 9.158100 10.776307 12.700000 14.810618 17.038838 
32.556381 14.756030 41.890298 30.209593 10.883056 9.615669 8.349076 7.083704 12.284588 11.177267 10.108278 9.091153 2.540000 0.000000 2.540000 5.080000 7.620000 10.160000 12.700000 8.032185 7.620000 8.032185 9.158100 10.776307 12.700000 14.810618 
33.523794 16.782944 40.193579 27.809105 13.419312 12.150989 10.883056 9.615669 14.579031 13.420757 12.284588 11.177267 5.080000 2.540000 0.000000 2.540000 5.080000 7.620000 10.160000 9.158100 8.032185 7.620000 8.032185 9.158100 10.776307 12.700000 
34.650753 18.934022 38.589556 25.435728 15.956759 14.687925 13.419312 12.150989 16.943682 15.754535 14.579031 13.420757 7.620000 5.080000 2.540000 0.000000 2.540000 5.080000 7.620000 10.776307 9.158100 8.032185 7.620000 8.032185 9.158100 10.776307 
35.922248 21.171452 37.090255 23.097824 18.494907 17.225765 15.956759 14.687925 19.352824 18.143792 16.943682 15.754535 10.160000 7.620000 5.080000 2.540000 0.000000 2.540000 5.080000 12.700000 10.776307 9.158100 8.032185 7.620000 8.032185 9.158100 
37.323508 23.470551 35.708870 20.807350 21.033503 19.764160 18.494907 17.225765 21.791706 20.569206 19.352824 18.143792 12.700000 10.160000 7.620000 5.080000 2.540000 0.000000 2.540000 14.810618 12.700000 10.776307 9.158100 8.032185 7.620000 8.032185 
38.840492 25.814847 34.459584 18.581857 23.572400 22.302920 21.033503 19.764160 24.251356 23.019350 21.791706 20.569206 15.240000 12.700000 10.160000 7.620000 5.080000 2.540000 0.000000 17.038838 14.810618 12.700000 10.776307 9.158100 8.032185 7.620000 
39.143245 8.967501 49.297796 31.280907 10.852454 9.911990 9.052355 8.298706 8.533860 7.300586 6.082445 4.890759 7.620000 8.032185 9.158100 10.776307 12.700000 14.810618 17.038838 0.000000 2.540000 5.080000 7.620000 10.160000 12.700000 15.240000 
39.789662 11.464713 47.729407 28.745760 12.903860 11.854526 10.852454 9.911990 11.025453 9.776543 8.533860 7.300586 8.032185 7.620000 8.032185 9.158100 10.776307 12.700000 14.810618 2.540000 0.000000 2.540000 5.080000 7.620000 10.160000 12.700000 
40.585021 13.977354 46.247411 26.211553 15.104523 13.989825 12.903860 11.854526 13.535052 12.278690 11.025453 9.776543 9.158100 8.032185 7.620000 8.032185 9.158100 10.776307 12.700000 5.080000 2.540000 0.000000 2.540000 5.080000 7.620000 10.160000 
41.520765 16.498376 44.860373 23.678587 17.397898 16.242039 15.104523 13.989825 16.054216 14.793744 13.535052 12.278690 10.776307 9.158100 8.032185 7.620000 8.032185 9.158100 10.776307 7.620000 5.080000 2.540000 0.000000 2.540000 5.080000 7.620000 
42.587640 19.024447 43.577359 21.147309 19.751716 18.568675 17.397898 16.242039 18.579055 17.316082 16.054216 14.793744 12.700000 10.776307 9.158100 8.032185 7.620000 8.032185 9.158100 10.160000 7.620000 5.080000 2.540000 0.000000 2.540000 5.080000 
43.776061 21.553792 42.407813 18.618406 22.146714 20.944945 19.751716 18.568675 21.107533 19.842926 18.579055 17.316082 14.810618 12.700000 10.776307 9.158100 8.032185 7.620000 8.032185 12.700000 10.160000 7.620000 5.080000 2.540000 0.000000 2.540000 
45.076414 24.085380 41.361361 16.092999 24.570852 23.355705 22.146714 20.944945 23.638480 22.372750 21.107533 19.842926 17.038838 14.810618 12.700000 10.776307 9.158100 8.032185 7.620000 15.240000 12.700000 10.160000 7.620000 5.080000 2.540000 0.000000 
