26
# Circuit board instance
Size: medium
Nodes: 26
0.000000 40.000000 40.000000 56.568542 31.477378 32.260033 33.072948 33.913948 35.659159 36.351891 37.075196 37.827320 18.204986 20.540799 22.920090 25.330610 27.764227 30.215361 32.680069 22.477023 24.407365 26.440983 28.555820 30.735116 32.966089 35.238927 
40.000000 0.000000 56.568542 40.000000 24.153536 25.165009 26.199005 27.252960 21.394943 22.530600 23.679910 24.840976 36.385597 37.608703 38.959218 40.424373 41.992171 43.651554 45.392478 29.801119 31.282736 32.894007 34.616831 36.435388 38.336056 40.307221 
40.000000 56.568542 0.000000 40.000000 32.717945 31.917837 31.148972 30.413721 36.758866 36.048559 35.369602 34.723835 24.653174 22.250436 19.881851 17.561244 15.310448 13.165314 11.186796 27.956646 25.862655 23.855461 21.958878 20.204080 18.631171 17.289865 
56.568542 40.000000 40.000000 0.000000 25.749406 24.724811 23.723964 22.749998 23.181505 22.037843 20.908771 19.796785 40.003364 38.569055 37.252894 36.067817 35.027131 34.144042 33.431042 34.124246 32.430958 30.854062 29.412284 28.126410 27.018710 26.111866 
31.477378 24.153536 32.717945 25.749406 0.000000 1.270000 2.540000 3.810000 5.080000 5.236344 5.679613 6.350000 17.670952 17.499215 17.694227 18.244232 19.118618 20.275461 21.669570 10.180461 9.879359 10.220807 11.145907 12.526005 14.229320 16.153931 
32.260033 25.165009 31.917837 24.724811 1.270000 0.000000 1.270000 2.540000 5.236344 5.080000 5.236344 5.679613 17.891934 17.539374 17.551102 17.926403 18.643334 19.664563 20.945629 10.559380 9.950320 9.970979 10.617682 11.787838 13.344447 15.169002 
33.072948 26.199005 31.148972 23.723964 2.540000 1.270000 0.000000 1.270000 5.679613 5.236344 5.080000 5.236344 18.199061 17.670952 17.499215 17.694227 18.244232 19.118618 20.275461 11.071813 10.180461 9.879359 10.220807 11.145907 12.526005 14.229320 
33.913948 27.252960 30.413721 22.749998 3.810000 2.540000 1.270000 0.000000 6.350000 5.679613 5.236344 5.080000 18.588064 17.891934 17.539374 17.551102 17.926403 18.643334 19.664563 11.700229 10.559380 9.950320 9.970979 10.617682 11.787838 13.344447 
35.659159 21.394943 36.758866 23.181505 5.080000 5.236344 5.679613 6.350000 0.000000 1.270000 2.540000 3.810000 22.712531 22.579172 22.730644 23.161358 23.856196 24.792959 25.945458 15.159786 14.959246 15.186909 15.824303 16.824925 18.128730 19.675538 
36.351891 22.530600 36.048559 22.037843 5.236344 5.080000 5.236344 5.679613 1.270000 0.000000 1.270000 2.540000 22.884882 22.610311 22.619410 22.911841 23.477019 24.295916 25.343952 15.416803 15.006205 15.019911 15.456794 16.282826 17.442809 18.875273 
37.075196 23.679910 35.369602 20.908771 5.679613 5.236344 5.080000 5.236344 2.540000 1.270000 0.000000 1.270000 23.125794 22.712531 22.579172 22.730644 23.161358 23.856196 24.792959 15.772202 15.159786 14.959246 15.186909 15.824303 16.824925 18.128730 
37.827320 24.840976 34.723835 19.796785 6.350000 5.679613 5.236344 5.080000 3.810000 2.540000 1.270000 0.000000 23.433153 22.884882 22.610311 22.619410 22.911841 23.477019 24.295916 16.219515 15.416803 15.006205 15.019911 15.456794 16.282826 17.442809 
18.204986 36.385597 24.653174 40.003364 17.670952 17.891934 18.199061 18.588064 22.712531 22.884882 23.125794 23.433153 0.000000 2.540000 5.080000 7.620000 10.160000 12.700000 15.240000 7.620000 8.032185 9.158100 10.776307 12.700000 14.810618 17.038838 
20.540799 37.608703 22.250436 38.569055 17.499215 17.539374 17.670952 17.891934 22.579172 22.610311 22.712531 22.884882 2.540000 0.000000 2.540000 5.080000 7.620000 10.160000 12.700000 8.032185 7.620000 8.032185 9.158100 10.776307 12.700000 14.810618 
22.920090 38.959218 19.881851 37.252894 17.694227 17.551102 17.499215 17.539374 22.730644 22.619410 22.579172 22.610311 5.080000 2.540000 0.000000 2.540000 5.080000 7.620000 10.160000 9.158100 8.032185 7.620000 8.032185 9.158100 10.776307 12.700000 
25.330610 40.424373 17.561244 36.067817 18.244232 17.926403 17.694227 17.551102 23.161358 22.911841 22.730644 22.619410 7.620000 5.080000 2.540000 0.000000 2.540000 5.080000 7.620000 10.776307 9.158100 8.032185 7.620000 8.032185 9.158100 10.776307 
27.764227 41.992171 15.310448 35.027131 19.118618 18.643334 18.244232 17.926403 23.856196 23.477019 23.161358 22.911841 10.160000 7.620000 5.080000 2.540000 0.000000 2.540000 5.080000 12.700000 10.776307 9.158100 8.032185 7.620000 8.032185 9.158100 
30.215361 43.651554 13.165314 34.144042 20.275461 19.664563 19.118618 18.643334 24.792959 24.295916 23.856196 23.477019 12.700000 10.160000 7.620000 5.080000 2.540000 0.000000 2.540000 14.810618 12.700000 10.776307 9.158100 8.032185 7.620000 8.032185 
32.680069 45.392478 11.186796 33.431042 21.669570 20.945629 20.275461 19.664563 25.945458 25.343952 24.792959 24.295916 15.240000 12.700000 10.160000 7.620000 5.080000 2.540000 0.000000 17.038838 14.810618 12.700000 10.776307 9.158100 8.032185 7.620000 
22.477023 29.801119 27.956646 34.124246 10.180461 10.559380 11.071813 11.700229 15.159786 15.416803 15.772202 16.219515 7.620000 8.032185 9.158100 10.776307 12.700000 14.810618 17.038838 0.000000 2.540000 5.080000 7.620000 10.160000 12.700000 15.240000 
24.407365 31.282736 25.862655 32.430958 9.879359 9.950320 10.180461 10.559380 14.959246 15.006205 15.159786 15.416803 8.032185 7.620000 8.032185 9.158100 10.776307 12.700000 14.810618 2.540000 0.000000 2.540000 5.080000 7.620000 10.160000 12.700000 
26.440983 32.894007 23.855461 30.854062 10.220807 9.970979 9.879359 9.950320 15.186909 15.019911 14.959246 15.006205 9.158100 8.032185 7.620000 8.032185 9.158100 10.776307 12.700000 5.080000 2.540000 0.000000 2.540000 5.080000 7.620000 10.160000 
28.555820 34.616831 21.958878 29.412284 11.145907 10.617682 10.220807 9.970979 15.824303 15.456794 15.186909 15.019911 10.776307 9.158100 8.032185 7.620000 8.032185 9.158100 10.776307 7.620000 5.080000 2.540000 0.000000 2.540000 5.080000 7.620000 
30.735116 36.435388 20.204080 28.126410 12.526005 11.787838 11.145907 10.617682 16.824925 16.282826 15.824303 15.456794 12.700000 10.776307 9.158100 8.032185 7.620000 8.032185 9.158100 10.160000 7.620000 5.080000 2.540000 0.000000 2.540000 5.080000 
32.966089 38.336056 18.631171 27.018710 14.229320 13.344447 12.526005 11.787838 18.128730 17.442809 16.824925 16.282826 14.810618 12.700000 10.776307 9.158100 8.032185 7.620000 8.032185 12.700000 10.160000 7.620000 5.080000 2.540000 0.000000 2.540000 
35.238927 40.307221 17.289865 26.111866 16.153931 15.169002 14.229320 13.344447 19.675538 18.875273 18.128730 17.442809 17.038838 14.810618 12.700000 10.776307 9.158100 8.032185 7.620000 15.240000 12.700000 10.160000 7.620000 5.080000 2.540000 0.000000 
