34
# Circuit board instance
Size: medium
Nodes: 34
0.000000 90.000000 90.000000 127.279221 20.765765 21.308226 21.910952 22.569115 25.498876 25.942556 26.439848 26.987787 69.826697 70.000514 70.196882 70.415611 74.867769 75.029910 75.213148 75.417330 92.746402 94.022093 95.348393 96.723220 98.144534 99.610347 101.118723 99.451022 100.641764 101.881925 103.169724 104.503399 105.881216 107.301476 
90.000000 0.000000 127.279221 90.000000 71.476753 71.636232 71.817818 72.021345 66.434192 66.605746 66.801008 67.019772 22.588825 23.120543 23.708432 24.348425 18.035253 18.696920 19.419193 20.195572 46.560541 49.052449 51.549053 54.049700 56.553855 59.061071 61.570975 45.660646 48.199102 50.737713 53.276456 55.815313 58.354270 60.893314 
90.000000 127.279221 0.000000 90.000000 83.833774 82.597368 81.361997 80.127708 85.129768 83.912460 82.696736 81.482669 106.619438 105.657035 104.701191 103.752086 109.986908 109.054227 108.128417 107.209658 92.131714 90.935755 89.795733 88.713803 87.692116 86.732802 85.837950 98.878023 97.764627 96.705141 95.701356 94.755042 93.867937 93.041735 
127.279221 90.000000 90.000000 0.000000 108.193395 107.238213 106.289622 105.347799 104.930389 103.945226 102.966302 101.993796 83.679102 82.449357 81.220852 79.993643 82.566382 81.319812 80.073979 78.828917 45.323742 42.840406 40.364123 37.896275 35.438625 32.993450 30.563747 44.398787 41.860615 39.322680 36.785029 34.247727 31.710857 29.174532 
20.765765 71.476753 83.833774 108.193395 0.000000 1.270000 2.540000 3.810000 5.080000 5.236344 5.679613 6.350000 50.243504 50.274283 50.337095 50.431821 55.323193 55.351147 55.408205 55.494275 72.115627 73.460882 74.868164 76.334042 77.855206 79.428481 81.050831 78.737033 79.970982 81.265606 82.618053 84.025531 85.485322 86.994792 
21.308226 71.636232 82.597368 107.238213 1.270000 0.000000 1.270000 2.540000 5.236344 5.080000 5.236344 5.679613 50.244817 50.243504 50.274283 50.337095 55.324386 55.323193 55.351147 55.408205 71.467360 72.780283 74.156987 75.593988 77.087915 78.635523 80.233705 78.143715 79.346243 80.610889 81.934778 83.315085 84.749054 86.234008 
21.910952 71.817818 81.361997 106.289622 2.540000 1.270000 0.000000 1.270000 5.679613 5.236344 5.080000 5.236344 50.278220 50.244817 50.243504 50.274283 55.354724 55.324386 55.323193 55.351147 70.835932 72.115627 73.460882 74.868164 76.334042 77.855206 79.428481 77.566655 78.737033 79.970982 81.265606 82.618053 84.025531 85.485322 
22.569115 72.021345 80.127708 105.347799 3.810000 2.540000 1.270000 0.000000 6.350000 5.679613 5.236344 5.080000 50.343649 50.278220 50.244817 50.243504 55.414159 55.354724 55.324386 55.323193 70.221797 71.467360 72.780283 74.156987 75.593988 77.087915 78.635523 77.006217 78.143715 79.346243 80.610889 81.934778 83.315085 84.749054 
25.498876 66.434192 85.129768 104.930389 5.080000 5.236344 5.679613 6.350000 0.000000 1.270000 2.540000 3.810000 45.163884 45.198122 45.267979 45.373289 50.243504 50.274283 50.337095 50.431821 67.817956 69.246753 70.737921 72.287603 73.892115 75.547965 77.251852 74.301498 75.607872 76.975912 78.402392 79.884180 81.418257 83.001724 
25.942556 66.605746 83.912460 103.945226 5.236344 5.080000 5.236344 5.679613 1.270000 0.000000 1.270000 2.540000 45.165345 45.163884 45.198122 45.267979 50.244817 50.243504 50.274283 50.337095 67.128199 68.524310 69.984786 71.505682 73.083228 74.713834 76.394103 73.672468 74.946772 76.284387 77.682045 79.136564 80.644867 82.203993 
26.439848 66.801008 82.696736 102.966302 5.679613 5.236344 5.080000 5.236344 2.540000 1.270000 0.000000 1.270000 45.202502 45.165345 45.163884 45.198122 50.278220 50.244817 50.243504 50.274283 66.455555 67.817956 69.246753 70.737921 72.287603 73.892115 75.547965 73.060100 74.301498 75.607872 76.975912 78.402392 79.884180 81.418257 
26.987787 67.019772 81.482669 101.993796 6.350000 5.679613 5.236344 5.080000 3.810000 2.540000 1.270000 0.000000 45.275266 45.202502 45.165345 45.163884 50.343649 50.278220 50.244817 50.243504 65.800549 67.128199 68.524310 69.984786 71.505682 73.083228 74.713834 72.464818 73.672468 74.946772 76.284387 77.682045 79.136564 80.644867 
69.826697 22.588825 106.619438 83.679102 50.243504 50.244817 50.278220 50.343649 45.163884 45.165345 45.202502 45.275266 0.000000 1.270000 2.540000 3.810000 5.080000 5.236344 5.679613 6.350000 38.454866 40.885847 43.329336 45.783332 48.246231 50.716737 53.193788 41.376008 43.644584 45.941579 48.262934 50.605297 52.965882 55.342356 
70.000514 23.120543 105.657035 82.449357 50.274283 50.243504 50.244817 50.278220 45.198122 45.163884 45.165345 45.202502 1.270000 0.000000 1.270000 2.540000 5.236344 5.080000 5.236344 5.679613 37.244833 39.668649 42.106164 44.555129 47.013756 49.480604 51.954503 40.253880 42.506458 44.789801 47.099436 49.431676 51.783467 54.152263 
70.196882 23.708432 104.701191 81.220852 50.337095 50.274283 50.243504 50.244817 45.267979 45.198122 45.163884 45.165345 2.540000 1.270000 0.000000 1.270000 5.679613 5.236344 5.080000 5.236344 36.038926 38.454866 40.885847 43.329336 45.783332 48.246231 50.716737 39.140790 41.376008 43.644584 45.941579 48.262934 50.605297 52.965882 
70.415611 24.348425 103.752086 79.993643 50.431821 50.337095 50.274283 50.243504 45.373289 45.267979 45.198122 45.163884 3.810000 2.540000 1.270000 0.000000 6.350000 5.679613 5.236344 5.080000 34.837575 37.244833 39.668649 42.106164 44.555129 47.013756 49.480604 38.037533 40.253880 42.506458 44.789801 47.099436 49.431676 51.783467 
74.867769 18.035253 109.986908 82.566382 55.323193 55.324386 55.354724 55.414159 50.243504 50.244817 50.278220 50.343649 5.080000 5.236344 5.679613 6.350000 0.000000 1.270000 2.540000 3.810000 37.253562 39.758063 42.266802 44.779065 47.294291 49.812032 52.331924 39.288751 41.671113 44.071086 46.485941 48.913475 51.351890 53.799706 
75.029910 18.696920 109.054227 81.319812 55.351147 55.323193 55.324386 55.354724 50.274283 50.243504 50.244817 50.278220 5.236344 5.080000 5.236344 5.679613 1.270000 0.000000 1.270000 2.540000 36.003176 38.505231 41.011952 43.522531 46.036338 48.552872 51.071729 38.105207 40.477536 42.869083 45.276802 47.698244 50.131422 52.574705 
75.213148 19.419193 108.128417 80.073979 55.408205 55.351147 55.323193 55.324386 50.337095 50.274283 50.243504 50.244817 5.679613 5.236344 5.080000 5.236344 2.540000 1.270000 0.000000 1.270000 34.754213 37.253562 39.758063 42.266802 44.779065 47.294291 49.812032 36.927408 39.288751 41.671113 44.071086 46.485941 48.913475 51.351890 
75.417330 20.195572 107.209658 78.828917 55.494275 55.408205 55.351147 55.323193 50.431821 50.337095 50.274283 50.243504 6.350000 5.679613 5.236344 5.080000 3.810000 2.540000 1.270000 0.000000 33.506832 36.003176 38.505231 41.011952 43.522531 46.036338 48.552872 35.755921 38.105207 40.477536 42.869083 45.276802 47.698244 50.131422 
92.746402 46.560541 92.131714 45.323742 72.115627 71.467360 70.835932 70.221797 67.817956 67.128199 66.455555 65.800549 38.454866 37.244833 36.038926 34.837575 37.253562 36.003176 34.754213 33.506832 0.000000 2.540000 5.080000 7.620000 10.160000 12.700000 15.240000 7.620000 8.032185 9.158100 10.776307 12.700000 14.810618 17.038838 
94.022093 49.052449 90.935755 42.840406 73.460882 72.780283 72.115627 71.467360 69.246753 68.524310 67.817956 67.128199 40.885847 39.668649 38.454866 37.244833 39.758063 38.505231 37.253562 36.003176 2.540000 0.000000 2.540000 5.080000 7.620000 10.160000 12.700000 8.032185 7.620000 8.032185 9.158100 10.776307 12.700000 14.810618 
95.348393 51.549053 89.795733 40.364123 74.868164 74.156987 73.460882 72.780283 70.737921 69.984786 69.246753 68.524310 43.329336 42.106164 40.885847 39.668649 42.266802 41.011952 39.758063 38.505231 5.080000 2.540000 0.000000 2.540000 5.080000 7.620000 10.160000 9.158100 8.032185 7.620000 8.032185 9.158100 10.776307 12.700000 
96.723220 54.049700 88.713803 37.896275 76.334042 75.593988 74.868164 74.156987 72.287603 71.505682 70.737921 69.984786 45.783332 44.555129 43.329336 42.106164 44.779065 43.522531 42.266802 41.011952 7.620000 5.080000 2.540000 0.000000 2.540000 5.080000 7.620000 10.776307 9.158100 8.032185 7.620000 8.032185 9.158100 10.776307 
98.144534 56.553855 87.692116 35.438625 77.855206 77.087915 76.334042 75.593988 73.892115 73.083228 72.287603 71.505682 48.246231 47.013756 45.783332 44.555129 47.294291 46.036338 44.779065 43.522531 10.160000 7.620000 5.080000 2.540000 0.000000 2.540000 5.080000 12.700000 10.776307 9.158100 8.032185 7.620000 8.032185 9.158100 
99.610347 59.061071 86.732802 32.993450 79.428481 78.635523 77.855206 77.087915 75.547965 74.713834 73.892115 73.083228 50.716737 49.480604 48.246231 47.013756 49.812032 48.552872 47.294291 46.036338 12.700000 10.160000 7.620000 5.080000 2.540000 0.000000 2.540000 14.810618 12.700000 10.776307 9.158100 8.032185 7.620000 8.032185 
101.118723 61.570975 85.837950 30.563747 81.050831 80.233705 79.428481 78.635523 77.251852 76.394103 75.547965 74.713834 53.193788 51.954503 50.716737 49.480604 52.331924 51.071729 49.812032 48.552872 15.240000 12.700000 10.160000 7.620000 5.080000 2.540000 0.000000 17.038838 14.810618 12.700000 10.776307 9.158100 8.032185 7.620000 
99.451022 45.660646 98.878023 44.398787 78.737033 78.143715 77.566655 77.006217 74.301498 73.672468 73.060100 72.464818 41.376008 40.253880 39.140790 38.037533 39.288751 38.105207 36.927408 35.755921 7.620000 8.032185 9.158100 10.776307 12.700000 14.810618 17.038838 0.000000 2.540000 5.080000 7.620000 10.160000 12.700000 15.240000 
100.641764 48.199102 97.764627 41.860615 79.970982 79.346243 78.737033 78.143715 75.607872 74.946772 74.301498 73.672468 43.644584 42.506458 41.376008 40.253880 41.671113 40.477536 39.288751 38.105207 8.032185 7.620000 8.032185 9.158100 10.776307 12.700000 14.810618 2.540000 0.000000 2.540000 5.080000 7.620000 10.160000 12.700000 
101.881925 50.737713 96.705141 39.322680 81.265606 80.610889 79.970982 79.346243 76.975912 76.284387 75.607872 74.946772 45.941579 44.789801 43.644584 42.506458 44.071086 42.869083 41.671113 40.477536 9.158100 8.032185 7.620000 8.032185 9.158100 10.776307 12.700000 5.080000 2.540000 0.000000 2.540000 5.080000 7.620000 10.160000 
103.169724 53.276456 95.701356 36.785029 82.618053 81.934778 81.265606 80.610889 78.402392 77.682045 76.975912 76.284387 48.262934 47.099436 45.941579 44.789801 46.485941 45.276802 44.071086 42.869083 10.776307 9.158100 8.032185 7.620000 8.032185 9.158100 10.776307 7.620000 5.080000 2.540000 0.000000 2.540000 5.080000 7.620000 
104.503399 55.815313 94.755042 34.247727 84.025531 83.315085 82.618053 81.934778 79.884180 79.136564 78.402392 77.682045 50.605297 49.431676 48.262934 47.099436 48.913475 47.698244 46.485941 45.276802 12.700000 10.776307 9.158100 8.032185 7.620000 8.032185 9.158100 10.160000 7.620000 5.080000 2.540000 0.000000 2.540000 5.080000 
105.881216 58.354270 93.867937 31.710857 85.485322 84.749054 84.025531 83.315085 81.418257 80.644867 79.884180 79.136564 52.965882 51.783467 50.605297 49.431676 51.351890 50.131422 48.913475 47.698244 14.810618 12.700000 10.776307 9.158100 8.032185 7.620000 8.032185 12.700000 10.160000 7.620000 5.080000 2.540000 0.000000 2.540000 
107.301476 60.893314 93.041735 29.174532 86.994792 86.234008 85.485322 84.749054 83.001724 82.203993 81.418257 80.644867 55.342356 54.152263 52.965882 51.783467 53.799706 52.574705 51.351890 50.131422 17.038838 14.810618 12.700000 10.776307 9.158100 8.032185 7.620000 15.240000 12.700000 10.160000 7.620000 5.080000 2.540000 0.000000 
