22
# Circuit board instance
Size: medium
Nodes: 22
0.000000 90.000000 90.000000 127.279221 82.965170 85.216194 87.483044 89.764523 92.059543 21.564684 22.745764 23.935952 25.133953 23.948973 25.017744 26.104550 27.207230 100.636975 102.489898 104.371744 106.280976 108.216144 
90.000000 0.000000 127.279221 90.000000 42.397650 41.460112 40.659861 40.005136 39.503173 84.259581 84.569565 84.897416 85.242930 79.333441 79.662595 80.010556 80.377079 71.555261 70.988266 70.508266 70.117048 69.816105 
90.000000 127.279221 0.000000 90.000000 89.287049 91.382478 93.499950 95.638001 97.795282 70.502571 69.241221 67.980193 66.719506 71.268017 70.020457 68.773719 67.527848 75.660994 78.108671 80.562064 83.020667 85.484029 
127.279221 90.000000 90.000000 0.000000 53.726329 52.989609 52.365848 51.859123 51.472890 107.727684 106.906446 106.094054 105.290712 103.920026 103.068453 102.225564 101.391576 26.775749 25.221403 23.836964 22.653603 21.704235 
82.965170 42.397650 89.287049 53.726329 0.000000 2.540000 5.080000 7.620000 10.160000 67.823009 67.478598 67.156441 66.856861 62.962061 62.590908 62.243459 61.920113 30.515147 30.584703 30.863849 31.346985 32.024880 
85.216194 41.460112 91.382478 52.989609 2.540000 0.000000 2.540000 5.080000 7.620000 70.265106 69.932723 69.621923 69.332996 65.388373 65.031069 64.696726 64.385701 30.656606 30.515147 30.584703 30.863849 31.346985 
87.483044 40.659861 93.499950 52.365848 5.080000 2.540000 0.000000 2.540000 5.080000 72.713911 72.392772 72.092578 71.813592 67.823009 67.478598 67.156441 66.856861 31.006193 30.656606 30.515147 30.584703 30.863849 
89.764523 40.005136 95.638001 51.859123 7.620000 5.080000 2.540000 0.000000 2.540000 75.168769 74.858162 74.567894 74.298203 70.265106 69.932723 69.621923 69.332996 31.556992 31.006193 30.656606 30.515147 30.584703 
92.059543 39.503173 97.795282 51.472890 10.160000 7.620000 5.080000 2.540000 0.000000 77.629105 77.328381 77.047420 76.786438 72.713911 72.392772 72.092578 71.813592 32.298709 31.556992 31.006193 30.656606 30.515147 
21.564684 84.259581 70.502571 107.727684 67.823009 70.265106 72.713911 75.168769 77.629105 0.000000 1.270000 2.540000 3.810000 5.080000 5.236344 5.679613 6.350000 81.443272 83.474722 85.533358 87.617261 89.724673 
22.745764 84.569565 69.241221 106.906446 67.478598 69.932723 72.392772 74.858162 77.328381 1.270000 0.000000 1.270000 2.540000 5.236344 5.080000 5.236344 5.679613 80.677794 82.728044 84.804807 86.906182 89.030427 
23.935952 84.897416 67.980193 106.094054 67.156441 69.621923 72.092578 74.567894 77.047420 2.540000 1.270000 0.000000 1.270000 5.679613 5.236344 5.080000 5.236344 79.925166 81.994238 84.089125 86.207947 88.348982 
25.133953 85.242930 66.719506 105.290712 66.856861 69.332996 71.813592 74.298203 76.786438 3.810000 2.540000 1.270000 0.000000 6.350000 5.679613 5.236344 5.080000 79.185755 81.273652 83.386645 85.522873 87.680637 
23.948973 79.333441 71.268017 103.920026 62.962061 65.388373 67.823009 70.265106 72.713911 5.080000 5.236344 5.679613 6.350000 0.000000 1.270000 2.540000 3.810000 77.470449 79.441091 81.443272 83.474722 85.533358 
25.017744 79.662595 70.020457 103.068453 62.590908 65.031069 67.478598 69.932723 72.392772 5.236344 5.080000 5.236344 5.679613 1.270000 0.000000 1.270000 2.540000 76.665314 78.656130 80.677794 82.728044 84.804807 
26.104550 80.010556 68.773719 102.225564 62.243459 64.696726 67.156441 69.621923 72.092578 5.679613 5.236344 5.080000 5.236344 2.540000 1.270000 0.000000 1.270000 75.872895 77.883969 79.925166 81.994238 84.089125 
27.207230 80.377079 67.527848 101.391576 61.920113 64.385701 66.856861 69.332996 71.813592 6.350000 5.679613 5.236344 5.080000 3.810000 2.540000 1.270000 0.000000 75.093593 77.124990 79.185755 81.273652 83.386645 
100.636975 71.555261 75.660994 26.775749 30.515147 30.656606 31.006193 31.556992 32.298709 81.443272 80.677794 79.925166 79.185755 77.470449 76.665314 75.872895 75.093593 0.000000 2.540000 5.080000 7.620000 10.160000 
102.489898 70.988266 78.108671 25.221403 30.584703 30.515147 30.656606 31.006193 31.556992 83.474722 82.728044 81.994238 81.273652 79.441091 78.656130 77.883969 77.124990 2.540000 0.000000 2.540000 5.080000 7.620000 
104.371744 70.508266 80.562064 23.836964 30.863849 30.584703 30.515147 30.656606 31.006193 85.533358 84.804807 84.089125 83.386645 81.443272 80.677794 79.925166 79.185755 5.080000 2.540000 0.000000 2.540000 5.080000 
106.280976 70.117048 83.020667 22.653603 31.346985 30.863849 30.584703 30.515147 30.656606 87.617261 86.906182 86.207947 85.522873 83.474722 82.728044 81.994238 81.273652 7.620000 5.080000 2.540000 0.000000 2.540000 
108.216144 69.816105 85.484029 21.704235 32.024880 31.346985 30.863849 30.584703 30.515147 89.724673 89.030427 88.348982 87.680637 85.533358 84.804807 84.089125 83.386645 10.160000 7.620000 5.080000 2.540000 0.000000 
