31
# Circuit board instance
Size: medium
Nodes: 31
0.000000 65.000000 65.000000 91.923882 33.690437 35.277129 36.970384 38.756238 40.622480 65.760858 66.789212 67.825754 68.870116 68.886918 69.869277 70.860779 71.861046 37.791397 38.609995 39.574953 40.675856 41.901991 43.242706 44.687690 45.133857 45.821470 46.637455 47.575210 48.627690 49.787619 51.047674 
65.000000 0.000000 91.923882 65.000000 52.199271 50.039926 47.917927 45.838460 43.807583 59.109571 60.251554 61.398566 62.550330 57.047861 58.230290 59.416335 60.605782 30.897749 31.893775 33.055378 34.365774 35.808630 37.368607 39.031664 23.936296 25.208892 26.663335 28.271572 30.008889 31.854171 33.789735 
65.000000 91.923882 0.000000 65.000000 43.148848 44.398799 45.755731 47.210418 48.754112 40.689433 40.334084 40.015902 39.735782 45.569145 45.252131 44.968761 44.719675 64.944637 62.850201 60.789744 58.766839 56.785500 54.850230 52.966081 69.474321 67.520539 65.606923 63.737091 61.915009 60.145018 58.431850 
91.923882 65.000000 65.000000 0.000000 58.749821 56.839879 54.980954 53.178398 51.438136 28.724221 28.218597 27.761905 27.356595 24.199130 23.596742 23.048652 22.558818 61.190579 58.962946 56.761555 54.589583 52.450683 50.349071 48.289615 57.987605 55.631865 53.293054 50.973502 48.675965 46.403710 44.160642 
33.690437 52.199271 43.148848 58.749821 0.000000 2.540000 5.080000 7.620000 10.160000 32.076142 33.118534 34.176330 35.248143 35.268094 36.218737 37.188455 38.175793 22.442894 20.725002 19.190391 17.886300 16.866284 16.184145 15.883475 28.348241 27.008610 25.849766 24.896968 24.174591 23.703710 23.499448 
35.277129 50.039926 44.398799 56.839879 2.540000 0.000000 2.540000 5.080000 7.620000 30.671711 31.760231 32.861779 33.975088 33.614090 34.610194 35.623725 36.653237 20.724626 18.850791 17.149278 15.676300 14.501661 13.702306 13.345839 26.281929 24.831070 23.565387 22.516129 21.714693 21.189216 20.960465 
36.970384 47.917927 45.755731 54.980954 5.080000 2.540000 0.000000 2.540000 5.080000 29.419926 30.553077 31.696604 32.849426 32.076142 33.118534 34.176330 35.248143 19.189579 17.148824 15.258689 13.582202 12.207703 11.246468 10.809313 24.305556 22.728886 21.338877 20.174149 19.275583 18.681625 18.421763 
38.756238 45.838460 47.210418 53.178398 7.620000 5.080000 2.540000 0.000000 2.540000 28.341020 29.515621 30.697819 31.886771 30.671711 31.760231 32.861779 33.975088 17.884994 15.675306 13.581628 11.666587 10.032998 8.838330 8.274919 22.442894 20.725002 19.190391 17.886300 16.866284 16.184145 15.883475 
40.622480 43.807583 48.754112 51.438136 10.160000 7.620000 5.080000 2.540000 0.000000 27.455382 28.666295 29.882114 31.102263 29.419926 30.553077 31.696604 32.849426 16.864437 14.500050 12.206427 10.032222 8.074484 6.530874 5.745479 20.724626 18.850791 17.149278 15.676300 14.501661 13.702306 13.345839 
65.760858 59.109571 40.689433 28.724221 32.076142 30.671711 29.419926 28.341020 27.455382 0.000000 1.270000 2.540000 3.810000 5.080000 5.236344 5.679613 6.350000 42.078004 39.543768 37.010322 34.477840 31.946552 29.416765 26.888905 42.270178 39.748195 37.228663 34.712115 32.199249 29.691001 27.188650 
66.789212 60.251554 40.334084 28.218597 33.118534 31.760231 30.553077 29.515621 28.666295 1.270000 0.000000 1.270000 2.540000 5.236344 5.080000 5.236344 5.679613 43.345376 40.810796 38.276936 35.743947 33.212029 30.681448 28.152562 43.531954 41.008908 38.488093 35.969977 33.455169 30.944478 28.438991 
67.825754 61.398566 40.015902 27.761905 34.176330 32.861779 31.696604 30.697819 29.882114 2.540000 1.270000 0.000000 1.270000 5.679613 5.236344 5.080000 5.236344 44.612896 42.078004 39.543768 37.010322 34.477840 31.946552 29.416765 44.794196 42.270178 39.748195 37.228663 34.712115 32.199249 29.691001 
68.870116 62.550330 39.735782 27.356595 35.248143 33.975088 32.849426 31.886771 31.102263 3.810000 2.540000 1.270000 0.000000 6.350000 5.679613 5.236344 5.080000 45.880554 43.345376 40.810796 38.276936 35.743947 33.212029 30.681448 46.056864 43.531954 41.008908 38.488093 35.969977 33.455169 30.944478 
68.886918 57.047861 45.569145 24.199130 35.268094 33.614090 32.076142 30.671711 29.419926 5.080000 5.236344 5.679613 6.350000 0.000000 1.270000 2.540000 3.810000 42.711452 40.217151 37.728949 35.248136 32.776392 30.315933 27.869749 41.988789 39.448822 36.908859 34.368901 31.828951 29.289009 26.749078 
69.869277 58.230290 45.252131 23.596742 36.218737 34.610194 33.118534 31.760231 30.553077 5.236344 5.080000 5.236344 5.679613 1.270000 0.000000 1.270000 2.540000 43.960565 41.463608 38.972215 36.487525 34.011007 31.544586 29.090831 43.258774 40.718805 38.178840 35.638879 33.098925 30.558979 28.019042 
70.860779 59.416335 44.968761 23.048652 37.188455 35.623725 34.176330 32.861779 31.696604 5.679613 5.236344 5.080000 5.236344 2.540000 1.270000 0.000000 1.270000 45.210842 42.711452 40.217151 37.728949 35.248136 32.776392 30.315933 44.528760 41.988789 39.448822 36.908859 34.368901 31.828951 29.289009 
71.861046 60.605782 44.719675 22.558818 38.175793 36.653237 35.248143 33.975088 32.849426 6.350000 5.679613 5.236344 5.080000 3.810000 2.540000 1.270000 0.000000 46.462188 43.960565 41.463608 38.972215 36.487525 34.011007 31.544586 45.798747 43.258774 40.718805 38.178840 35.638879 33.098925 30.558979 
37.791397 30.897749 64.944637 61.190579 22.442894 20.724626 19.189579 17.884994 16.864437 42.078004 43.345376 44.612896 45.880554 42.711452 43.960565 45.210842 46.462188 0.000000 2.540000 5.080000 7.620000 10.160000 12.700000 15.240000 7.620000 8.032185 9.158100 10.776307 12.700000 14.810618 17.038838 
38.609995 31.893775 62.850201 58.962946 20.725002 18.850791 17.148824 15.675306 14.500050 39.543768 40.810796 42.078004 43.345376 40.217151 41.463608 42.711452 43.960565 2.540000 0.000000 2.540000 5.080000 7.620000 10.160000 12.700000 8.032185 7.620000 8.032185 9.158100 10.776307 12.700000 14.810618 
39.574953 33.055378 60.789744 56.761555 19.190391 17.149278 15.258689 13.581628 12.206427 37.010322 38.276936 39.543768 40.810796 37.728949 38.972215 40.217151 41.463608 5.080000 2.540000 0.000000 2.540000 5.080000 7.620000 10.160000 9.158100 8.032185 7.620000 8.032185 9.158100 10.776307 12.700000 
40.675856 34.365774 58.766839 54.589583 17.886300 15.676300 13.582202 11.666587 10.032222 34.477840 35.743947 37.010322 38.276936 35.248136 36.487525 37.728949 38.972215 7.620000 5.080000 2.540000 0.000000 2.540000 5.080000 7.620000 10.776307 9.158100 8.032185 7.620000 8.032185 9.158100 10.776307 
41.901991 35.808630 56.785500 52.450683 16.866284 14.501661 12.207703 10.032998 8.074484 31.946552 33.212029 34.477840 35.743947 32.776392 34.011007 35.248136 36.487525 10.160000 7.620000 5.080000 2.540000 0.000000 2.540000 5.080000 12.700000 10.776307 9.158100 8.032185 7.620000 8.032185 9.158100 
43.242706 37.368607 54.850230 50.349071 16.184145 13.702306 11.246468 8.838330 6.530874 29.416765 30.681448 31.946552 33.212029 30.315933 31.544586 32.776392 34.011007 12.700000 10.160000 7.620000 5.080000 2.540000 0.000000 2.540000 14.810618 12.700000 10.776307 9.158100 8.032185 7.620000 8.032185 
44.687690 39.031664 52.966081 48.289615 15.883475 13.345839 10.809313 8.274919 5.745479 26.888905 28.152562 29.416765 30.681448 27.869749 29.090831 30.315933 31.544586 15.240000 12.700000 10.160000 7.620000 5.080000 2.540000 0.000000 17.038838 14.810618 12.700000 10.776307 9.158100 8.032185 7.620000 
45.133857 23.936296 69.474321 57.987605 28.348241 26.281929 24.305556 22.442894 20.724626 42.270178 43.531954 44.794196 46.056864 41.988789 43.258774 44.528760 45.798747 7.620000 8.032185 9.158100 10.776307 12.700000 14.810618 17.038838 0.000000 2.540000 5.080000 7.620000 10.160000 12.700000 15.240000 
45.821470 25.208892 67.520539 55.631865 27.008610 24.831070 22.728886 20.725002 18.850791 39.748195 41.008908 42.270178 43.531954 39.448822 40.718805 41.988789 43.258774 8.032185 7.620000 8.032185 9.158100 10.776307 12.700000 14.810618 2.540000 0.000000 2.540000 5.080000 7.620000 10.160000 12.700000 
46.637455 26.663335 65.606923 53.293054 25.849766 23.565387 21.338877 19.190391 17.149278 37.228663 38.488093 39.748195 41.008908 36.908859 38.178840 39.448822 40.718805 9.158100 8.032185 7.620000 8.032185 9.158100 10.776307 12.700000 5.080000 2.540000 0.000000 2.540000 5.080000 7.620000 10.160000 
47.575210 28.271572 63.737091 50.973502 24.896968 22.516129 20.174149 17.886300 15.676300 34.712115 35.969977 37.228663 38.488093 34.368901 35.638879 36.908859 38.178840 10.776307 9.158100 8.032185 7.620000 8.032185 9.158100 10.776307 7.620000 5.080000 2.540000 0.000000 2.540000 5.080000 7.620000 
48.627690 30.008889 61.915009 48.675965 24.174591 21.714693 19.275583 16.866284 14.501661 32.199249 33.455169 34.712115 35.969977 31.828951 33.098925 34.368901 35.638879 12.700000 10.776307 9.158100 8.032185 7.620000 8.032185 9.158100 10.160000 7.620000 5.080000 2.540000 0.000000 2.540000 5.080000 
49.787619 31.854171 60.145018 46.403710 23.703710 21.189216 18.681625 16.184145 13.702306 29.691001 30.944478 32.199249 33.455169 29.289009 30.558979 31.828951 33.098925 14.810618 12.700000 10.776307 9.158100 8.032185 7.620000 8.032185 12.700000 10.160000 7.620000 5.080000 2.540000 0.000000 2.540000 
51.047674 33.789735 58.431850 44.160642 23.499448 20.960465 18.421763 15.883475 13.345839 27.188650 28.438991 29.691001 30.944478 26.749078 28.019042 29.289009 30.558979 17.038838 14.810618 12.700000 10.776307 9.158100 8.032185 7.620000 15.240000 12.700000 10.160000 7.620000 5.080000 2.540000 0.000000 
