26
# Circuit board instance
Size: medium
Nodes: 26
0.000000 40.000000 40.000000 56.568542 28.890250 29.176748 29.515157 29.903715 33.878618 34.123259 34.413060 34.746890 34.693245 36.069022 37.566349 39.171292 40.871173 42.654644 44.511658 41.408409 42.567704 43.843651 45.226377 46.706401 48.274774 49.923169 
40.000000 0.000000 56.568542 40.000000 13.129380 13.748334 14.452632 15.230438 8.893525 9.784215 10.751407 11.776265 20.635459 22.873025 25.168066 27.506200 29.877311 32.274132 34.691334 18.090255 20.606076 23.127185 25.652020 28.179582 30.709196 33.240394 
40.000000 56.568542 0.000000 40.000000 44.288549 43.318722 42.364768 41.427783 47.692659 46.793438 45.911738 45.048589 37.041894 35.584477 34.253631 33.064645 32.033317 31.175300 30.505219 43.395127 42.157919 41.040789 40.053787 39.206741 38.508888 37.968454 
56.568542 40.000000 40.000000 0.000000 36.044551 34.846029 33.652750 32.465293 34.726414 33.480739 32.236963 30.995313 24.378327 22.101039 19.887489 17.761523 15.758628 13.931986 12.359989 22.265174 19.745659 17.232160 14.727756 12.238034 9.774219 7.362366 
28.890250 13.129380 44.288549 36.044551 0.000000 1.270000 2.540000 3.810000 5.080000 5.236344 5.679613 6.350000 12.066091 14.590999 17.120373 19.652489 22.186406 24.721573 27.257639 15.022117 17.116388 19.317884 21.593836 23.923003 26.291246 28.688889 
29.176748 13.748334 43.318722 34.846029 1.270000 0.000000 1.270000 2.540000 5.236344 5.080000 5.236344 5.679613 10.806289 13.327828 15.855262 18.386159 20.919263 23.453859 25.989510 14.030301 16.053176 18.206119 20.448088 22.752781 25.102927 27.486871 
29.515157 14.452632 42.364768 33.652750 2.540000 1.270000 0.000000 1.270000 5.679613 5.236344 5.080000 5.236344 9.549190 12.066091 14.590999 17.120373 19.652489 22.186406 24.721573 13.086653 15.022117 17.116388 19.317884 21.593836 23.923003 26.291246 
29.903715 15.230438 41.427783 32.465293 3.810000 2.540000 1.270000 0.000000 6.350000 5.679613 5.236344 5.080000 8.296021 10.806289 13.327828 15.855262 18.386159 20.919263 23.453859 12.202353 14.030301 16.053176 18.206119 20.448088 22.752781 25.102927 
33.878618 8.893525 47.692659 34.726414 5.080000 5.236344 5.679613 6.350000 0.000000 1.270000 2.540000 3.810000 12.518955 14.967664 17.442502 19.933740 22.435916 24.945738 27.461110 12.624520 15.056069 17.518423 20.000206 22.494990 24.998882 27.509395 
34.123259 9.784215 46.793438 33.480739 5.236344 5.080000 5.236344 5.679613 1.270000 0.000000 1.270000 2.540000 11.309712 13.739167 16.202562 18.686480 21.183703 23.690023 26.202830 11.426453 13.835424 16.284265 18.757367 21.246259 23.745977 26.253430 
34.413060 10.751407 45.911738 32.236963 5.679613 5.236344 5.080000 5.236344 2.540000 1.270000 0.000000 1.270000 10.115370 12.518955 14.967664 17.442502 19.933740 22.435916 24.945738 10.245730 12.624520 15.056069 17.518423 20.000206 22.494990 24.998882 
34.746890 11.776265 45.048589 30.995313 6.350000 5.679613 5.236344 5.080000 3.810000 2.540000 1.270000 0.000000 8.941905 11.309712 13.739167 16.202562 18.686480 21.183703 23.690023 9.089110 11.426453 13.835424 16.284265 18.757367 21.246259 23.745977 
34.693245 20.635459 37.041894 24.378327 12.066091 10.806289 9.549190 8.296021 12.518955 11.309712 10.115370 8.941905 0.000000 2.540000 5.080000 7.620000 10.160000 12.700000 15.240000 7.620000 8.032185 9.158100 10.776307 12.700000 14.810618 17.038838 
36.069022 22.873025 35.584477 22.101039 14.590999 13.327828 12.066091 10.806289 14.967664 13.739167 12.518955 11.309712 2.540000 0.000000 2.540000 5.080000 7.620000 10.160000 12.700000 8.032185 7.620000 8.032185 9.158100 10.776307 12.700000 14.810618 
37.566349 25.168066 34.253631 19.887489 17.120373 15.855262 14.590999 13.327828 17.442502 16.202562 14.967664 13.739167 5.080000 2.540000 0.000000 2.540000 5.080000 7.620000 10.160000 9.158100 8.032185 7.620000 8.032185 9.158100 10.776307 12.700000 
39.171292 27.506200 33.064645 17.761523 19.652489 18.386159 17.120373 15.855262 19.933740 18.686480 17.442502 16.202562 7.620000 5.080000 2.540000 0.000000 2.540000 5.080000 7.620000 10.776307 9.158100 8.032185 7.620000 8.032185 9.158100 10.776307 
40.871173 29.877311 32.033317 15.758628 22.186406 20.919263 19.652489 18.386159 22.435916 21.183703 19.933740 18.686480 10.160000 7.620000 5.080000 2.540000 0.000000 2.540000 5.080000 12.700000 10.776307 9.158100 8.032185 7.620000 8.032185 9.158100 
42.654644 32.274132 31.175300 13.931986 24.721573 23.453859 22.186406 20.919263 24.945738 23.690023 22.435916 21.183703 12.700000 10.160000 7.620000 5.080000 2.540000 0.000000 2.540000 14.810618 12.700000 10.776307 9.158100 8.032185 7.620000 8.032185 
44.511658 34.691334 30.505219 12.359989 27.257639 25.989510 24.721573 23.453859 27.461110 26.202830 24.945738 23.690023 15.240000 12.700000 10.160000 7.620000 5.080000 2.540000 0.000000 17.038838 14.810618 12.700000 10.776307 9.158100 8.032185 7.620000 
41.408409 18.090255 43.395127 22.265174 15.022117 14.030301 13.086653 12.202353 12.624520 11.426453 10.245730 9.089110 7.620000 8.032185 9.158100 10.776307 12.700000 14.810618 17.038838 0.000000 2.540000 5.080000 7.620000 10.160000 12.700000 15.240000 
42.567704 20.606076 42.157919 19.745659 17.116388 16.053176 15.022117 14.030301 15.056069 13.835424 12.624520 11.426453 8.032185 7.620000 8.032185 9.158100 10.776307 12.700000 14.810618 2.540000 0.000000 2.540000 5.080000 7.620000 10.160000 12.700000 
43.843651 23.127185 41.040789 17.232160 19.317884 18.206119 17.116388 16.053176 17.518423 16.284265 15.056069 13.835424 9.158100 8.032185 7.620000 8.032185 9.158100 10.776307 12.700000 5.080000 2.540000 0.000000 2.540000 5.080000 7.620000 10.160000 
45.226377 25.652020 40.053787 14.727756 21.593836 20.448088 19.317884 18.206119 20.000206 18.757367 17.518423 16.284265 10.776307 9.158100 8.032185 7.620000 8.032185 9.158100 10.776307 7.620000 5.080000 2.540000 0.000000 2.540000 5.080000 7.620000 
46.706401 28.179582 39.206741 12.238034 23.923003 22.752781 21.593836 20.448088 22.494990 21.246259 20.000206 18.757367 12.700000 10.776307 9.158100 8.032185 7.620000 8.032185 9.158100 10.160000 7.620000 5.080000 2.540000 0.000000 2.540000 5.080000 
48.274774 30.709196 38.508888 9.774219 26.291246 25.102927 23.923003 22.752781 24.998882 23.745977 22.494990 21.246259 14.810618 12.700000 10.776307 9.158100 8.032185 7.620000 8.032185 12.700000 10.160000 7.620000 5.080000 2.540000 0.000000 2.540000 
49.923169 33.240394 37.968454 7.362366 28.688889 27.486871 26.291246 25.102927 27.509395 26.253430 24.998882 23.745977 17.038838 14.810618 12.700000 10.776307 9.158100 8.032185 7.620000 15.240000 12.700000 10.160000 7.620000 5.080000 2.540000 0.000000 
