25
# Circuit board instance
Size: medium
Nodes: 25
0.000000 90.000000 90.000000 127.279221 78.409940 80.944885 83.480136 86.015668 88.551456 71.977404 72.915218 73.862961 74.820258 75.517367 76.411747 77.316642 78.231689 90.636384 91.579981 92.531386 93.490363 94.129123 95.038048 95.955173 96.880264 
90.000000 0.000000 127.279221 90.000000 12.780086 10.492198 8.351349 6.504387 5.269940 66.990153 67.996786 69.012107 70.035740 63.995365 65.048359 66.108979 67.176864 73.068506 74.235742 75.406299 76.580026 71.203541 72.400850 73.600595 74.802661 
90.000000 127.279221 0.000000 90.000000 115.515373 117.250829 119.015192 120.807193 122.625622 61.364415 60.604238 59.861355 59.136416 65.480665 64.768818 64.074238 63.397491 65.150709 64.714401 64.300220 63.908596 69.928196 69.521877 69.136502 68.772424 
127.279221 90.000000 90.000000 0.000000 85.784691 85.473790 85.237478 85.076376 84.990911 55.430364 54.587614 53.761656 52.953278 51.771144 50.867806 49.980414 49.109833 36.995505 36.221626 35.476341 34.761490 33.160293 32.294641 31.456453 30.647982 
78.409940 12.780086 115.515373 85.784691 0.000000 2.540000 5.080000 7.620000 10.160000 56.149286 57.235162 58.328474 59.428814 53.664331 54.799469 55.940406 57.086794 64.392923 65.617273 66.843325 68.070989 63.220078 64.466705 65.714228 66.962596 
80.944885 10.492198 117.250829 85.473790 2.540000 0.000000 2.540000 5.080000 7.620000 57.519893 58.580368 59.649029 60.725445 54.862098 55.972950 57.090440 58.214185 65.120186 66.331112 67.544209 68.759360 63.758621 64.994920 66.232495 67.471274 
83.480136 8.351349 119.015192 85.237478 5.080000 2.540000 0.000000 2.540000 5.080000 58.968102 60.002987 61.046750 62.098942 56.149286 57.235162 58.328474 59.428814 65.937332 67.133521 68.332374 69.533753 64.392923 65.617273 66.843325 68.070989 
86.015668 6.504387 120.807193 85.076376 7.620000 5.080000 2.540000 0.000000 2.540000 60.488339 61.497647 62.516460 63.544321 57.519893 58.580368 59.649029 60.725445 66.841066 68.021365 69.204839 70.391329 65.120186 66.331112 67.544209 68.759360 
88.551456 5.269940 122.625622 84.990911 10.160000 7.620000 5.080000 2.540000 0.000000 62.075314 63.059226 64.053206 65.056792 58.968102 60.002987 61.046750 62.098942 67.827927 68.991345 70.158458 71.329088 65.937332 67.133521 68.332374 69.533753 
71.977404 66.990153 61.364415 55.430364 56.149286 57.519893 58.968102 60.488339 62.075314 0.000000 1.270000 2.540000 3.810000 5.080000 5.236344 5.679613 6.350000 18.670251 19.653185 20.667434 21.708612 22.306865 23.135808 24.003349 24.905456 
72.915218 67.996786 60.604238 54.587614 57.235162 58.580368 60.002987 61.497647 63.059226 1.270000 0.000000 1.270000 2.540000 5.236344 5.080000 5.236344 5.679613 17.723845 18.670251 19.653185 20.667434 21.520981 22.306865 23.135808 24.003349 
73.862961 69.012107 59.861355 53.761656 58.328474 59.649029 61.046750 62.516460 64.053206 2.540000 1.270000 0.000000 1.270000 5.679613 5.236344 5.080000 5.236344 16.820134 17.723845 18.670251 19.653185 20.783042 21.520981 22.306865 23.135808 
74.820258 70.035740 59.136416 52.953278 59.428814 60.725445 62.098942 63.544321 65.056792 3.810000 2.540000 1.270000 0.000000 6.350000 5.679613 5.236344 5.080000 15.966369 16.820134 17.723845 18.670251 20.098330 20.783042 21.520981 22.306865 
75.517367 63.995365 65.480665 51.771144 53.664331 54.862098 56.149286 57.519893 58.968102 5.080000 5.236344 5.679613 6.350000 0.000000 1.270000 2.540000 3.810000 15.848443 16.995368 18.158682 19.335426 18.670251 19.653185 20.667434 21.708612 
76.411747 65.048359 64.768818 50.867806 54.799469 55.972950 57.235162 58.580368 60.002987 5.236344 5.080000 5.236344 5.679613 1.270000 0.000000 1.270000 2.540000 14.721738 15.848443 16.995368 18.158682 17.723845 18.670251 19.653185 20.667434 
77.316642 66.108979 64.074238 49.980414 55.940406 57.090440 58.328474 59.649029 61.046750 5.679613 5.236344 5.080000 5.236344 2.540000 1.270000 0.000000 1.270000 13.620271 14.721738 15.848443 16.995368 16.820134 17.723845 18.670251 19.653185 
78.231689 67.176864 63.397491 49.109833 57.086794 58.214185 59.428814 60.725445 62.098942 6.350000 5.679613 5.236344 5.080000 3.810000 2.540000 1.270000 0.000000 12.550689 13.620271 14.721738 15.848443 15.966369 16.820134 17.723845 18.670251 
90.636384 73.068506 65.150709 36.995505 64.392923 65.120186 65.937332 66.841066 67.827927 18.670251 17.723845 16.820134 15.966369 15.848443 14.721738 13.620271 12.550689 0.000000 1.270000 2.540000 3.810000 5.080000 5.236344 5.679613 6.350000 
91.579981 74.235742 64.714401 36.221626 65.617273 66.331112 67.133521 68.021365 68.991345 19.653185 18.670251 17.723845 16.820134 16.995368 15.848443 14.721738 13.620271 1.270000 0.000000 1.270000 2.540000 5.236344 5.080000 5.236344 5.679613 
92.531386 75.406299 64.300220 35.476341 66.843325 67.544209 68.332374 69.204839 70.158458 20.667434 19.653185 18.670251 17.723845 18.158682 16.995368 15.848443 14.721738 2.540000 1.270000 0.000000 1.270000 5.679613 5.236344 5.080000 5.236344 
93.490363 76.580026 63.908596 34.761490 68.070989 68.759360 69.533753 70.391329 71.329088 21.708612 20.667434 19.653185 18.670251 19.335426 18.158682 16.995368 15.848443 3.810000 2.540000 1.270000 0.000000 6.350000 5.679613 5.236344 5.080000 
94.129123 71.203541 69.928196 33.160293 63.220078 63.758621 64.392923 65.120186 65.937332 22.306865 21.520981 20.783042 20.098330 18.670251 17.723845 16.820134 15.966369 5.080000 5.236344 5.679613 6.350000 0.000000 1.270000 2.540000 3.810000 
95.038048 72.400850 69.521877 32.294641 64.466705 64.994920 65.617273 66.331112 67.133521 23.135808 22.306865 21.520981 20.783042 19.653185 18.670251 17.723845 16.820134 5.236344 5.080000 5.236344 5.679613 1.270000 0.000000 1.270000 2.540000 
95.955173 73.600595 69.136502 31.456453 65.714228 66.232495 66.843325 67.544209 68.332374 24.003349 23.135808 22.306865 21.520981 20.667434 19.653185 18.670251 17.723845 5.679613 5.236344 5.080000 5.236344 2.540000 1.270000 0.000000 1.270000 
96.880264 74.802661 68.772424 30.647982 66.962596 67.471274 68.070989 68.759360 69.533753 24.905456 24.003349 23.135808 22.306865 21.708612 20.667434 19.653185 18.670251 6.350000 5.679613 5.236344 5.080000 3.810000 2.540000 1.270000 0.000000 
