34
# Circuit board instance
Size: medium
Nodes: 34
0.000000 90.000000 90.000000 127.279221 16.554459 17.530684 18.542530 19.584478 20.261630 21.066761 21.915952 22.804283 24.166555 26.556720 28.972394 31.407690 33.858375 36.321335 38.794231 27.797663 29.898948 32.063800 34.280179 36.538709 38.832037 41.154345 104.541240 105.533920 106.532489 107.536785 107.797505 108.760468 109.729679 110.704974 
90.000000 0.000000 127.279221 90.000000 80.082674 80.290157 80.517140 80.763459 75.068756 75.290058 75.532069 75.794589 84.505784 85.220095 86.003516 86.854178 87.770125 88.749336 89.789741 77.190124 77.971484 78.826978 79.754222 80.750743 81.814010 82.941457 85.066489 86.283514 87.502045 88.722020 83.745679 84.981621 86.218554 87.456434 
90.000000 127.279221 0.000000 90.000000 78.296215 77.038770 75.781743 74.525157 79.163002 77.919546 76.676960 75.435287 67.947209 65.428283 62.911051 60.395726 57.882557 55.371836 52.863912 69.321792 66.854677 64.393230 61.938126 59.490151 57.050222 54.619418 66.067693 65.915684 65.787844 65.684315 71.108165 70.966953 70.848229 70.752105 
127.279221 90.000000 90.000000 0.000000 110.767693 109.882467 109.004849 108.135024 107.198719 106.283772 105.376186 104.476155 105.707277 104.106029 102.542701 101.019052 99.536905 98.098141 96.704697 99.955570 98.260638 96.602760 94.983876 93.406013 91.871285 90.381890 25.930228 25.540438 25.208670 24.937239 21.199241 20.720644 20.310296 19.972406 
16.554459 80.082674 78.296215 110.767693 0.000000 1.270000 2.540000 3.810000 5.080000 5.236344 5.679613 6.350000 10.393045 12.881331 15.386526 17.901534 20.422728 22.948070 25.476327 11.431857 13.733196 16.106433 18.523954 20.970451 23.436849 25.917469 88.003242 89.002506 90.008595 91.021285 91.243217 92.207375 93.178867 94.157465 
17.530684 80.290157 77.038770 109.882467 1.270000 0.000000 1.270000 2.540000 5.236344 5.080000 5.236344 5.679613 9.159553 11.634394 14.132376 16.643081 19.161510 21.684971 24.211891 10.323246 12.571043 14.912948 17.310810 19.744251 22.201575 24.675649 87.011040 88.003242 89.002506 90.008595 90.286627 91.243217 92.207375 93.178867 
18.542530 80.517140 75.781743 109.004849 2.540000 1.270000 0.000000 1.270000 5.679613 5.236344 5.080000 5.236344 7.937586 10.393045 12.881331 15.386526 17.901534 20.422728 22.948070 9.256200 11.431857 13.733196 16.106433 18.523954 20.970451 23.436849 86.026143 87.011040 88.003242 89.002506 89.337848 90.286627 91.243217 92.207375 
19.584478 80.763459 74.525157 108.135024 3.810000 2.540000 1.270000 0.000000 6.350000 5.679613 5.236344 5.080000 6.733417 9.159553 11.634394 14.132376 16.643081 19.161510 21.684971 8.246872 10.323246 12.571043 14.912948 17.310810 19.744251 22.201575 85.048805 86.026143 87.011040 88.003242 88.397133 89.337848 90.286627 91.243217 
20.261630 75.068756 79.163002 107.198719 5.080000 5.236344 5.679613 6.350000 0.000000 1.270000 2.540000 3.810000 12.546582 14.674128 16.915867 19.231907 21.598360 24.000318 26.428102 10.132596 12.672127 15.211815 17.751592 20.291425 22.831295 25.371192 84.943684 85.978514 87.019573 88.066640 88.003242 89.002506 90.008595 91.021285 
21.066761 75.290058 77.919546 106.283772 5.236344 5.080000 5.236344 5.679613 1.270000 0.000000 1.270000 2.540000 11.545508 13.592663 15.783706 18.066364 20.409919 22.795599 25.211446 8.862931 11.402336 13.941957 16.481695 19.021503 21.561357 24.101241 83.915314 84.943684 85.978514 87.019573 87.011040 88.003242 89.002506 90.008595 
21.915952 75.532069 76.676960 105.376186 5.679613 5.236344 5.080000 5.236344 2.540000 1.270000 0.000000 1.270000 10.602198 12.546582 14.674128 16.915867 19.231907 21.598360 24.000318 7.593378 10.132596 12.672127 15.211815 17.751592 20.291425 22.831295 82.893643 83.915314 84.943684 85.978514 86.026143 87.011040 88.003242 89.002506 
22.804283 75.794589 75.435287 104.476155 6.350000 5.679613 5.236344 5.080000 3.810000 2.540000 1.270000 0.000000 9.733461 11.545508 13.592663 15.783706 18.066364 20.409919 22.795599 6.324005 8.862931 11.402336 13.941957 16.481695 19.021503 21.561357 81.878923 82.893643 83.915314 84.943684 85.048805 86.026143 87.011040 88.003242 
24.166555 84.505784 67.947209 105.707277 10.393045 9.159553 7.937586 6.733417 12.546582 11.545508 10.602198 9.733461 0.000000 2.540000 5.080000 7.620000 10.160000 12.700000 15.240000 7.620000 8.032185 9.158100 10.776307 12.700000 14.810618 17.038838 81.904129 82.821681 83.748440 84.684104 85.513947 86.393170 87.282015 88.180192 
26.556720 85.220095 65.428283 104.106029 12.881331 11.634394 10.393045 9.159553 14.674128 13.592663 12.546582 11.545508 2.540000 0.000000 2.540000 5.080000 7.620000 10.160000 12.700000 8.032185 7.620000 8.032185 9.158100 10.776307 12.700000 14.810618 80.097906 80.996096 81.904129 82.821681 83.785580 84.644648 85.513947 86.393170 
28.972394 86.003516 62.911051 102.542701 15.386526 14.132376 12.881331 11.634394 16.915867 15.783706 14.674128 13.592663 5.080000 2.540000 0.000000 2.540000 5.080000 7.620000 10.160000 9.158100 8.032185 7.620000 8.032185 9.158100 10.776307 12.700000 78.332408 79.209895 80.097906 80.996096 82.099421 82.937062 83.785580 84.644648 
31.407690 86.854178 60.395726 101.019052 17.901534 16.643081 15.386526 14.132376 19.231907 18.066364 16.915867 15.783706 7.620000 5.080000 2.540000 0.000000 2.540000 5.080000 7.620000 10.776307 9.158100 8.032185 7.620000 8.032185 9.158100 10.776307 76.610448 77.465802 78.332408 79.209895 80.458124 81.272993 82.099421 82.937062 
33.858375 87.770125 57.882557 99.536905 20.422728 19.161510 17.901534 16.643081 21.598360 20.409919 19.231907 18.066364 10.160000 7.620000 5.080000 2.540000 0.000000 2.540000 5.080000 12.700000 10.776307 9.158100 8.032185 7.620000 8.032185 9.158100 74.935030 75.766726 76.610448 77.465802 78.864488 79.655167 80.458124 81.272993 
36.321335 88.749336 55.371836 98.098141 22.948070 21.684971 20.422728 19.161510 24.000318 22.795599 21.598360 20.409919 12.700000 10.160000 7.620000 5.080000 2.540000 0.000000 2.540000 14.810618 12.700000 10.776307 9.158100 8.032185 7.620000 8.032185 73.309343 74.115763 74.935030 75.766726 77.321463 78.086460 78.864488 79.655167 
38.794231 89.789741 52.863912 96.704697 25.476327 24.211891 22.948070 21.684971 26.428102 25.211446 24.000318 22.795599 15.240000 12.700000 10.160000 7.620000 5.080000 2.540000 0.000000 17.038838 14.810618 12.700000 10.776307 9.158100 8.032185 7.620000 71.736769 72.516198 73.309343 74.115763 75.832136 76.569889 77.321463 78.086460 
27.797663 77.190124 69.321792 99.955570 11.431857 10.323246 9.256200 8.246872 10.132596 8.862931 7.593378 6.324005 7.620000 8.032185 9.158100 10.776307 12.700000 14.810618 17.038838 0.000000 2.540000 5.080000 7.620000 10.160000 12.700000 15.240000 76.801933 77.779699 78.765804 79.759940 80.159009 81.096308 82.042560 82.997456 
29.898948 77.971484 66.854677 98.260638 13.733196 12.571043 11.431857 10.323246 12.672127 11.402336 10.132596 8.862931 8.032185 7.620000 8.032185 9.158100 10.776307 12.700000 14.810618 2.540000 0.000000 2.540000 5.080000 7.620000 10.160000 12.700000 74.872727 75.832831 76.801933 77.779699 78.312547 79.230978 80.159009 81.096308 
32.063800 78.826978 64.393230 96.602760 16.106433 14.912948 13.733196 12.571043 15.211815 13.941957 12.672127 11.402336 9.158100 8.032185 7.620000 8.032185 9.158100 10.776307 12.700000 5.080000 2.540000 0.000000 2.540000 5.080000 7.620000 10.160000 72.980934 73.921973 74.872727 75.832831 76.505859 77.404055 78.312547 79.230978 
34.280179 79.754222 61.938126 94.983876 18.523954 17.310810 16.106433 14.912948 17.751592 16.481695 15.211815 13.941957 10.776307 9.158100 8.032185 7.620000 8.032185 9.158100 10.776307 7.620000 5.080000 2.540000 0.000000 2.540000 5.080000 7.620000 71.129540 72.049991 72.980934 73.921973 74.741830 75.618324 76.505859 77.404055 
36.538709 80.750743 59.490151 93.406013 20.970451 19.744251 18.523954 17.310810 20.291425 19.021503 17.751592 16.481695 12.700000 10.776307 9.158100 8.032185 7.620000 8.032185 9.158100 10.160000 7.620000 5.080000 2.540000 0.000000 2.540000 5.080000 69.321781 70.219993 71.129540 72.049991 73.023551 73.876770 74.741830 75.618324 
38.832037 81.814010 57.050222 91.871285 23.436849 22.201575 20.970451 19.744251 22.831295 21.561357 20.291425 19.021503 14.810618 12.700000 10.776307 9.158100 8.032185 7.620000 8.032185 12.700000 10.160000 7.620000 5.080000 2.540000 0.000000 2.540000 67.561160 68.435349 69.321781 70.219993 71.354328 72.182592 73.023551 73.876770 
41.154345 82.941457 54.619418 90.381890 25.917469 24.675649 23.436849 22.201575 25.371192 24.101241 22.831295 21.561357 17.038838 14.810618 12.700000 10.776307 9.158100 8.032185 7.620000 15.240000 12.700000 10.160000 7.620000 5.080000 2.540000 0.000000 65.851459 66.699697 67.561160 68.435349 69.737683 70.539204 71.354328 72.182592 
104.541240 85.066489 66.067693 25.930228 88.003242 87.011040 86.026143 85.048805 84.943684 83.915314 82.893643 81.878923 81.904129 80.097906 78.332408 76.610448 74.935030 73.309343 71.736769 76.801933 74.872727 72.980934 71.129540 69.321781 67.561160 65.851459 0.000000 1.270000 2.540000 3.810000 5.080000 5.236344 5.679613 6.350000 
105.533920 86.283514 65.915684 25.540438 89.002506 88.003242 87.011040 86.026143 85.978514 84.943684 83.915314 82.893643 82.821681 80.996096 79.209895 77.465802 75.766726 74.115763 72.516198 77.779699 75.832831 73.921973 72.049991 70.219993 68.435349 66.699697 1.270000 0.000000 1.270000 2.540000 5.236344 5.080000 5.236344 5.679613 
106.532489 87.502045 65.787844 25.208670 90.008595 89.002506 88.003242 87.011040 87.019573 85.978514 84.943684 83.915314 83.748440 81.904129 80.097906 78.332408 76.610448 74.935030 73.309343 78.765804 76.801933 74.872727 72.980934 71.129540 69.321781 67.561160 2.540000 1.270000 0.000000 1.270000 5.679613 5.236344 5.080000 5.236344 
107.536785 88.722020 65.684315 24.937239 91.021285 90.008595 89.002506 88.003242 88.066640 87.019573 85.978514 84.943684 84.684104 82.821681 80.996096 79.209895 77.465802 75.766726 74.115763 79.759940 77.779699 75.832831 73.921973 72.049991 70.219993 68.435349 3.810000 2.540000 1.270000 0.000000 6.350000 5.679613 5.236344 5.080000 
107.797505 83.745679 71.108165 21.199241 91.243217 90.286627 89.337848 88.397133 88.003242 87.011040 86.026143 85.048805 85.513947 83.785580 82.099421 80.458124 78.864488 77.321463 75.832136 80.159009 78.312547 76.505859 74.741830 73.023551 71.354328 69.737683 5.080000 5.236344 5.679613 6.350000 0.000000 1.270000 2.540000 3.810000 
108.760468 84.981621 70.966953 20.720644 92.207375 91.243217 90.286627 89.337848 89.002506 88.003242 87.011040 86.026143 86.393170 84.644648 82.937062 81.272993 79.655167 78.086460 76.569889 81.096308 79.230978 77.404055 75.618324 73.876770 72.182592 70.539204 5.236344 5.080000 5.236344 5.679613 1.270000 0.000000 1.270000 2.540000 
109.729679 86.218554 70.848229 20.310296 93.178867 92.207375 91.243217 90.286627 90.008595 89.002506 88.003242 87.011040 87.282015 85.513947 83.785580 82.099421 80.458124 78.864488 77.321463 82.042560 80.159009 78.312547 76.505859 74.741830 73.023551 71.354328 5.679613 5.236344 5.080000 5.236344 2.540000 1.270000 0.000000 1.270000 
110.704974 87.456434 70.752105 19.972406 94.157465 93.178867 92.207375 91.243217 91.021285 90.008595 89.002506 88.003242 88.180192 86.393170 84.644648 82.937062 81.272993 79.655167 78.086460 82.997456 81.096308 79.230978 77.404055 75.618324 73.876770 72.182592 6.350000 5.679613 5.236344 5.080000 3.810000 2.540000 1.270000 0.000000 
