26
# Circuit board instance
Size: medium
Nodes: 26
0.000000 40.000000 40.000000 56.568542 33.655084 33.905674 34.201616 34.541746 38.663586 38.881910 39.140244 39.437804 3.146062 5.327298 7.730827 10.200710 12.698286 15.209920 17.729638 9.976175 10.863078 12.222605 13.916927 15.838966 17.915581 20.098916 
40.000000 0.000000 56.568542 40.000000 9.155970 10.038019 10.996256 12.012464 6.296027 7.521303 8.759328 10.005372 38.002869 38.245267 38.653410 39.222122 39.944547 40.812523 41.816987 30.401389 30.703857 31.210774 31.912399 32.796238 33.848019 35.052629 
40.000000 56.568542 0.000000 40.000000 47.436644 46.535634 45.652175 44.787305 51.112067 50.276967 49.460380 48.663239 37.688677 35.152792 32.617547 30.083105 27.549685 25.017601 22.487302 38.859526 36.405290 33.963668 31.537589 29.130938 26.748958 24.398875 
56.568542 40.000000 40.000000 0.000000 34.661250 33.417545 32.175894 30.936545 34.017796 32.749664 31.481682 30.213870 53.429924 51.672422 49.982244 48.366451 46.832740 45.389434 44.045421 48.319594 46.368799 44.477535 42.653721 40.906380 39.245727 37.683226 
33.655084 9.155970 47.436644 34.661250 0.000000 1.270000 2.540000 3.810000 5.080000 5.236344 5.679613 6.350000 31.254701 31.059692 31.071784 31.290738 31.712269 32.328454 33.128433 23.704009 23.446282 23.462299 23.751505 24.304150 25.102841 26.125022 
33.905674 10.038019 46.535634 33.417545 1.270000 0.000000 1.270000 2.540000 5.236344 5.080000 5.236344 5.679613 31.428824 31.131455 31.039768 31.155579 31.476598 31.996649 32.706239 23.933129 23.541266 23.419883 23.573159 23.995832 24.674061 25.587532 
34.201616 10.996256 45.652175 32.175894 2.540000 1.270000 0.000000 1.270000 5.679613 5.236344 5.080000 5.236344 31.652984 31.254701 31.059692 31.071784 31.290738 31.712269 32.328454 24.226744 23.704009 23.446282 23.462299 23.751505 24.304150 25.102841 
34.541746 12.012464 44.787305 30.936545 3.810000 2.540000 1.270000 0.000000 6.350000 5.679613 5.236344 5.080000 31.926128 31.428824 31.131455 31.039768 31.155579 31.476598 31.996649 24.582542 23.933129 23.541266 23.419883 23.573159 23.995832 24.674061 
38.663586 6.296027 51.112067 34.017796 5.080000 5.236344 5.679613 6.350000 0.000000 1.270000 2.540000 3.810000 36.304589 36.136842 36.147236 36.335618 36.699249 37.232993 37.929671 28.733738 28.521497 28.534666 28.772933 29.230795 29.898165 30.761411 
38.881910 7.521303 50.276967 32.749664 5.236344 5.080000 5.236344 5.679613 1.270000 0.000000 1.270000 2.540000 36.454600 36.198541 36.119719 36.219290 36.495796 36.945263 37.561482 28.923042 28.599630 28.499800 28.625889 28.974948 29.539075 30.306261 
39.140244 8.759328 49.460380 31.481682 5.679613 5.236344 5.080000 5.236344 2.540000 1.270000 0.000000 1.270000 36.648032 36.304589 36.136842 36.147236 36.335618 36.699249 37.232993 29.166467 28.733738 28.521497 28.534666 28.772933 29.230795 29.898165 
39.437804 10.005372 48.663239 30.213870 6.350000 5.679613 5.236344 5.080000 3.810000 2.540000 1.270000 0.000000 36.884204 36.454600 36.198541 36.119719 36.219290 36.495796 36.945263 29.462672 28.923042 28.599630 28.499800 28.625889 28.974948 29.539075 
3.146062 38.002869 37.688677 53.429924 31.254701 31.428824 31.652984 31.926128 36.304589 36.454600 36.648032 36.884204 0.000000 2.540000 5.080000 7.620000 10.160000 12.700000 15.240000 7.620000 8.032185 9.158100 10.776307 12.700000 14.810618 17.038838 
5.327298 38.245267 35.152792 51.672422 31.059692 31.131455 31.254701 31.428824 36.136842 36.198541 36.304589 36.454600 2.540000 0.000000 2.540000 5.080000 7.620000 10.160000 12.700000 8.032185 7.620000 8.032185 9.158100 10.776307 12.700000 14.810618 
7.730827 38.653410 32.617547 49.982244 31.071784 31.039768 31.059692 31.131455 36.147236 36.119719 36.136842 36.198541 5.080000 2.540000 0.000000 2.540000 5.080000 7.620000 10.160000 9.158100 8.032185 7.620000 8.032185 9.158100 10.776307 12.700000 
10.200710 39.222122 30.083105 48.366451 31.290738 31.155579 31.071784 31.039768 36.335618 36.219290 36.147236 36.119719 7.620000 5.080000 2.540000 0.000000 2.540000 5.080000 7.620000 10.776307 9.158100 8.032185 7.620000 8.032185 9.158100 10.776307 
12.698286 39.944547 27.549685 46.832740 31.712269 31.476598 31.290738 31.155579 36.699249 36.495796 36.335618 36.219290 10.160000 7.620000 5.080000 2.540000 0.000000 2.540000 5.080000 12.700000 10.776307 9.158100 8.032185 7.620000 8.032185 9.158100 
15.209920 40.812523 25.017601 45.389434 32.328454 31.996649 31.712269 31.476598 37.232993 36.945263 36.699249 36.495796 12.700000 10.160000 7.620000 5.080000 2.540000 0.000000 2.540000 14.810618 12.700000 10.776307 9.158100 8.032185 7.620000 8.032185 
17.729638 41.816987 22.487302 44.045421 33.128433 32.706239 32.328454 31.996649 37.929671 37.561482 37.232993 36.945263 15.240000 12.700000 10.160000 7.620000 5.080000 2.540000 0.000000 17.038838 14.810618 12.700000 10.776307 9.158100 8.032185 7.620000 
9.976175 30.401389 38.859526 48.319594 23.704009 23.933129 24.226744 24.582542 28.733738 28.923042 29.166467 29.462672 7.620000 8.032185 9.158100 10.776307 12.700000 14.810618 17.038838 0.000000 2.540000 5.080000 7.620000 10.160000 12.700000 15.240000 
10.863078 30.703857 36.405290 46.368799 23.446282 23.541266 23.704009 23.933129 28.521497 28.599630 28.733738 28.923042 8.032185 7.620000 8.032185 9.158100 10.776307 12.700000 14.810618 2.540000 0.000000 2.540000 5.080000 7.620000 10.160000 12.700000 
12.222605 31.210774 33.963668 44.477535 23.462299 23.419883 23.446282 23.541266 28.534666 28.499800 28.521497 28.599630 9.158100 8.032185 7.620000 8.032185 9.158100 10.776307 12.700000 5.080000 2.540000 0.000000 2.540000 5.080000 7.620000 10.160000 
13.916927 31.912399 31.537589 42.653721 23.751505 23.573159 23.462299 23.419883 28.772933 28.625889 28.534666 28.499800 10.776307 9.158100 8.032185 7.620000 8.032185 9.158100 10.776307 7.620000 5.080000 2.540000 0.000000 2.540000 5.080000 7.620000 
15.838966 32.796238 29.130938 40.906380 24.304150 23.995832 23.751505 23.573159 29.230795 28.974948 28.772933 28.625889 12.700000 10.776307 9.158100 8.032185 7.620000 8.032185 9.158100 10.160000 7.620000 5.080000 2.540000 0.000000 2.540000 5.080000 
17.915581 33.848019 26.748958 39.245727 25.102841 24.674061 24.304150 23.995832 29.898165 29.539075 29.230795 28.974948 14.810618 12.700000 10.776307 9.158100 8.032185 7.620000 8.032185 12.700000 10.160000 7.620000 5.080000 2.540000 0.000000 2.540000 
20.098916 35.052629 24.398875 37.683226 26.125022 25.587532 25.102841 24.674061 30.761411 30.306261 29.898165 29.539075 17.038838 14.810618 12.700000 10.776307 9.158100 8.032185 7.620000 15.240000 12.700000 10.160000 7.620000 5.080000 2.540000 0.000000 
