25
# Circuit board instance
Size: medium
Nodes: 25
0.000000 90.000000 90.000000 127.279221 22.836595 24.081943 25.329740 26.579641 24.372775 25.543338 26.722983 27.910561 70.208568 71.314107 72.425041 73.541124 72.861982 73.927851 75.000079 76.078396 86.393963 87.999599 89.648452 91.338184 93.066567 
90.000000 0.000000 127.279221 90.000000 88.282896 88.613203 88.960415 89.324336 83.378606 83.728262 84.095646 84.480525 82.224068 83.170044 84.124555 85.087316 78.905150 79.890434 80.883658 81.884532 76.621249 75.456135 74.359558 73.334595 72.384286 
90.000000 127.279221 0.000000 90.000000 67.787204 66.520185 65.253281 63.986501 68.320035 67.063083 65.806632 64.550712 45.342131 44.539507 43.759026 43.001893 49.351132 48.614741 47.900706 47.210042 58.339890 60.692300 63.059265 65.439206 67.830758 
127.279221 90.000000 90.000000 0.000000 108.937894 108.154032 107.379470 106.614408 105.002795 104.189332 103.385069 102.590224 62.349524 61.768293 61.207897 60.668914 57.902405 57.276063 56.671262 56.088701 42.549285 40.413539 38.327142 36.298604 34.338181 
22.836595 88.282896 67.787204 108.937894 0.000000 1.270000 2.540000 3.810000 5.080000 5.236344 5.679613 6.350000 49.021974 50.027950 51.045699 52.074531 52.307395 53.251342 54.208606 55.178496 66.841865 68.734922 70.668573 72.639578 74.644976 
24.081943 88.613203 66.520185 108.154032 1.270000 0.000000 1.270000 2.540000 5.236344 5.080000 5.236344 5.679613 48.028512 49.021974 50.027950 51.045699 51.377501 52.307395 53.251342 54.208606 65.989911 67.906723 69.863301 71.856397 73.883056 
25.329740 88.960415 65.253281 107.379470 2.540000 1.270000 0.000000 1.270000 5.679613 5.236344 5.080000 5.236344 47.048356 48.028512 49.021974 50.027950 50.462436 51.377501 52.307395 53.251342 65.151575 67.092342 69.071993 71.087279 73.135254 
26.579641 89.324336 63.986501 106.614408 3.810000 2.540000 1.270000 0.000000 6.350000 5.679613 5.236344 5.080000 46.082355 47.048356 48.028512 49.021974 49.563021 50.462436 51.377501 52.307395 64.327389 66.292289 68.295134 70.332683 72.402007 
24.372775 83.378606 68.320035 105.002795 5.080000 5.236344 5.679613 6.350000 0.000000 1.270000 2.540000 3.810000 46.063620 47.132780 48.211684 49.299695 49.021974 50.027950 51.045699 52.074531 63.192050 64.992949 66.841865 68.734922 70.668573 
25.543338 83.728262 67.063083 104.189332 5.236344 5.080000 5.236344 5.679613 1.270000 0.000000 1.270000 2.540000 45.004901 46.063620 47.132780 48.211684 48.028512 49.021974 50.027950 51.045699 62.290198 64.116433 65.989911 67.906723 69.863301 
26.722983 84.095646 65.806632 103.385069 5.679613 5.236344 5.080000 5.236344 2.540000 1.270000 0.000000 1.270000 43.957377 45.004901 46.063620 47.132780 47.048356 48.028512 49.021974 50.027950 61.401369 63.253272 65.151575 67.092342 69.071993 
27.910561 84.480525 64.550712 102.590224 6.350000 5.679613 5.236344 5.080000 3.810000 2.540000 1.270000 0.000000 42.921866 43.957377 45.004901 46.063620 46.082355 47.048356 48.028512 49.021974 60.526137 62.404018 64.327389 66.292289 68.295134 
70.208568 82.224068 45.342131 62.349524 49.021974 48.028512 47.048356 46.082355 46.063620 45.004901 43.957377 42.921866 0.000000 1.270000 2.540000 3.810000 5.080000 5.236344 5.679613 6.350000 20.136363 22.551632 24.991644 27.449802 29.921635 
71.314107 83.170044 44.539507 61.768293 50.027950 49.021974 48.028512 47.048356 47.132780 46.063620 45.004901 43.957377 1.270000 0.000000 1.270000 2.540000 5.236344 5.080000 5.236344 5.679613 19.756911 22.213476 24.686934 27.172672 29.667603 
72.425041 84.124555 43.759026 61.207897 51.045699 50.027950 49.021974 48.028512 48.211684 47.132780 46.063620 45.004901 2.540000 1.270000 0.000000 1.270000 5.679613 5.236344 5.080000 5.236344 19.453118 21.943718 24.444487 26.952595 29.466166 
73.541124 85.087316 43.001893 60.668914 52.074531 51.045699 50.027950 49.021974 49.299695 48.211684 47.132780 46.063620 3.810000 2.540000 1.270000 0.000000 6.350000 5.679613 5.236344 5.080000 19.228568 21.744903 24.266170 26.790976 29.318407 
72.861982 78.905150 49.351132 57.902405 52.307395 51.377501 50.462436 49.563021 49.021974 48.028512 47.048356 46.082355 5.080000 5.236344 5.679613 6.350000 0.000000 1.270000 2.540000 3.810000 15.426494 17.755937 20.136363 22.551632 24.991644 
73.927851 79.890434 48.614741 57.276063 53.251342 52.307395 51.377501 50.462436 50.027950 49.021974 48.028512 47.048356 5.236344 5.080000 5.236344 5.679613 1.270000 0.000000 1.270000 2.540000 14.927799 17.324427 19.756911 22.213476 24.686934 
75.000079 80.883658 47.900706 56.671262 54.208606 53.251342 52.307395 51.377501 51.045699 50.027950 49.021974 48.028512 5.679613 5.236344 5.080000 5.236344 2.540000 1.270000 0.000000 1.270000 14.523341 16.977161 19.453118 21.943718 24.444487 
76.078396 81.884532 47.210042 56.088701 55.178496 54.208606 53.251342 52.307395 52.074531 51.045699 50.027950 49.021974 6.350000 5.679613 5.236344 5.080000 3.810000 2.540000 1.270000 0.000000 14.221163 16.719392 19.228568 21.744903 24.266170 
86.393963 76.621249 58.339890 42.549285 66.841865 65.989911 65.151575 64.327389 63.192050 62.290198 61.401369 60.526137 20.136363 19.756911 19.453118 19.228568 15.426494 14.927799 14.523341 14.221163 0.000000 2.540000 5.080000 7.620000 10.160000 
87.999599 75.456135 60.692300 40.413539 68.734922 67.906723 67.092342 66.292289 64.992949 64.116433 63.253272 62.404018 22.551632 22.213476 21.943718 21.744903 17.755937 17.324427 16.977161 16.719392 2.540000 0.000000 2.540000 5.080000 7.620000 
89.648452 74.359558 63.059265 38.327142 70.668573 69.863301 69.071993 68.295134 66.841865 65.989911 65.151575 64.327389 24.991644 24.686934 24.444487 24.266170 20.136363 19.756911 19.453118 19.228568 5.080000 2.540000 0.000000 2.540000 5.080000 
91.338184 73.334595 65.439206 36.298604 72.639578 71.856397 71.087279 70.332683 68.734922 67.906723 67.092342 66.292289 27.449802 27.172672 26.952595 26.790976 22.551632 22.213476 21.943718 21.744903 7.620000 5.080000 2.540000 0.000000 2.540000 
93.066567 72.384286 67.830758 34.338181 74.644976 73.883056 73.135254 72.402007 70.668573 69.863301 69.071993 68.295134 29.921635 29.667603 29.466166 29.318407 24.991644 24.686934 24.444487 24.266170 10.160000 7.620000 5.080000 2.540000 0.000000 
