28
# Circuit board instance
Size: medium
Nodes: 28
0.000000 90.000000 90.000000 127.279221 23.176100 24.038435 25.128953 26.419414 27.882069 93.884010 95.904127 97.948450 100.015495 102.103883 104.212331 106.339645 98.736283 100.659067 102.608699 104.583677 106.582594 108.604126 110.647035 71.943472 72.234056 72.612381 73.077082 73.626526 
90.000000 0.000000 127.279221 90.000000 86.157317 83.705425 81.258944 78.818381 76.384302 80.999247 83.332299 85.677123 88.032778 90.398416 92.773275 95.156664 78.255507 80.667952 83.088000 85.515006 87.948394 90.387648 92.832305 109.635617 107.724947 105.840744 103.984447 102.157577 
90.000000 127.279221 0.000000 90.000000 68.161555 68.459567 68.850056 69.331460 69.901900 59.648780 59.026867 58.508704 58.097064 57.794226 57.601905 57.521210 67.027034 66.474186 66.014503 65.649944 65.382099 65.212160 65.140893 19.674385 20.711764 21.994911 23.483574 25.141272 
127.279221 90.000000 90.000000 0.000000 107.386914 105.429901 103.498222 101.593322 99.716736 36.119906 35.083354 34.204372 33.495366 32.967306 32.628977 32.486309 29.456645 28.176018 27.073702 26.172234 25.492931 25.053870 24.867781 85.036385 82.558358 80.084215 77.614326 75.149111 
23.176100 86.157317 68.161555 107.386914 0.000000 2.540000 5.080000 7.620000 10.160000 72.697472 74.536420 76.415552 78.331975 80.283021 82.266224 84.279316 78.209842 79.922054 81.677374 83.473081 85.306625 87.175619 89.077831 49.431922 49.509065 49.716027 50.051197 50.512024 
24.038435 83.705425 68.459567 105.429901 2.540000 0.000000 2.540000 5.080000 7.620000 70.946763 72.829930 74.751972 76.709968 78.701234 80.723308 82.773932 76.332107 78.085504 79.881190 81.716378 83.588465 85.495027 87.433810 49.485205 49.431922 49.509065 49.716027 50.051197 
25.128953 81.258944 68.850056 103.498222 5.080000 2.540000 0.000000 2.540000 5.080000 69.244980 71.173188 73.138781 75.138826 77.170643 79.231789 81.320033 74.493657 76.289320 78.126301 80.001755 81.913038 83.857701 85.833475 49.668495 49.485205 49.431922 49.509065 49.716027 
26.419414 78.818381 69.331460 101.593322 7.620000 5.080000 2.540000 0.000000 2.540000 67.595816 69.569748 71.579386 73.621806 75.694355 77.794624 79.920429 72.697472 74.536420 76.415552 78.331975 80.283021 82.266224 84.279316 49.980360 49.668495 49.485205 49.431922 49.509065 
27.882069 76.384302 69.901900 99.716736 10.160000 7.620000 5.080000 2.540000 0.000000 66.003218 68.023380 70.077378 72.162322 74.275606 76.414880 78.578021 70.946763 72.829930 74.751972 76.709968 78.701234 80.723308 82.773932 50.418415 49.980360 49.668495 49.485205 49.431922 
93.884010 80.999247 59.648780 36.119906 72.697472 70.946763 69.244980 67.595816 66.003218 0.000000 2.540000 5.080000 7.620000 10.160000 12.700000 15.240000 7.620000 8.032185 9.158100 10.776307 12.700000 14.810618 17.038838 50.607978 48.071501 45.535417 42.999795 40.464723 
95.904127 83.332299 59.026867 35.083354 74.536420 72.829930 71.173188 69.569748 68.023380 2.540000 0.000000 2.540000 5.080000 7.620000 10.160000 12.700000 8.032185 7.620000 8.032185 9.158100 10.776307 12.700000 14.810618 50.801688 48.275390 45.750609 43.227612 40.706729 
97.948450 85.677123 58.508704 34.204372 76.415552 74.751972 73.138781 71.579386 70.077378 5.080000 2.540000 0.000000 2.540000 5.080000 7.620000 10.160000 9.158100 8.032185 7.620000 8.032185 9.158100 10.776307 12.700000 51.121021 48.611321 46.104940 43.602450 41.104563 
100.015495 88.032778 58.097064 33.495366 78.331975 76.709968 75.138826 73.621806 72.162322 7.620000 5.080000 2.540000 0.000000 2.540000 5.080000 7.620000 10.776307 9.158100 8.032185 7.620000 8.032185 9.158100 10.776307 51.563642 49.076583 46.595235 44.120564 41.653757 
102.103883 90.398416 57.794226 32.967306 80.283021 78.701234 77.170643 75.694355 74.275606 10.160000 7.620000 5.080000 2.540000 0.000000 2.540000 5.080000 12.700000 10.776307 9.158100 8.032185 7.620000 8.032185 9.158100 52.126412 49.667541 47.217259 44.776978 42.348425 
104.212331 92.773275 57.601905 32.628977 82.266224 80.723308 79.231789 77.794624 76.414880 12.700000 10.160000 7.620000 5.080000 2.540000 0.000000 2.540000 14.810618 12.700000 10.776307 9.158100 8.032185 7.620000 8.032185 52.805489 50.379772 47.965888 45.565717 43.181547 
106.339645 95.156664 57.521210 32.486309 84.279316 82.773932 81.320033 79.920429 78.578021 15.240000 12.700000 10.160000 7.620000 5.080000 2.540000 0.000000 17.038838 14.810618 12.700000 10.776307 9.158100 8.032185 7.620000 53.596452 51.208217 48.835299 46.480046 44.145283 
98.736283 78.255507 67.027034 29.456645 78.209842 76.332107 74.493657 72.697472 70.946763 7.620000 8.032185 9.158100 10.776307 12.700000 14.810618 17.038838 0.000000 2.540000 5.080000 7.620000 10.160000 12.700000 15.240000 58.219252 55.681896 53.144792 50.607978 48.071501 
100.659067 80.667952 66.474186 28.176018 79.922054 78.085504 76.289320 74.536420 72.829930 8.032185 7.620000 8.032185 9.158100 10.776307 12.700000 14.810618 2.540000 0.000000 2.540000 5.080000 7.620000 10.160000 12.700000 58.387716 55.858012 53.329288 50.801688 48.275390 
102.608699 83.088000 66.014503 27.073702 81.677374 79.881190 78.126301 76.415552 74.751972 9.158100 8.032185 7.620000 8.032185 9.158100 10.776307 12.700000 5.080000 2.540000 0.000000 2.540000 5.080000 7.620000 10.160000 58.665770 56.148596 53.633573 51.121021 48.611321 
104.583677 85.515006 65.649944 26.172234 83.473081 81.716378 80.001755 78.331975 76.709968 10.776307 9.158100 8.032185 7.620000 8.032185 9.158100 10.776307 7.620000 5.080000 2.540000 0.000000 2.540000 5.080000 7.620000 59.051868 56.551881 54.055625 51.563642 49.076583 
106.582594 87.948394 65.382099 25.492931 85.306625 83.588465 81.913038 80.283021 78.701234 12.700000 10.776307 9.158100 8.032185 7.620000 8.032185 9.158100 10.160000 7.620000 5.080000 2.540000 0.000000 2.540000 5.080000 59.543906 57.065479 54.592713 52.126412 49.667541 
108.604126 90.387648 65.212160 25.053870 87.175619 85.495027 83.857701 82.266224 80.723308 14.810618 12.700000 10.776307 9.158100 8.032185 7.620000 8.032185 12.700000 10.160000 7.620000 5.080000 2.540000 0.000000 2.540000 60.139285 57.686443 55.241480 52.805489 50.379772 
110.647035 92.832305 65.140893 24.867781 89.077831 87.433810 85.833475 84.279316 82.773932 17.038838 14.810618 12.700000 10.776307 9.158100 8.032185 7.620000 15.240000 12.700000 10.160000 7.620000 5.080000 2.540000 0.000000 60.834970 58.411350 55.998046 53.596452 51.208217 
71.943472 109.635617 19.674385 85.036385 49.431922 49.485205 49.668495 49.980360 50.418415 50.607978 50.801688 51.121021 51.563642 52.126412 52.805489 53.596452 58.219252 58.387716 58.665770 59.051868 59.543906 60.139285 60.834970 0.000000 2.540000 5.080000 7.620000 10.160000 
72.234056 107.724947 20.711764 82.558358 49.509065 49.431922 49.485205 49.668495 49.980360 48.071501 48.275390 48.611321 49.076583 49.667541 50.379772 51.208217 55.681896 55.858012 56.148596 56.551881 57.065479 57.686443 58.411350 2.540000 0.000000 2.540000 5.080000 7.620000 
72.612381 105.840744 21.994911 80.084215 49.716027 49.509065 49.431922 49.485205 49.668495 45.535417 45.750609 46.104940 46.595235 47.217259 47.965888 48.835299 53.144792 53.329288 53.633573 54.055625 54.592713 55.241480 55.998046 5.080000 2.540000 0.000000 2.540000 5.080000 
73.077082 103.984447 23.483574 77.614326 50.051197 49.716027 49.509065 49.431922 49.485205 42.999795 43.227612 43.602450 44.120564 44.776978 45.565717 46.480046 50.607978 50.801688 51.121021 51.563642 52.126412 52.805489 53.596452 7.620000 5.080000 2.540000 0.000000 2.540000 
73.626526 102.157577 25.141272 75.149111 50.512024 50.051197 49.716027 49.509065 49.431922 40.464723 40.706729 41.104563 41.653757 42.348425 43.181547 44.145283 48.071501 48.275390 48.611321 49.076583 49.667541 50.379772 51.208217 10.160000 7.620000 5.080000 2.540000 0.000000 
