28
# Circuit board instance
Size: medium
Nodes: 28
0.000000 90.000000 90.000000 127.279221 76.923588 77.142035 77.380712 77.639432 81.939046 82.144157 82.368340 82.611441 51.375508 51.432968 51.521679 51.641479 56.453004 56.505301 56.586060 56.695160 95.788715 96.503392 97.229405 97.966502 100.043793 100.728284 101.424059 102.130887 
90.000000 0.000000 127.279221 90.000000 18.932888 19.801754 20.712085 21.658653 15.518478 16.567388 17.645377 18.747430 38.689281 38.765550 38.883172 39.041774 33.614868 33.702622 33.837847 34.019978 54.495846 55.742479 56.990144 58.238774 53.746440 55.010058 56.273964 57.538139 
90.000000 127.279221 0.000000 90.000000 108.381386 107.478277 106.582649 105.694691 111.996847 111.123125 110.257108 109.398979 102.152380 101.056499 99.964740 98.877238 104.797936 103.730010 102.666684 101.608105 87.469280 86.946545 86.439309 85.947848 92.109487 91.613232 91.131975 90.665954 
127.279221 90.000000 90.000000 0.000000 78.662194 77.413151 76.164801 74.917179 77.910908 76.649623 75.388631 74.127947 96.397751 95.235675 94.076389 92.919998 94.475527 93.289509 92.105731 90.924280 38.015709 36.797023 35.581926 34.370798 36.933410 35.677773 34.423191 33.169781 
76.923588 18.932888 108.381386 78.662194 0.000000 1.270000 2.540000 3.810000 5.080000 5.236344 5.679613 6.350000 26.856665 26.365613 25.927523 25.545120 22.311808 21.718239 21.184258 20.714476 41.012707 42.277968 43.543505 44.809295 41.765563 43.008682 44.253327 45.499374 
77.142035 19.801754 107.478277 77.413151 1.270000 0.000000 1.270000 2.540000 5.236344 5.080000 5.236344 5.679613 27.397831 26.856665 26.365613 25.927523 22.960346 22.311808 21.718239 21.184258 39.747748 41.012707 42.277968 43.543505 40.524111 41.765563 43.008682 44.253327 
77.380712 20.712085 106.582649 76.164801 2.540000 1.270000 0.000000 1.270000 5.679613 5.236344 5.080000 5.236344 27.986205 27.397831 26.856665 26.365613 23.659332 22.960346 22.311808 21.718239 38.483121 39.747748 41.012707 42.277968 39.284485 40.524111 41.765563 43.008682 
77.639432 21.658653 105.694691 74.917179 3.810000 2.540000 1.270000 0.000000 6.350000 5.679613 5.236344 5.080000 28.618874 27.986205 27.397831 26.856665 24.404432 23.659332 22.960346 22.311808 37.218861 38.483121 39.747748 41.012707 38.046862 39.284485 40.524111 41.765563 
81.939046 15.518478 111.996847 77.910908 5.080000 5.236344 5.679613 6.350000 0.000000 1.270000 2.540000 3.810000 31.565122 31.148387 30.778449 30.457013 26.856665 26.365613 25.927523 25.545120 40.881962 42.151148 43.420381 44.689658 41.012707 42.277968 43.543505 44.809295 
82.144157 16.567388 111.123125 76.649623 5.236344 5.080000 5.236344 5.679613 1.270000 0.000000 1.270000 2.540000 32.026826 31.565122 31.148387 30.778449 27.397831 26.856665 26.365613 25.927523 39.612828 40.881962 42.151148 43.420381 39.747748 41.012707 42.277968 43.543505 
82.368340 17.645377 110.257108 75.388631 5.679613 5.236344 5.080000 5.236344 2.540000 1.270000 0.000000 1.270000 32.531586 32.026826 31.565122 31.148387 27.986205 27.397831 26.856665 26.365613 38.343752 39.612828 40.881962 42.151148 38.483121 39.747748 41.012707 42.277968 
82.611441 18.747430 109.398979 74.127947 6.350000 5.679613 5.236344 5.080000 3.810000 2.540000 1.270000 0.000000 33.077431 32.531586 32.026826 31.565122 28.618874 27.986205 27.397831 26.856665 37.074739 38.343752 39.612828 40.881962 37.218861 38.483121 39.747748 41.012707 
51.375508 38.689281 102.152380 96.397751 26.856665 27.397831 27.986205 28.618874 31.565122 32.026826 32.531586 33.077431 0.000000 1.270000 2.540000 3.810000 5.080000 5.236344 5.679613 6.350000 58.926188 60.045215 61.170139 62.300640 61.513298 62.586085 63.666130 64.753069 
51.432968 38.765550 101.056499 95.235675 26.365613 26.856665 27.397831 27.986205 31.148387 31.565122 32.026826 32.531586 1.270000 0.000000 1.270000 2.540000 5.236344 5.080000 5.236344 5.679613 57.813400 58.926188 60.045215 61.170139 60.448154 61.513298 62.586085 63.666130 
51.521679 38.883172 99.964740 94.076389 25.927523 26.365613 26.856665 27.397831 30.778449 31.148387 31.565122 32.026826 2.540000 1.270000 0.000000 1.270000 5.679613 5.236344 5.080000 5.236344 56.707217 57.813400 58.926188 60.045215 59.391066 60.448154 61.513298 62.586085 
51.641479 39.041774 98.877238 92.919998 25.545120 25.927523 26.365613 26.856665 30.457013 30.778449 31.148387 31.565122 3.810000 2.540000 1.270000 0.000000 6.350000 5.679613 5.236344 5.080000 55.608036 56.707217 57.813400 58.926188 58.342470 59.391066 60.448154 61.513298 
56.453004 33.614868 104.797936 94.475527 22.311808 22.960346 23.659332 24.404432 26.856665 27.397831 27.986205 28.618874 5.080000 5.236344 5.679613 6.350000 0.000000 1.270000 2.540000 3.810000 56.677317 57.839869 59.006852 60.178006 58.926188 60.045215 61.170139 62.300640 
56.505301 33.702622 103.730010 93.289509 21.718239 22.311808 22.960346 23.659332 26.365613 26.856665 27.397831 27.986205 5.236344 5.080000 5.236344 5.679613 1.270000 0.000000 1.270000 2.540000 55.519472 56.677317 57.839869 59.006852 57.813400 58.926188 60.045215 61.170139 
56.586060 33.837847 102.666684 92.105731 21.184258 21.718239 22.311808 22.960346 25.927523 26.365613 26.856665 27.397831 5.679613 5.236344 5.080000 5.236344 2.540000 1.270000 0.000000 1.270000 54.366636 55.519472 56.677317 57.839869 56.707217 57.813400 58.926188 60.045215 
56.695160 34.019978 101.608105 90.924280 20.714476 21.184258 21.718239 22.311808 25.545120 25.927523 26.365613 26.856665 6.350000 5.679613 5.236344 5.080000 3.810000 2.540000 1.270000 0.000000 53.219135 54.366636 55.519472 56.677317 55.608036 56.707217 57.813400 58.926188 
95.788715 54.495846 87.469280 38.015709 41.012707 39.747748 38.483121 37.218861 40.881962 39.612828 38.343752 37.074739 58.926188 57.813400 56.707217 55.608036 56.677317 55.519472 54.366636 53.219135 0.000000 1.270000 2.540000 3.810000 5.080000 5.236344 5.679613 6.350000 
96.503392 55.742479 86.946545 36.797023 42.277968 41.012707 39.747748 38.483121 42.151148 40.881962 39.612828 38.343752 60.045215 58.926188 57.813400 56.707217 57.839869 56.677317 55.519472 54.366636 1.270000 0.000000 1.270000 2.540000 5.236344 5.080000 5.236344 5.679613 
97.229405 56.990144 86.439309 35.581926 43.543505 42.277968 41.012707 39.747748 43.420381 42.151148 40.881962 39.612828 61.170139 60.045215 58.926188 57.813400 59.006852 57.839869 56.677317 55.519472 2.540000 1.270000 0.000000 1.270000 5.679613 5.236344 5.080000 5.236344 
97.966502 58.238774 85.947848 34.370798 44.809295 43.543505 42.277968 41.012707 44.689658 43.420381 42.151148 40.881962 62.300640 61.170139 60.045215 58.926188 60.178006 59.006852 57.839869 56.677317 3.810000 2.540000 1.270000 0.000000 6.350000 5.679613 5.236344 5.080000 
100.043793 53.746440 92.109487 36.933410 41.765563 40.524111 39.284485 38.046862 41.012707 39.747748 38.483121 37.218861 61.513298 60.448154 59.391066 58.342470 58.926188 57.813400 56.707217 55.608036 5.080000 5.236344 5.679613 6.350000 0.000000 1.270000 2.540000 3.810000 
100.728284 55.010058 91.613232 35.677773 43.008682 41.765563 40.524111 39.284485 42.277968 41.012707 39.747748 38.483121 62.586085 61.513298 60.448154 59.391066 60.045215 58.926188 57.813400 56.707217 5.236344 5.080000 5.236344 5.679613 1.270000 0.000000 1.270000 2.540000 
101.424059 56.273964 91.131975 34.423191 44.253327 43.008682 41.765563 40.524111 43.543505 42.277968 41.012707 39.747748 63.666130 62.586085 61.513298 60.448154 61.170139 60.045215 58.926188 57.813400 5.679613 5.236344 5.080000 5.236344 2.540000 1.270000 0.000000 1.270000 
102.130887 57.538139 90.665954 33.169781 45.499374 44.253327 43.008682 41.765563 44.809295 43.543505 42.277968 41.012707 64.753069 63.666130 62.586085 61.513298 62.300640 61.170139 60.045215 58.926188 6.350000 5.679613 5.236344 5.080000 3.810000 2.540000 1.270000 0.000000 
