31
# Circuit board instance
Size: medium
Nodes: 31
0.000000 65.000000 65.000000 91.923882 52.604208 53.350351 54.205354 55.164156 56.221446 57.371779 58.609678 59.973309 60.628830 61.382534 62.230854 63.169978 64.195920 65.304590 60.741726 61.559681 62.392764 63.240380 64.734929 65.503038 66.286581 67.085016 30.652082 33.154166 35.661612 38.173362 40.688620 
65.000000 0.000000 91.923882 65.000000 20.270773 22.135074 24.123059 26.206596 28.364635 30.581410 32.845029 15.808204 18.137160 20.516263 22.929909 25.368240 27.824768 30.295065 42.820987 43.973559 45.132435 46.297141 40.918097 42.122769 43.331171 44.543002 35.272570 32.765879 30.264742 27.770662 25.285724 
65.000000 91.923882 0.000000 65.000000 71.653216 69.878756 68.152777 66.479055 64.861635 63.304832 61.813227 77.225504 75.581980 73.989162 72.450396 70.969196 69.549240 68.194355 53.638652 53.028690 52.442394 51.880567 58.121929 57.559497 57.019807 56.503513 66.717185 67.903103 69.162006 70.489986 71.883213 
91.923882 65.000000 65.000000 0.000000 52.705644 50.266710 47.838297 45.422091 43.020149 40.635001 38.269786 51.155449 48.638845 46.124806 43.613775 41.106304 38.603087 36.105008 31.955979 30.921215 29.904587 28.908008 29.357083 28.227208 27.109741 26.006280 68.962213 67.714366 66.540117 65.443428 64.428258 
52.604208 20.270773 71.653216 52.705644 0.000000 2.540000 5.080000 7.620000 10.160000 12.700000 15.240000 7.620000 8.032185 9.158100 10.776307 12.700000 14.810618 17.038838 24.758206 26.013514 27.270182 28.528031 24.488134 25.756608 27.025225 28.293966 22.281988 19.973951 17.729457 15.575999 13.557030 
53.350351 22.135074 69.878756 50.266710 2.540000 0.000000 2.540000 5.080000 7.620000 10.160000 12.700000 8.032185 7.620000 8.032185 9.158100 10.776307 12.700000 14.810618 22.252594 23.504477 24.758206 26.013514 21.951716 23.219827 24.488134 25.756608 23.402309 21.216498 19.118439 17.140386 15.328867 
54.205354 24.123059 68.152777 47.838297 5.080000 2.540000 0.000000 2.540000 5.080000 7.620000 10.160000 9.158100 8.032185 7.620000 8.032185 9.158100 10.776307 12.700000 19.755765 21.002885 22.252594 23.504477 19.416235 20.683837 21.951716 23.219827 24.733628 22.676509 20.726770 18.917640 17.293306 
55.164156 26.206596 66.479055 45.422091 7.620000 5.080000 2.540000 0.000000 2.540000 5.080000 7.620000 10.776307 9.158100 8.032185 7.620000 8.032185 9.158100 10.776307 17.271532 18.511757 19.755765 21.002885 16.882113 18.148969 19.416235 20.683837 26.243853 24.314842 22.507476 20.853407 19.391903 
56.221446 28.364635 64.861635 43.020149 10.160000 7.620000 5.080000 2.540000 0.000000 2.540000 5.080000 12.700000 10.776307 9.158100 8.032185 7.620000 8.032185 9.158100 14.806233 16.035968 17.271532 18.511757 14.350069 15.615768 16.882113 18.148969 27.903952 26.097935 24.422882 22.907537 21.585564 
57.371779 30.581410 63.304832 40.635001 12.700000 10.160000 7.620000 5.080000 2.540000 0.000000 2.540000 14.810618 12.700000 10.776307 9.158100 8.032185 7.620000 8.032185 12.371196 13.583910 14.806233 16.035968 11.821439 13.085203 14.350069 15.615768 29.688792 27.998145 26.443733 25.050931 23.848070 
58.609678 32.845029 61.813227 38.269786 15.240000 12.700000 10.160000 7.620000 5.080000 2.540000 0.000000 17.038838 14.810618 12.700000 10.776307 9.158100 8.032185 7.620000 9.988575 11.171220 12.371196 13.583910 9.299009 10.559171 11.821439 13.085203 31.577230 29.993219 28.547646 27.262542 26.161566 
59.973309 15.808204 77.225504 51.155449 7.620000 8.032185 9.158100 10.776307 12.700000 14.810618 17.038838 0.000000 2.540000 5.080000 7.620000 10.160000 12.700000 15.240000 27.012828 28.167837 29.332353 30.505289 25.277928 26.508635 27.742885 28.980224 29.436220 27.023197 24.635716 22.281988 19.973951 
60.628830 18.137160 75.581980 48.638845 8.032185 7.620000 8.032185 9.158100 10.776307 12.700000 14.810618 2.540000 0.000000 2.540000 5.080000 7.620000 10.160000 12.700000 24.736654 25.868602 27.012828 28.167837 22.829428 24.051305 25.277928 26.508635 30.293104 27.954146 25.653451 23.402309 21.216498 
61.382534 20.516263 73.989162 46.124806 9.158100 8.032185 7.620000 8.032185 9.158100 10.776307 12.700000 5.080000 2.540000 0.000000 2.540000 5.080000 7.620000 10.160000 22.516980 23.618749 24.736654 25.868602 20.403311 21.613099 22.829428 24.051305 31.332992 29.077801 26.873478 24.733628 22.676509 
62.230854 22.929909 72.450396 43.613775 10.776307 9.158100 8.032185 7.620000 8.032185 9.158100 10.776307 7.620000 5.080000 2.540000 0.000000 2.540000 5.080000 7.620000 20.372283 21.433834 22.516980 23.618749 18.008627 19.201301 20.403311 21.613099 32.538345 30.372784 28.269618 26.243853 24.314842 
63.169978 25.368240 70.969196 41.106304 12.700000 10.776307 9.158100 8.032185 7.620000 8.032185 9.158100 10.160000 7.620000 5.080000 2.540000 0.000000 2.540000 5.080000 18.328902 19.335883 20.372283 21.433834 15.659802 16.827273 18.008627 19.201301 33.891512 31.818182 29.817143 27.903952 26.097935 
64.195920 27.824768 69.549240 38.603087 14.810618 12.700000 10.776307 9.158100 8.032185 7.620000 8.032185 12.700000 10.160000 7.620000 5.080000 2.540000 0.000000 2.540000 16.424695 17.356461 18.328902 19.335883 13.381006 14.509564 15.659802 16.827273 35.375534 33.394469 31.493743 29.688792 27.998145 
65.304590 30.295065 68.194355 36.105008 17.038838 14.810618 12.700000 10.776307 9.158100 8.032185 7.620000 15.240000 12.700000 10.160000 7.620000 5.080000 2.540000 0.000000 14.713794 15.540922 16.424695 17.356461 11.215011 12.280106 13.381006 14.509564 36.974660 35.084008 33.279918 31.577230 29.993219 
60.741726 42.820987 53.638652 31.955979 24.758206 22.252594 19.755765 17.271532 14.806233 12.371196 9.988575 27.012828 24.736654 22.516980 20.372283 18.328902 16.424695 14.713794 0.000000 1.270000 2.540000 3.810000 5.080000 5.236344 5.679613 6.350000 37.183041 36.119295 35.206982 34.458133 33.883588 
61.559681 43.973559 53.028690 30.921215 26.013514 23.504477 21.002885 18.511757 16.035968 13.583910 11.171220 28.167837 25.868602 23.618749 21.433834 19.335883 17.356461 15.540922 1.270000 0.000000 1.270000 2.540000 5.236344 5.080000 5.236344 5.679613 38.323327 37.292121 36.409209 35.685597 35.131131 
62.392764 45.132435 52.442394 29.904587 27.270182 24.758206 22.252594 19.755765 17.271532 14.806233 12.371196 29.332353 27.012828 24.736654 22.516980 20.372283 18.328902 16.424695 2.540000 1.270000 0.000000 1.270000 5.679613 5.236344 5.080000 5.236344 39.471535 38.471119 37.615889 36.915938 36.380229 
63.240380 46.297141 51.880567 28.908008 28.528031 26.013514 23.504477 21.002885 18.511757 16.035968 13.583910 30.505289 28.167837 25.868602 23.618749 21.433834 19.335883 17.356461 3.810000 2.540000 1.270000 0.000000 6.350000 5.679613 5.236344 5.080000 40.626992 39.655737 38.826610 38.148879 37.630726 
64.734929 40.918097 58.121929 29.357083 24.488134 21.951716 19.416235 16.882113 14.350069 11.821439 9.299009 25.277928 22.829428 20.403311 18.008627 15.659802 13.381006 11.215011 5.080000 5.236344 5.679613 6.350000 0.000000 1.270000 2.540000 3.810000 39.714458 38.385632 37.183041 36.119295 35.206982 
65.503038 42.122769 57.559497 28.227208 25.756608 23.219827 20.683837 18.148969 15.615768 13.085203 10.559171 26.508635 24.051305 21.613099 19.201301 16.827273 14.509564 12.280106 5.236344 5.080000 5.236344 5.679613 1.270000 0.000000 1.270000 2.540000 40.784030 39.491209 38.323327 37.292121 36.409209 
66.286581 43.331171 57.019807 27.109741 27.025225 24.488134 21.951716 19.416235 16.882113 14.350069 11.821439 27.742885 25.277928 22.829428 20.403311 18.008627 15.659802 13.381006 5.679613 5.236344 5.080000 5.236344 2.540000 1.270000 0.000000 1.270000 41.864803 40.606407 39.471535 38.471119 37.615889 
67.085016 44.543002 56.503513 26.006280 28.293966 25.756608 23.219827 20.683837 18.148969 15.615768 13.085203 28.980224 26.508635 24.051305 21.613099 19.201301 16.827273 14.509564 6.350000 5.679613 5.236344 5.080000 3.810000 2.540000 1.270000 0.000000 42.955933 41.730454 40.626992 39.655737 38.826610 
30.652082 35.272570 66.717185 68.962213 22.281988 23.402309 24.733628 26.243853 27.903952 29.688792 31.577230 29.436220 30.293104 31.332992 32.538345 33.891512 35.375534 36.974660 37.183041 38.323327 39.471535 40.626992 39.714458 40.784030 41.864803 42.955933 0.000000 2.540000 5.080000 7.620000 10.160000 
33.154166 32.765879 67.903103 67.714366 19.973951 21.216498 22.676509 24.314842 26.097935 27.998145 29.993219 27.023197 27.954146 29.077801 30.372784 31.818182 33.394469 35.084008 36.119295 37.292121 38.471119 39.655737 38.385632 39.491209 40.606407 41.730454 2.540000 0.000000 2.540000 5.080000 7.620000 
35.661612 30.264742 69.162006 66.540117 17.729457 19.118439 20.726770 22.507476 24.422882 26.443733 28.547646 24.635716 25.653451 26.873478 28.269618 29.817143 31.493743 33.279918 35.206982 36.409209 37.615889 38.826610 37.183041 38.323327 39.471535 40.626992 5.080000 2.540000 0.000000 2.540000 5.080000 
38.173362 27.770662 70.489986 65.443428 15.575999 17.140386 18.917640 20.853407 22.907537 25.050931 27.262542 22.281988 23.402309 24.733628 26.243853 27.903952 29.688792 31.577230 34.458133 35.685597 36.915938 38.148879 36.119295 37.292121 38.471119 39.655737 7.620000 5.080000 2.540000 0.000000 2.540000 
40.688620 25.285724 71.883213 64.428258 13.557030 15.328867 17.293306 19.391903 21.585564 23.848070 26.161566 19.973951 21.216498 22.676509 24.314842 26.097935 27.998145 29.993219 33.883588 35.131131 36.380229 37.630726 35.206982 36.409209 37.615889 38.826610 10.160000 7.620000 5.080000 2.540000 0.000000 
