32
# Circuit board instance
Size: medium
Nodes: 32
0.000000 40.000000 40.000000 56.568542 33.577560 35.093540 36.722796 38.450932 40.265218 42.154532 44.109234 40.063485 41.342312 42.733991 44.227869 45.813950 47.482995 49.226566 27.955367 30.115588 32.331068 34.591190 36.887750 39.214347 41.565937 32.742974 34.605613 36.549935 38.563587 40.636264 42.759383 44.925793 
40.000000 0.000000 56.568542 40.000000 22.913035 25.082088 27.315167 29.597783 31.919310 34.271842 36.649409 19.825171 22.296668 24.782022 27.277445 29.780406 32.289153 34.802434 34.071164 35.864890 37.744398 39.697507 41.713880 43.784777 45.902819 29.014549 31.101288 33.251157 35.452671 37.696785 39.976324 42.285560 
40.000000 56.568542 0.000000 40.000000 34.490861 33.023075 31.691176 30.512966 29.506858 28.690965 28.081871 40.831969 39.599921 38.496245 37.532270 36.718999 36.066629 35.584009 22.529395 20.732094 19.104162 17.692413 16.552256 15.742810 15.316597 28.251963 26.840632 25.604078 24.568706 23.760829 23.204221 22.917198 
56.568542 40.000000 40.000000 0.000000 24.231675 22.092489 20.047076 18.127208 16.377096 14.856853 13.643536 21.335518 18.870832 16.429106 14.022336 11.672169 9.421057 7.360457 29.781123 28.445762 27.282058 26.312795 25.560103 25.043517 24.777809 23.830970 22.139585 20.623057 19.322603 18.284383 17.554987 17.173807 
33.577560 22.913035 34.490861 24.231675 0.000000 2.540000 5.080000 7.620000 10.160000 12.700000 15.240000 7.620000 8.032185 9.158100 10.776307 12.700000 14.810618 17.038838 12.971521 14.001930 15.386713 17.039689 18.890588 20.886857 22.990661 6.268518 8.190727 10.381950 12.703739 15.095968 17.529825 19.990108 
35.093540 25.082088 33.023075 22.092489 2.540000 0.000000 2.540000 5.080000 7.620000 10.160000 12.700000 8.032185 7.620000 8.032185 9.158100 10.776307 12.700000 14.810618 12.384259 12.971521 14.001930 15.386713 17.039689 18.890588 20.886857 4.940023 6.268518 8.190727 10.381950 12.703739 15.095968 17.529825 
36.722796 27.315167 31.691176 20.047076 5.080000 2.540000 0.000000 2.540000 5.080000 7.620000 10.160000 9.158100 8.032185 7.620000 8.032185 9.158100 10.776307 12.700000 12.303763 12.384259 12.971521 14.001930 15.386713 17.039689 18.890588 4.734611 4.940023 6.268518 8.190727 10.381950 12.703739 15.095968 
38.450932 29.597783 30.512966 18.127208 7.620000 5.080000 2.540000 0.000000 2.540000 5.080000 7.620000 10.776307 9.158100 8.032185 7.620000 8.032185 9.158100 10.776307 12.739643 12.303763 12.384259 12.971521 14.001930 15.386713 17.039689 5.773427 4.734611 4.940023 6.268518 8.190727 10.381950 12.703739 
40.265218 31.919310 29.506858 16.377096 10.160000 7.620000 5.080000 2.540000 0.000000 2.540000 5.080000 12.700000 10.776307 9.158100 8.032185 7.620000 8.032185 9.158100 13.642493 12.739643 12.303763 12.384259 12.971521 14.001930 15.386713 7.559866 5.773427 4.734611 4.940023 6.268518 8.190727 10.381950 
42.154532 34.271842 28.690965 14.856853 12.700000 10.160000 7.620000 5.080000 2.540000 0.000000 2.540000 14.810618 12.700000 10.776307 9.158100 8.032185 7.620000 8.032185 14.927824 13.642493 12.739643 12.303763 12.384259 12.971521 14.001930 9.688854 7.559866 5.773427 4.734611 4.940023 6.268518 8.190727 
44.109234 36.649409 28.081871 13.643536 15.240000 12.700000 10.160000 7.620000 5.080000 2.540000 0.000000 17.038838 14.810618 12.700000 10.776307 9.158100 8.032185 7.620000 16.506527 14.927824 13.642493 12.739643 12.303763 12.384259 12.971521 11.979124 9.688854 7.559866 5.773427 4.734611 4.940023 6.268518 
40.063485 19.825171 40.831969 21.335518 7.620000 8.032185 9.158100 10.776307 12.700000 14.810618 17.038838 0.000000 2.540000 5.080000 7.620000 10.160000 12.700000 15.240000 20.331138 21.003544 21.950985 23.139703 24.534652 26.102790 27.814840 12.971521 14.001930 15.386713 17.039689 18.890588 20.886857 22.990661 
41.342312 22.296668 39.599921 18.870832 8.032185 7.620000 8.032185 9.158100 10.776307 12.700000 14.810618 2.540000 0.000000 2.540000 5.080000 7.620000 10.160000 12.700000 19.961581 20.331138 21.003544 21.950985 23.139703 24.534652 26.102790 12.384259 12.971521 14.001930 15.386713 17.039689 18.890588 20.886857 
42.733991 24.782022 38.496245 16.429106 9.158100 8.032185 7.620000 8.032185 9.158100 10.776307 12.700000 5.080000 2.540000 0.000000 2.540000 5.080000 7.620000 10.160000 19.911741 19.961581 20.331138 21.003544 21.950985 23.139703 24.534652 12.303763 12.384259 12.971521 14.001930 15.386713 17.039689 18.890588 
44.227869 27.277445 37.532270 14.022336 10.776307 9.158100 8.032185 7.620000 8.032185 9.158100 10.776307 7.620000 5.080000 2.540000 0.000000 2.540000 5.080000 7.620000 20.183987 19.911741 19.961581 20.331138 21.003544 21.950985 23.139703 12.739643 12.303763 12.384259 12.971521 14.001930 15.386713 17.039689 
45.813950 29.780406 36.718999 11.672169 12.700000 10.776307 9.158100 8.032185 7.620000 8.032185 9.158100 10.160000 7.620000 5.080000 2.540000 0.000000 2.540000 5.080000 20.765655 20.183987 19.911741 19.961581 20.331138 21.003544 21.950985 13.642493 12.739643 12.303763 12.384259 12.971521 14.001930 15.386713 
47.482995 32.289153 36.066629 9.421057 14.810618 12.700000 10.776307 9.158100 8.032185 7.620000 8.032185 12.700000 10.160000 7.620000 5.080000 2.540000 0.000000 2.540000 21.631800 20.765655 20.183987 19.911741 19.961581 20.331138 21.003544 14.927824 13.642493 12.739643 12.303763 12.384259 12.971521 14.001930 
49.226566 34.802434 35.584009 7.360457 17.038838 14.810618 12.700000 10.776307 9.158100 8.032185 7.620000 15.240000 12.700000 10.160000 7.620000 5.080000 2.540000 0.000000 22.749951 21.631800 20.765655 20.183987 19.911741 19.961581 20.331138 16.506527 14.927824 13.642493 12.739643 12.303763 12.384259 12.971521 
27.955367 34.071164 22.529395 29.781123 12.971521 12.384259 12.303763 12.739643 13.642493 14.927824 16.506527 20.331138 19.961581 19.911741 20.183987 20.765655 21.631800 22.749951 0.000000 2.540000 5.080000 7.620000 10.160000 12.700000 15.240000 7.620000 8.032185 9.158100 10.776307 12.700000 14.810618 17.038838 
30.115588 35.864890 20.732094 28.445762 14.001930 12.971521 12.384259 12.303763 12.739643 13.642493 14.927824 21.003544 20.331138 19.961581 19.911741 20.183987 20.765655 21.631800 2.540000 0.000000 2.540000 5.080000 7.620000 10.160000 12.700000 8.032185 7.620000 8.032185 9.158100 10.776307 12.700000 14.810618 
32.331068 37.744398 19.104162 27.282058 15.386713 14.001930 12.971521 12.384259 12.303763 12.739643 13.642493 21.950985 21.003544 20.331138 19.961581 19.911741 20.183987 20.765655 5.080000 2.540000 0.000000 2.540000 5.080000 7.620000 10.160000 9.158100 8.032185 7.620000 8.032185 9.158100 10.776307 12.700000 
34.591190 39.697507 17.692413 26.312795 17.039689 15.386713 14.001930 12.971521 12.384259 12.303763 12.739643 23.139703 21.950985 21.003544 20.331138 19.961581 19.911741 20.183987 7.620000 5.080000 2.540000 0.000000 2.540000 5.080000 7.620000 10.776307 9.158100 8.032185 7.620000 8.032185 9.158100 10.776307 
36.887750 41.713880 16.552256 25.560103 18.890588 17.039689 15.386713 14.001930 12.971521 12.384259 12.303763 24.534652 23.139703 21.950985 21.003544 20.331138 19.961581 19.911741 10.160000 7.620000 5.080000 2.540000 0.000000 2.540000 5.080000 12.700000 10.776307 9.158100 8.032185 7.620000 8.032185 9.158100 
39.214347 43.784777 15.742810 25.043517 20.886857 18.890588 17.039689 15.386713 14.001930 12.971521 12.384259 26.102790 24.534652 23.139703 21.950985 21.003544 20.331138 19.961581 12.700000 10.160000 7.620000 5.080000 2.540000 0.000000 2.540000 14.810618 12.700000 10.776307 9.158100 8.032185 7.620000 8.032185 
41.565937 45.902819 15.316597 24.777809 22.990661 20.886857 18.890588 17.039689 15.386713 14.001930 12.971521 27.814840 26.102790 24.534652 23.139703 21.950985 21.003544 20.331138 15.240000 12.700000 10.160000 7.620000 5.080000 2.540000 0.000000 17.038838 14.810618 12.700000 10.776307 9.158100 8.032185 7.620000 
32.742974 29.014549 28.251963 23.830970 6.268518 4.940023 4.734611 5.773427 7.559866 9.688854 11.979124 12.971521 12.384259 12.303763 12.739643 13.642493 14.927824 16.506527 7.620000 8.032185 9.158100 10.776307 12.700000 14.810618 17.038838 0.000000 2.540000 5.080000 7.620000 10.160000 12.700000 15.240000 
34.605613 31.101288 26.840632 22.139585 8.190727 6.268518 4.940023 4.734611 5.773427 7.559866 9.688854 14.001930 12.971521 12.384259 12.303763 12.739643 13.642493 14.927824 8.032185 7.620000 8.032185 9.158100 10.776307 12.700000 14.810618 2.540000 0.000000 2.540000 5.080000 7.620000 10.160000 12.700000 
36.549935 33.251157 25.604078 20.623057 10.381950 8.190727 6.268518 4.940023 4.734611 5.773427 7.559866 15.386713 14.001930 12.971521 12.384259 12.303763 12.739643 13.642493 9.158100 8.032185 7.620000 8.032185 9.158100 10.776307 12.700000 5.080000 2.540000 0.000000 2.540000 5.080000 7.620000 10.160000 
38.563587 35.452671 24.568706 19.322603 12.703739 10.381950 8.190727 6.268518 4.940023 4.734611 5.773427 17.039689 15.386713 14.001930 12.971521 12.384259 12.303763 12.739643 10.776307 9.158100 8.032185 7.620000 8.032185 9.158100 10.776307 7.620000 5.080000 2.540000 0.000000 2.540000 5.080000 7.620000 
40.636264 37.696785 23.760829 18.284383 15.095968 12.703739 10.381950 8.190727 6.268518 4.940023 4.734611 18.890588 17.039689 15.386713 14.001930 12.971521 12.384259 12.303763 12.700000 10.776307 9.158100 8.032185 7.620000 8.032185 9.158100 10.160000 7.620000 5.080000 2.540000 0.000000 2.540000 5.080000 
42.759383 39.976324 23.204221 17.554987 17.529825 15.095968 12.703739 10.381950 8.190727 6.268518 4.940023 20.886857 18.890588 17.039689 15.386713 14.001930 12.971521 12.384259 14.810618 12.700000 10.776307 9.158100 8.032185 7.620000 8.032185 12.700000 10.160000 7.620000 5.080000 2.540000 0.000000 2.540000 
44.925793 42.285560 22.917198 17.173807 19.990108 17.529825 15.095968 12.703739 10.381950 8.190727 6.268518 22.990661 20.886857 18.890588 17.039689 15.386713 14.001930 12.971521 17.038838 14.810618 12.700000 10.776307 9.158100 8.032185 7.620000 15.240000 12.700000 10.160000 7.620000 5.080000 2.540000 0.000000 
