35
# Circuit board instance
Size: medium
Nodes: 35
0.000000 140.000000 140.000000 197.989899 99.782262 101.039470 102.296994 103.554823 100.631673 101.878400 103.125694 104.373537 37.845996 40.344264 42.847439 45.354710 47.865432 66.713239 67.030761 67.370731 67.732810 71.653856 71.949578 72.266411 72.604080 98.587495 100.733926 102.898284 105.079460 107.276430 96.836511 97.264680 97.756991 98.312480 98.930083 
140.000000 0.000000 197.989899 140.000000 159.925662 160.713074 161.506634 162.306251 155.961698 156.769021 157.582443 158.401871 103.058889 100.524996 97.991419 95.458184 92.925318 76.954321 77.229749 77.525006 77.839867 71.994349 72.288678 72.604032 72.940138 78.063603 76.227003 74.431774 72.680981 70.977915 157.328162 155.319216 153.326025 151.349214 149.389431 
140.000000 197.989899 0.000000 140.000000 43.616987 42.418348 41.223983 40.034274 45.526644 44.379613 43.239456 42.106732 138.047842 138.753548 139.501937 140.292327 141.124012 139.810915 138.686548 137.564716 136.445481 142.234703 141.129647 140.027389 138.927996 120.001392 121.770949 123.567378 125.389525 127.236286 46.843454 47.722293 48.717846 49.823117 51.030977 
197.989899 140.000000 140.000000 0.000000 132.371293 131.981188 131.602182 131.234373 127.553883 127.148998 126.755545 126.373631 168.065528 166.523758 165.006683 163.514991 162.049381 144.977250 143.893258 142.812332 141.734542 142.406537 141.302826 140.201930 139.103915 103.801572 102.427516 101.098610 99.816658 98.583490 132.548671 130.157820 127.772725 125.393715 123.021142 
99.782262 159.925662 43.616987 132.371293 0.000000 1.270000 2.540000 3.810000 5.080000 5.236344 5.679613 6.350000 94.542720 95.191662 95.903505 96.676860 97.510263 96.898509 95.817148 94.740469 93.668634 99.641921 98.590655 97.544595 96.503909 82.418687 84.548542 86.700492 88.872930 91.064392 3.231513 4.619204 6.718229 9.046291 11.464700 
101.039470 160.713074 42.418348 131.981188 1.270000 0.000000 1.270000 2.540000 5.236344 5.080000 5.236344 5.679613 95.775172 96.415819 97.118689 97.882444 98.705668 97.984397 96.898509 95.817148 94.740469 100.698230 99.641921 98.590655 97.544595 83.126269 85.238446 87.373405 89.529517 91.705289 4.467361 5.554429 7.392513 9.557720 11.872404 
102.296994 161.506634 41.223983 131.602182 2.540000 1.270000 0.000000 1.270000 5.679613 5.236344 5.080000 5.236344 97.008592 97.641147 98.335260 99.089637 99.902915 99.074663 97.984397 96.898509 95.817148 101.759423 100.698230 99.641921 98.590655 83.847117 85.941579 88.059493 90.199206 92.359203 5.718195 6.602433 8.209122 10.202473 12.397355 
103.554823 162.306251 40.034274 131.234373 3.810000 2.540000 1.270000 0.000000 6.350000 5.679613 5.236344 5.080000 98.242945 98.867602 99.553164 100.298382 101.101937 100.169163 99.074663 97.984397 96.898509 102.825351 101.759423 100.698230 99.641921 84.580891 86.657621 88.758450 90.881709 93.025860 6.975958 7.717406 9.129946 10.957038 13.025385 
100.631673 155.961698 45.526644 127.553883 5.080000 5.236344 5.679613 6.350000 0.000000 1.270000 2.540000 3.810000 93.438656 93.957983 94.542720 95.191662 95.903505 94.349046 93.238121 92.131308 91.028756 96.898509 95.817148 94.740469 93.668634 78.232458 80.312683 82.418687 84.548542 86.700492 5.231018 3.528670 3.231513 4.619204 6.718229 
101.878400 156.769021 44.379613 127.148998 5.236344 5.080000 5.236344 5.679613 1.270000 0.000000 1.270000 2.540000 94.685480 95.198005 95.775172 96.415819 97.118689 95.463938 94.349046 93.238121 92.131308 97.984397 96.898509 95.817148 94.740469 78.977554 81.038656 83.126269 85.238446 87.373405 6.072741 4.686806 4.467361 5.554429 7.392513 
103.125694 157.582443 43.239456 126.755545 5.679613 5.236344 5.080000 5.236344 2.540000 1.270000 0.000000 1.270000 95.932911 96.438808 97.008592 97.641147 98.335260 96.582660 95.463938 94.349046 93.238121 99.074663 97.984397 96.898509 95.817148 79.735917 81.777907 83.847117 85.941579 88.059493 7.044049 5.891230 5.718195 6.602433 8.209122 
104.373537 158.401871 42.106732 126.373631 6.350000 5.679613 5.236344 5.080000 3.810000 2.540000 1.270000 0.000000 97.180928 97.680361 98.242945 98.867602 99.553164 97.705080 96.582660 95.463938 94.349046 100.169163 99.074663 97.984397 96.898509 80.507172 82.530081 84.580891 86.657621 88.758450 8.098448 7.118485 6.975958 7.717406 9.129946 
37.845996 103.058889 138.047842 168.065528 94.542720 95.775172 97.008592 98.242945 93.438656 94.685480 95.932911 97.180928 0.000000 2.540000 5.080000 7.620000 10.160000 29.004076 29.424241 29.892497 30.406620 33.868539 34.229045 34.632397 35.077116 65.050684 66.862042 68.719553 70.619576 72.558770 91.312581 90.731510 90.218233 89.773912 89.399577 
40.344264 100.524996 138.753548 166.523758 95.191662 96.415819 97.641147 98.867602 93.957983 95.198005 96.438808 97.680361 2.540000 0.000000 2.540000 5.080000 7.620000 26.602076 27.059564 27.568014 28.124661 31.427784 31.815957 32.249504 32.726621 63.289443 65.050684 66.862042 68.719553 70.619576 91.960161 91.312581 90.731510 90.218233 89.773912 
42.847439 97.991419 139.501937 165.006683 95.903505 97.118689 98.335260 99.553164 94.542720 95.775172 97.008592 98.242945 5.080000 2.540000 0.000000 2.540000 5.080000 24.228241 24.729683 25.285027 25.890805 29.004076 29.424241 29.892497 30.406620 61.582618 63.289443 65.050684 66.862042 68.719553 92.672856 91.960161 91.312581 90.731510 90.218233 
45.354710 95.458184 140.292327 163.514991 96.676860 97.882444 99.089637 100.298382 95.191662 96.415819 97.641147 98.867602 7.620000 5.080000 2.540000 0.000000 2.540000 21.891736 22.445438 23.055868 23.718647 26.602076 27.059564 27.568014 28.124661 59.934859 61.582618 63.289443 65.050684 66.862042 93.449176 92.672856 91.960161 91.312581 90.731510 
47.865432 92.925318 141.124012 162.049381 97.510263 98.705668 99.902915 101.101937 95.903505 97.118689 98.335260 99.553164 10.160000 7.620000 5.080000 2.540000 0.000000 19.605911 20.222297 20.897767 21.626785 24.228241 24.729683 25.285027 25.890805 58.351170 59.934859 61.582618 63.289443 65.050684 94.287549 93.449176 92.672856 91.960161 91.312581 
66.713239 76.954321 139.810915 144.977250 96.898509 97.984397 99.074663 100.169163 94.349046 95.463938 96.582660 97.705080 29.004076 26.602076 24.228241 21.891736 19.605911 0.000000 1.270000 2.540000 3.810000 5.080000 5.236344 5.679613 6.350000 41.413607 42.591201 43.884361 45.283188 46.778203 93.792094 92.472475 91.204516 89.990399 88.832333 
67.030761 77.229749 138.686548 143.893258 95.817148 96.898509 97.984397 99.074663 93.238121 94.349046 95.463938 96.582660 29.424241 27.059564 24.729683 22.445438 20.222297 1.270000 0.000000 1.270000 2.540000 5.236344 5.080000 5.236344 5.679613 40.276735 41.486612 42.813149 44.245855 45.774762 92.717115 91.381975 90.098670 88.869447 87.696579 
67.370731 77.525006 137.564716 142.812332 94.740469 95.817148 96.898509 97.984397 92.131308 93.238121 94.349046 95.463938 29.892497 27.568014 25.285027 23.055868 20.897767 2.540000 1.270000 0.000000 1.270000 5.679613 5.236344 5.080000 5.236344 39.148049 40.391748 41.753085 43.220944 44.784854 91.647127 90.296166 88.997206 87.752555 86.564556 
67.732810 77.839867 136.445481 141.734542 93.668634 94.740469 95.817148 96.898509 91.028756 92.131308 93.238121 94.349046 30.406620 28.124661 25.890805 23.718647 21.626785 3.810000 2.540000 1.270000 0.000000 6.350000 5.679613 5.236344 5.080000 38.028278 39.307423 40.705039 42.209361 43.809398 90.582305 89.215222 87.900290 86.639882 85.436413 
71.653856 71.994349 142.234703 142.406537 99.641921 100.698230 101.759423 102.825351 96.898509 97.984397 99.074663 100.169163 33.868539 31.427784 29.004076 26.602076 24.228241 5.080000 5.236344 5.679613 6.350000 0.000000 1.270000 2.540000 3.810000 39.445524 40.361696 41.413607 42.591201 43.884361 96.577755 95.161222 93.792094 92.472475 91.204516 
71.949578 72.288678 141.129647 141.302826 98.590655 99.641921 100.698230 101.759423 95.817148 96.898509 97.984397 99.074663 34.229045 31.815957 29.424241 27.059564 24.729683 5.236344 5.080000 5.236344 5.679613 1.270000 0.000000 1.270000 2.540000 38.250201 39.194324 40.276735 41.486612 42.813149 95.534127 94.101885 92.717115 91.381975 90.098670 
72.266411 72.604032 140.027389 140.201930 97.544595 98.590655 99.641921 100.698230 94.740469 95.817148 96.898509 97.984397 34.632397 32.249504 29.892497 27.568014 25.285027 5.679613 5.236344 5.080000 5.236344 2.540000 1.270000 0.000000 1.270000 37.059847 38.033530 39.148049 40.391748 41.753085 94.496041 93.047822 91.647127 90.296166 88.997206 
72.604080 72.940138 138.927996 139.103915 96.503909 97.544595 98.590655 99.641921 93.668634 94.740469 95.817148 96.898509 35.077116 32.726621 30.406620 28.124661 25.890805 6.350000 5.679613 5.236344 5.080000 3.810000 2.540000 1.270000 0.000000 35.874956 36.879935 38.028278 39.307423 40.705039 93.463682 91.999214 90.582305 89.215222 87.900290 
98.587495 78.063603 120.001392 103.801572 82.418687 83.126269 83.847117 84.580891 78.232458 78.977554 79.735917 80.507172 65.050684 63.289443 61.582618 59.934859 58.351170 41.413607 40.276735 39.148049 38.028278 39.445524 38.250201 37.059847 35.874956 0.000000 2.540000 5.080000 7.620000 10.160000 80.000498 77.857624 75.739308 73.647668 71.585044 
100.733926 76.227003 121.770949 102.427516 84.548542 85.238446 85.941579 86.657621 80.312683 81.038656 81.777907 82.530081 66.862042 65.050684 63.289443 61.582618 59.934859 42.591201 41.486612 40.391748 39.307423 40.361696 39.194324 38.033530 36.879935 2.540000 0.000000 2.540000 5.080000 7.620000 82.166009 80.000498 77.857624 75.739308 73.647668 
102.898284 74.431774 123.567378 101.098610 86.700492 87.373405 88.059493 88.758450 82.418687 83.126269 83.847117 84.580891 68.719553 66.862042 65.050684 63.289443 61.582618 43.884361 42.813149 41.753085 40.705039 41.413607 40.276735 39.148049 38.028278 5.080000 2.540000 0.000000 2.540000 5.080000 84.352413 82.166009 80.000498 77.857624 75.739308 
105.079460 72.680981 125.389525 99.816658 88.872930 89.529517 90.199206 90.881709 84.548542 85.238446 85.941579 86.657621 70.619576 68.719553 66.862042 65.050684 63.289443 45.283188 44.245855 43.220944 42.209361 42.591201 41.486612 40.391748 39.307423 7.620000 5.080000 2.540000 0.000000 2.540000 86.558126 84.352413 82.166009 80.000498 77.857624 
107.276430 70.977915 127.236286 98.583490 91.064392 91.705289 92.359203 93.025860 86.700492 87.373405 88.059493 88.758450 72.558770 70.619576 68.719553 66.862042 65.050684 46.778203 45.774762 44.784854 43.809398 43.884361 42.813149 41.753085 40.705039 10.160000 7.620000 5.080000 2.540000 0.000000 88.781711 86.558126 84.352413 82.166009 80.000498 
96.836511 157.328162 46.843454 132.548671 3.231513 4.467361 5.718195 6.975958 5.231018 6.072741 7.044049 8.098448 91.312581 91.960161 92.672856 93.449176 94.287549 93.792094 92.717115 91.647127 90.582305 96.577755 95.534127 94.496041 93.463682 80.000498 82.166009 84.352413 86.558126 88.781711 0.000000 2.540000 5.080000 7.620000 10.160000 
97.264680 155.319216 47.722293 130.157820 4.619204 5.554429 6.602433 7.717406 3.528670 4.686806 5.891230 7.118485 90.731510 91.312581 91.960161 92.672856 93.449176 92.472475 91.381975 90.296166 89.215222 95.161222 94.101885 93.047822 91.999214 77.857624 80.000498 82.166009 84.352413 86.558126 2.540000 0.000000 2.540000 5.080000 7.620000 
97.756991 153.326025 48.717846 127.772725 6.718229 7.392513 8.209122 9.129946 3.231513 4.467361 5.718195 6.975958 90.218233 90.731510 91.312581 91.960161 92.672856 91.204516 90.098670 88.997206 87.900290 93.792094 92.717115 91.647127 90.582305 75.739308 77.857624 80.000498 82.166009 84.352413 5.080000 2.540000 0.000000 2.540000 5.080000 
98.312480 151.349214 49.823117 125.393715 9.046291 9.557720 10.202473 10.957038 4.619204 5.554429 6.602433 7.717406 89.773912 90.218233 90.731510 91.312581 91.960161 89.990399 88.869447 87.752555 86.639882 92.472475 91.381975 90.296166 89.215222 73.647668 75.739308 77.857624 80.000498 82.166009 7.620000 5.080000 2.540000 0.000000 2.540000 
98.930083 149.389431 51.030977 123.021142 11.464700 11.872404 12.397355 13.025385 6.718229 7.392513 8.209122 9.129946 89.399577 89.773912 90.218233 90.731510 91.312581 88.832333 87.696579 86.564556 85.436413 91.204516 90.098670 88.997206 87.900290 71.585044 73.647668 75.739308 77.857624 80.000498 10.160000 7.620000 5.080000 2.540000 0.000000 
