26
# Circuit board instance
Size: medium
Nodes: 26
0.000000 40.000000 40.000000 56.568542 34.413160 36.151869 37.980954 39.887985 41.862309 43.894849 45.977884 40.423440 41.913561 43.501055 45.175660 46.928050 48.749838 50.633534 28.949057 29.519445 30.132592 30.785944 33.603125 34.095743 34.627954 35.197961 
40.000000 0.000000 56.568542 40.000000 26.980896 29.166089 31.404713 33.686116 36.002168 38.346589 40.714481 23.836058 26.284020 28.747956 31.224084 33.709717 36.202899 38.702169 18.680145 19.552430 20.466387 21.416682 15.286266 16.340735 17.423981 18.530958 
40.000000 56.568542 0.000000 40.000000 30.882155 29.549950 28.383001 27.402431 26.628835 26.080638 25.772228 37.463268 36.372909 35.431395 34.650861 34.042382 33.615304 33.376589 37.927091 37.016401 36.127405 35.261746 41.588296 40.759490 39.953868 39.172858 
56.568542 40.000000 40.000000 0.000000 22.302704 20.418194 18.689513 17.163809 15.899622 14.963383 14.419114 18.373883 16.034077 13.765422 11.609707 9.642973 8.005734 6.935403 30.811754 29.683562 28.567277 27.464352 28.880552 27.673741 26.472843 25.278701 
34.413160 26.980896 30.882155 22.302704 0.000000 2.540000 5.080000 7.620000 10.160000 12.700000 15.240000 7.620000 8.032185 9.158100 10.776307 12.700000 14.810618 17.038838 10.395271 9.126396 7.857886 6.589950 11.748790 10.642534 9.576992 8.567371 
36.151869 29.166089 29.549950 20.418194 2.540000 0.000000 2.540000 5.080000 7.620000 10.160000 12.700000 8.032185 7.620000 8.032185 9.158100 10.776307 12.700000 14.810618 12.933682 11.664390 10.395271 9.126396 14.044662 12.885278 11.748790 10.642534 
37.980954 31.404713 28.383001 18.689513 5.080000 2.540000 0.000000 2.540000 5.080000 7.620000 10.160000 9.158100 8.032185 7.620000 8.032185 9.158100 10.776307 12.700000 15.472615 14.203101 12.933682 11.664390 16.412624 15.221711 14.044662 12.885278 
39.887985 33.686116 27.402431 17.163809 7.620000 5.080000 2.540000 0.000000 2.540000 5.080000 7.620000 10.776307 9.158100 8.032185 7.620000 8.032185 9.158100 10.776307 18.011848 16.742202 15.472615 14.203101 18.825490 17.614589 16.412624 15.221711 
41.862309 36.002168 26.628835 15.899622 10.160000 7.620000 5.080000 2.540000 0.000000 2.540000 5.080000 12.700000 10.776307 9.158100 8.032185 7.620000 8.032185 9.158100 20.551271 19.281541 18.011848 16.742202 21.267985 20.043708 18.825490 17.614589 
43.894849 38.346589 26.080638 14.963383 12.700000 10.160000 7.620000 5.080000 2.540000 0.000000 2.540000 14.810618 12.700000 10.776307 9.158100 8.032185 7.620000 8.032185 23.090821 21.821033 20.551271 19.281541 23.730960 22.497331 21.267985 20.043708 
45.977884 40.714481 25.772228 14.419114 15.240000 12.700000 10.160000 7.620000 5.080000 2.540000 0.000000 17.038838 14.810618 12.700000 10.776307 9.158100 8.032185 7.620000 25.630461 24.360632 23.090821 21.821033 26.208642 24.968235 23.730960 22.497331 
40.423440 23.836058 37.463268 18.373883 7.620000 8.032185 9.158100 10.776307 12.700000 14.810618 17.038838 0.000000 2.540000 5.080000 7.620000 10.160000 12.700000 15.240000 12.644249 11.623532 10.656536 9.759243 10.603313 9.362676 8.131111 6.913467 
41.913561 26.284020 36.372909 16.034077 8.032185 7.620000 8.032185 9.158100 10.776307 12.700000 14.810618 2.540000 0.000000 2.540000 5.080000 7.620000 10.160000 12.700000 14.801875 13.706691 12.644249 11.623532 13.101478 11.850172 10.603313 9.362676 
43.501055 28.747956 35.431395 13.765422 9.158100 8.032185 7.620000 8.032185 9.158100 10.776307 12.700000 5.080000 2.540000 0.000000 2.540000 5.080000 7.620000 10.160000 17.065087 15.923048 14.801875 13.706691 15.613148 14.356067 13.101478 11.850172 
45.175660 31.224084 34.650861 11.609707 10.776307 9.158100 8.032185 7.620000 8.032185 9.158100 10.776307 7.620000 5.080000 2.540000 0.000000 2.540000 5.080000 7.620000 19.396960 18.224070 17.065087 15.923048 18.132713 16.872165 15.613148 14.356067 
46.928050 33.709717 34.042382 9.642973 12.700000 10.776307 9.158100 8.032185 7.620000 8.032185 9.158100 10.160000 7.620000 5.080000 2.540000 0.000000 2.540000 5.080000 21.775448 20.581380 19.396960 18.224070 20.657283 19.394494 18.132713 16.872165 
48.749838 36.202899 33.615304 8.005734 14.810618 12.700000 10.776307 9.158100 8.032185 7.620000 8.032185 12.700000 10.160000 7.620000 5.080000 2.540000 0.000000 2.540000 24.186803 22.977660 21.775448 20.581380 23.185224 21.920905 20.657283 19.394494 
50.633534 38.702169 33.376589 6.935403 17.038838 14.810618 12.700000 10.776307 9.158100 8.032185 7.620000 15.240000 12.700000 10.160000 7.620000 5.080000 2.540000 0.000000 26.622094 25.401885 24.186803 22.977660 25.715542 24.450132 23.185224 21.920905 
28.949057 18.680145 37.927091 30.811754 10.395271 12.933682 15.472615 18.011848 20.551271 23.090821 25.630461 12.644249 14.801875 17.065087 19.396960 21.775448 24.186803 26.622094 0.000000 1.270000 2.540000 3.810000 5.080000 5.236344 5.679613 6.350000 
29.519445 19.552430 37.016401 29.683562 9.126396 11.664390 14.203101 16.742202 19.281541 21.821033 24.360632 11.623532 13.706691 15.923048 18.224070 20.581380 22.977660 25.401885 1.270000 0.000000 1.270000 2.540000 5.236344 5.080000 5.236344 5.679613 
30.132592 20.466387 36.127405 28.567277 7.857886 10.395271 12.933682 15.472615 18.011848 20.551271 23.090821 10.656536 12.644249 14.801875 17.065087 19.396960 21.775448 24.186803 2.540000 1.270000 0.000000 1.270000 5.679613 5.236344 5.080000 5.236344 
30.785944 21.416682 35.261746 27.464352 6.589950 9.126396 11.664390 14.203101 16.742202 19.281541 21.821033 9.759243 11.623532 13.706691 15.923048 18.224070 20.581380 22.977660 3.810000 2.540000 1.270000 0.000000 6.350000 5.679613 5.236344 5.080000 
33.603125 15.286266 41.588296 28.880552 11.748790 14.044662 16.412624 18.825490 21.267985 23.730960 26.208642 10.603313 13.101478 15.613148 18.132713 20.657283 23.185224 25.715542 5.080000 5.236344 5.679613 6.350000 0.000000 1.270000 2.540000 3.810000 
34.095743 16.340735 40.759490 27.673741 10.642534 12.885278 15.221711 17.614589 20.043708 22.497331 24.968235 9.362676 11.850172 14.356067 16.872165 19.394494 21.920905 24.450132 5.236344 5.080000 5.236344 5.679613 1.270000 0.000000 1.270000 2.540000 
34.627954 17.423981 39.953868 26.472843 9.576992 11.748790 14.044662 16.412624 18.825490 21.267985 23.730960 8.131111 10.603313 13.101478 15.613148 18.132713 20.657283 23.185224 5.679613 5.236344 5.080000 5.236344 2.540000 1.270000 0.000000 1.270000 
35.197961 18.530958 39.172858 25.278701 8.567371 10.642534 12.885278 15.221711 17.614589 20.043708 22.497331 6.913467 9.362676 11.850172 14.356067 16.872165 19.394494 21.920905 6.350000 5.679613 5.236344 5.080000 3.810000 2.540000 1.270000 0.000000 
