28
# Circuit board instance
Size: medium
Nodes: 28
0.000000 65.000000 65.000000 91.923882 53.516760 54.854713 56.275561 57.773187 59.341779 39.559386 40.477855 41.531575 42.710536 44.004672 34.865219 36.418924 38.078809 39.831603 41.665582 43.570495 45.537441 41.268456 42.589200 44.017016 45.541833 47.154244 48.845573 50.607910 
65.000000 0.000000 91.923882 65.000000 59.528282 57.951811 56.445651 55.015579 53.667677 63.826633 61.783095 59.777636 57.814219 55.897274 42.159246 43.452923 44.853252 46.350568 47.935783 49.600469 51.336898 35.697395 37.216374 38.842196 40.562016 42.364386 44.239219 46.177690 
65.000000 91.923882 0.000000 65.000000 33.211991 35.327501 37.495753 39.708109 41.957592 30.692051 31.867126 33.195311 34.659008 36.241801 52.644227 50.517018 48.429607 46.387366 44.396530 42.464328 40.599134 57.086921 55.131398 53.225265 51.374018 49.583806 47.861478 46.214626 
91.923882 65.000000 65.000000 0.000000 42.220957 39.967551 37.750554 35.576772 33.454631 58.744328 56.517323 54.317794 52.149218 50.015620 57.734159 55.801323 53.918878 52.092286 50.327630 48.631653 47.011788 53.199014 51.094908 49.032105 47.016042 45.052995 43.150199 41.315980 
53.516760 59.528282 33.211991 42.220957 0.000000 2.540000 5.080000 7.620000 10.160000 16.572606 14.478212 12.549469 10.874876 9.588529 25.530215 22.991991 20.454207 17.917052 15.380836 12.846116 10.313993 26.900942 24.505111 22.141441 19.821443 17.562430 15.391280 13.350928 
54.854713 57.951811 35.327501 39.967551 2.540000 0.000000 2.540000 5.080000 7.620000 18.777303 16.572606 14.478212 12.549469 10.874876 25.566423 23.032190 20.499383 17.968608 15.440863 12.917926 10.403296 26.206893 23.741124 21.292814 18.868760 16.479668 14.143268 11.890660 
56.275561 56.445651 37.495753 37.750554 5.080000 2.540000 0.000000 2.540000 5.080000 21.057687 18.777303 16.572606 14.478212 12.549469 25.853342 23.350269 20.856127 18.374553 15.911429 13.476874 11.089720 25.745775 23.231115 20.722637 18.222893 15.736048 13.269354 10.836583 
57.773187 55.015579 39.708109 35.576772 7.620000 5.080000 2.540000 0.000000 2.540000 23.391631 21.057687 18.777303 16.572606 14.478212 26.382794 23.935154 21.508942 19.112319 16.757986 14.466605 12.273485 25.530215 22.991991 20.454207 17.917052 15.380836 12.846116 10.313993 
59.341779 53.667677 41.957592 33.454631 10.160000 7.620000 5.080000 2.540000 0.000000 25.764585 23.391631 21.057687 18.777303 16.572606 27.140589 24.767950 22.431993 20.145482 17.927348 15.806403 13.827442 25.566423 23.032190 20.499383 17.968608 15.440863 12.917926 10.403296 
39.559386 63.826633 30.692051 58.744328 16.572606 18.777303 21.057687 23.391631 25.764585 0.000000 2.540000 5.080000 7.620000 10.160000 22.477023 20.652563 18.993246 17.545985 16.367132 15.517977 15.054416 28.134288 26.699250 25.437471 24.375873 23.541550 22.959294 22.648554 
40.477855 61.783095 31.867126 56.517323 14.478212 16.572606 18.777303 21.057687 23.391631 2.540000 0.000000 2.540000 5.080000 7.620000 20.870612 18.891645 17.061924 15.434619 14.080088 13.083329 12.530016 26.137988 24.586708 23.210369 22.041766 21.115417 20.464248 20.115001 
41.531575 59.777636 33.195311 54.317794 12.549469 14.478212 16.572606 18.777303 21.057687 5.080000 2.540000 0.000000 2.540000 5.080000 19.464109 17.325222 15.309420 13.472066 11.896132 10.697784 10.013510 24.243636 22.562484 21.054233 19.758515 18.719517 17.981795 17.583309 
42.710536 57.814219 34.659008 52.149218 10.874876 12.549469 14.478212 16.572606 18.777303 7.620000 5.080000 2.540000 0.000000 2.540000 18.303655 16.010484 13.804007 11.733236 9.883838 8.403265 7.512833 22.477023 20.652563 18.993246 17.545985 16.367132 15.517977 15.054416 
44.004672 55.897274 36.241801 50.015620 9.588529 10.874876 12.549469 14.478212 16.572606 10.160000 7.620000 5.080000 2.540000 0.000000 17.438443 15.013697 12.634322 10.331714 8.171029 6.300026 5.051549 20.870612 18.891645 17.061924 15.434619 14.080088 13.083329 12.530016 
34.865219 42.159246 52.644227 57.734159 25.530215 25.566423 25.853342 26.382794 27.140589 22.477023 20.870612 19.464109 18.303655 17.438443 0.000000 2.540000 5.080000 7.620000 10.160000 12.700000 15.240000 7.620000 8.032185 9.158100 10.776307 12.700000 14.810618 17.038838 
36.418924 43.452923 50.517018 55.801323 22.991991 23.032190 23.350269 23.935154 24.767950 20.652563 18.891645 17.325222 16.010484 15.013697 2.540000 0.000000 2.540000 5.080000 7.620000 10.160000 12.700000 8.032185 7.620000 8.032185 9.158100 10.776307 12.700000 14.810618 
38.078809 44.853252 48.429607 53.918878 20.454207 20.499383 20.856127 21.508942 22.431993 18.993246 17.061924 15.309420 13.804007 12.634322 5.080000 2.540000 0.000000 2.540000 5.080000 7.620000 10.160000 9.158100 8.032185 7.620000 8.032185 9.158100 10.776307 12.700000 
39.831603 46.350568 46.387366 52.092286 17.917052 17.968608 18.374553 19.112319 20.145482 17.545985 15.434619 13.472066 11.733236 10.331714 7.620000 5.080000 2.540000 0.000000 2.540000 5.080000 7.620000 10.776307 9.158100 8.032185 7.620000 8.032185 9.158100 10.776307 
41.665582 47.935783 44.396530 50.327630 15.380836 15.440863 15.911429 16.757986 17.927348 16.367132 14.080088 11.896132 9.883838 8.171029 10.160000 7.620000 5.080000 2.540000 0.000000 2.540000 5.080000 12.700000 10.776307 9.158100 8.032185 7.620000 8.032185 9.158100 
43.570495 49.600469 42.464328 48.631653 12.846116 12.917926 13.476874 14.466605 15.806403 15.517977 13.083329 10.697784 8.403265 6.300026 12.700000 10.160000 7.620000 5.080000 2.540000 0.000000 2.540000 14.810618 12.700000 10.776307 9.158100 8.032185 7.620000 8.032185 
45.537441 51.336898 40.599134 47.011788 10.313993 10.403296 11.089720 12.273485 13.827442 15.054416 12.530016 10.013510 7.512833 5.051549 15.240000 12.700000 10.160000 7.620000 5.080000 2.540000 0.000000 17.038838 14.810618 12.700000 10.776307 9.158100 8.032185 7.620000 
41.268456 35.697395 57.086921 53.199014 26.900942 26.206893 25.745775 25.530215 25.566423 28.134288 26.137988 24.243636 22.477023 20.870612 7.620000 8.032185 9.158100 10.776307 12.700000 14.810618 17.038838 0.000000 2.540000 5.080000 7.620000 10.160000 12.700000 15.240000 
42.589200 37.216374 55.131398 51.094908 24.505111 23.741124 23.231115 22.991991 23.032190 26.699250 24.586708 22.562484 20.652563 18.891645 8.032185 7.620000 8.032185 9.158100 10.776307 12.700000 14.810618 2.540000 0.000000 2.540000 5.080000 7.620000 10.160000 12.700000 
44.017016 38.842196 53.225265 49.032105 22.141441 21.292814 20.722637 20.454207 20.499383 25.437471 23.210369 21.054233 18.993246 17.061924 9.158100 8.032185 7.620000 8.032185 9.158100 10.776307 12.700000 5.080000 2.540000 0.000000 2.540000 5.080000 7.620000 10.160000 
45.541833 40.562016 51.374018 47.016042 19.821443 18.868760 18.222893 17.917052 17.968608 24.375873 22.041766 19.758515 17.545985 15.434619 10.776307 9.158100 8.032185 7.620000 8.032185 9.158100 10.776307 7.620000 5.080000 2.540000 0.000000 2.540000 5.080000 7.620000 
47.154244 42.364386 49.583806 45.052995 17.562430 16.479668 15.736048 15.380836 15.440863 23.541550 21.115417 18.719517 16.367132 14.080088 12.700000 10.776307 9.158100 8.032185 7.620000 8.032185 9.158100 10.160000 7.620000 5.080000 2.540000 0.000000 2.540000 5.080000 
48.845573 44.239219 47.861478 43.150199 15.391280 14.143268 13.269354 12.846116 12.917926 22.959294 20.464248 17.981795 15.517977 13.083329 14.810618 12.700000 10.776307 9.158100 8.032185 7.620000 8.032185 12.700000 10.160000 7.620000 5.080000 2.540000 0.000000 2.540000 
50.607910 46.177690 46.214626 41.315980 13.350928 11.890660 10.836583 10.313993 10.403296 22.648554 20.115001 17.583309 15.054416 12.530016 17.038838 14.810618 12.700000 10.776307 9.158100 8.032185 7.620000 15.240000 12.700000 10.160000 7.620000 5.080000 2.540000 0.000000 
