30
# Circuit board instance
Size: medium
Nodes: 30
0.000000 115.000000 115.000000 162.634560 75.960631 77.200994 78.442306 79.684522 77.219976 78.440428 79.662429 80.885909 60.312416 61.309086 62.315699 63.331781 63.610480 64.556252 65.512991 66.480223 94.166488 96.246367 98.347864 100.469620 102.610379 102.757987 104.980583 107.217279 109.467210 111.729578 
115.000000 0.000000 162.634560 115.000000 123.337835 124.105591 124.881542 125.665537 119.317765 120.111219 120.912807 121.722366 90.523993 91.191062 91.870845 92.563061 86.225860 86.925919 87.638791 88.364166 66.735829 65.310847 63.955029 62.672865 61.468963 56.317932 55.219819 54.218543 53.319562 52.528127 
115.000000 162.634560 0.000000 115.000000 44.028536 42.853098 41.683208 40.519347 46.167297 45.047700 43.936285 42.833688 77.668142 76.560151 75.457266 74.359715 80.256127 79.184357 78.118530 77.058892 97.591684 99.600063 101.632237 103.686807 105.762467 110.548773 112.617717 114.705589 116.811376 118.934124 
162.634560 115.000000 115.000000 0.000000 106.680440 106.200717 105.734072 105.280681 102.005997 101.504185 101.015847 100.541181 102.904548 102.070870 101.246258 100.430936 99.144599 98.279032 97.422330 96.574730 71.487623 70.159220 68.898876 67.710393 66.597619 69.523643 68.637131 67.834194 67.117830 66.490838 
75.960631 123.337835 44.028536 106.680440 0.000000 1.270000 2.540000 3.810000 5.080000 5.236344 5.679613 6.350000 34.408712 33.418749 32.448297 31.499157 37.756644 36.856716 35.979115 35.125513 63.324687 65.745733 68.175435 70.612901 73.057353 76.971929 79.390467 81.816367 84.248993 86.687777 
77.200994 124.105591 42.853098 106.200717 1.270000 0.000000 1.270000 2.540000 5.236344 5.080000 5.236344 5.679613 35.416548 34.408712 33.418749 32.448297 38.677340 37.756644 36.856716 35.979115 63.727510 66.133811 68.549759 70.974371 73.406786 77.375424 79.781732 82.196085 84.617795 87.046247 
78.442306 124.881542 41.683208 105.734072 2.540000 1.270000 0.000000 1.270000 5.679613 5.236344 5.080000 5.236344 36.440776 35.416548 34.408712 33.418749 39.617356 38.677340 37.756644 36.856716 64.152949 66.543867 68.945448 71.356616 73.776430 77.797561 80.191202 82.593586 85.003973 87.421699 
79.684522 125.665537 40.519347 105.280681 3.810000 2.540000 1.270000 0.000000 6.350000 5.679613 5.236344 5.080000 37.480051 36.440776 35.416548 34.408712 40.575349 39.617356 38.677340 37.756644 64.600557 66.975498 69.362136 71.759304 74.165981 78.238037 80.618602 83.008617 85.407291 87.813913 
77.219976 119.317765 46.167297 102.005997 5.080000 5.236344 5.679613 6.350000 0.000000 1.270000 2.540000 3.810000 31.527250 30.443733 29.375160 28.323223 34.408712 33.418749 32.448297 31.499157 58.512860 60.913330 63.324687 65.745733 68.175435 72.159896 74.561469 76.971929 79.390467 81.816367 
78.440428 120.111219 45.047700 101.504185 5.236344 5.080000 5.236344 5.679613 1.270000 0.000000 1.270000 2.540000 32.624224 31.527250 30.443733 29.375160 35.416548 34.408712 33.418749 32.448297 58.948574 61.331993 63.727510 66.133811 68.549759 72.590144 74.977937 77.375424 79.781732 82.196085 
79.662429 120.912807 43.936285 101.015847 5.679613 5.236344 5.080000 5.236344 2.540000 1.270000 0.000000 1.270000 33.733340 32.624224 31.527250 30.443733 36.440776 35.416548 34.408712 33.418749 59.408245 61.773932 64.152949 66.543867 68.945448 73.039943 75.413495 77.797561 80.191202 82.593586 
80.885909 121.722366 42.833688 100.541181 6.350000 5.679613 5.236344 5.080000 3.810000 2.540000 1.270000 0.000000 34.853440 33.733340 32.624224 31.527250 37.480051 36.440776 35.416548 34.408712 59.891324 62.238651 64.600557 66.975498 69.362136 73.508933 75.867814 78.238037 80.618602 83.008617 
60.312416 90.523993 77.668142 102.904548 34.408712 35.416548 36.440776 37.480051 31.527250 32.624224 33.733340 34.853440 0.000000 1.270000 2.540000 3.810000 5.080000 5.236344 5.679613 6.350000 39.728099 42.224497 44.725804 47.231241 49.740185 52.030285 54.565738 57.101596 59.637806 62.174325 
61.309086 91.191062 76.560151 102.070870 33.418749 34.408712 35.416548 36.440776 30.443733 31.527250 32.624224 33.733340 1.270000 0.000000 1.270000 2.540000 5.236344 5.080000 5.236344 5.679613 39.506225 42.015807 44.528839 47.044767 49.563151 51.967965 54.506317 57.044816 59.583443 62.122183 
62.315699 91.870845 75.457266 101.246258 32.448297 33.418749 34.408712 35.416548 29.375160 30.443733 31.527250 32.624224 2.540000 1.270000 0.000000 1.270000 5.679613 5.236344 5.080000 5.236344 39.324135 41.844639 44.367367 46.891960 49.418131 51.936635 54.476447 57.016276 59.556120 62.095976 
63.331781 92.563061 74.359715 100.430936 31.499157 32.448297 33.418749 34.408712 28.323223 29.375160 30.443733 31.527250 3.810000 2.540000 1.270000 0.000000 6.350000 5.679613 5.236344 5.080000 39.182383 41.711454 44.241777 46.773149 49.305408 51.936350 54.476176 57.016017 59.555872 62.095738 
63.610480 86.225860 80.256127 99.144599 37.756644 38.677340 39.617356 40.575349 34.408712 35.416548 36.440776 37.480051 5.080000 5.236344 5.679613 6.350000 0.000000 1.270000 2.540000 3.810000 34.754266 37.237600 39.728099 42.224497 44.725804 46.960852 49.495297 52.030285 54.565738 57.101596 
64.556252 86.925919 79.184357 98.279032 36.856716 37.756644 38.677340 39.617356 33.418749 34.408712 35.416548 36.440776 5.236344 5.080000 5.236344 5.679613 1.270000 0.000000 1.270000 2.540000 34.500420 37.000795 39.506225 42.015807 44.528839 46.891795 49.429782 51.967965 54.506317 57.044816 
65.512991 87.638791 78.118530 97.422330 35.979115 36.856716 37.756644 38.677340 32.448297 33.418749 34.408712 35.416548 5.679613 5.236344 5.080000 5.236344 2.540000 1.270000 0.000000 1.270000 34.291759 36.806312 39.324135 41.844639 44.367367 46.857071 49.396842 51.936635 54.476447 57.016276 
66.480223 88.364166 77.058892 96.574730 35.125513 35.979115 36.856716 37.756644 31.499157 32.448297 33.418749 34.408712 6.350000 5.679613 5.236344 5.080000 3.810000 2.540000 1.270000 0.000000 34.129112 36.654824 39.182383 41.711454 44.241777 46.856756 49.396543 51.936350 54.476176 57.016017 
94.166488 66.735829 97.591684 71.487623 63.324687 63.727510 64.152949 64.600557 58.512860 58.948574 59.408245 59.891324 39.728099 39.506225 39.324135 39.182383 34.754266 34.500420 34.291759 34.129112 0.000000 2.540000 5.080000 7.620000 10.160000 13.648139 16.075022 18.532246 21.009169 23.499562 
96.246367 65.310847 99.600063 70.159220 65.745733 66.133811 66.543867 66.975498 60.913330 61.331993 61.773932 62.238651 42.224497 42.015807 41.844639 41.711454 37.237600 37.000795 36.806312 36.654824 2.540000 0.000000 2.540000 5.080000 7.620000 11.271214 13.648139 16.075022 18.532246 21.009169 
98.347864 63.955029 101.632237 68.898876 68.175435 68.549759 68.945448 69.362136 63.324687 63.727510 64.152949 64.600557 44.725804 44.528839 44.367367 44.241777 39.728099 39.506225 39.324135 39.182383 5.080000 2.540000 0.000000 2.540000 5.080000 8.983988 11.271214 13.648139 16.075022 18.532246 
100.469620 62.672865 103.686807 67.710393 70.612901 70.974371 71.356616 71.759304 65.745733 66.133811 66.543867 66.975498 47.231241 47.044767 46.891960 46.773149 42.224497 42.015807 41.844639 41.711454 7.620000 5.080000 2.540000 0.000000 2.540000 6.876555 8.983988 11.271214 13.648139 16.075022 
102.610379 61.468963 105.762467 66.597619 73.057353 73.406786 73.776430 74.165981 68.175435 68.549759 68.945448 69.362136 49.740185 49.563151 49.418131 49.305408 44.725804 44.528839 44.367367 44.241777 10.160000 7.620000 5.080000 2.540000 0.000000 5.173508 6.876555 8.983988 11.271214 13.648139 
102.757987 56.317932 110.548773 69.523643 76.971929 77.375424 77.797561 78.238037 72.159896 72.590144 73.039943 73.508933 52.030285 51.967965 51.936635 51.936350 46.960852 46.891795 46.857071 46.856756 13.648139 11.271214 8.983988 6.876555 5.173508 0.000000 2.540000 5.080000 7.620000 10.160000 
104.980583 55.219819 112.617717 68.637131 79.390467 79.781732 80.191202 80.618602 74.561469 74.977937 75.413495 75.867814 54.565738 54.506317 54.476447 54.476176 49.495297 49.429782 49.396842 49.396543 16.075022 13.648139 11.271214 8.983988 6.876555 2.540000 0.000000 2.540000 5.080000 7.620000 
107.217279 54.218543 114.705589 67.834194 81.816367 82.196085 82.593586 83.008617 76.971929 77.375424 77.797561 78.238037 57.101596 57.044816 57.016276 57.016017 52.030285 51.967965 51.936635 51.936350 18.532246 16.075022 13.648139 11.271214 8.983988 5.080000 2.540000 0.000000 2.540000 5.080000 
109.467210 53.319562 116.811376 67.117830 84.248993 84.617795 85.003973 85.407291 79.390467 79.781732 80.191202 80.618602 59.637806 59.583443 59.556120 59.555872 54.565738 54.506317 54.476447 54.476176 21.009169 18.532246 16.075022 13.648139 11.271214 7.620000 5.080000 2.540000 0.000000 2.540000 
111.729578 52.528127 118.934124 66.490838 86.687777 87.046247 87.421699 87.813913 81.816367 82.196085 82.593586 83.008617 62.174325 62.122183 62.095976 62.095738 57.101596 57.044816 57.016276 57.016017 23.499562 21.009169 18.532246 16.075022 13.648139 10.160000 7.620000 5.080000 2.540000 0.000000 
