23
# Circuit board instance
Size: medium
Nodes: 23
0.000000 40.000000 40.000000 56.568542 9.297637 11.711770 14.169977 16.652752 19.150541 33.773569 35.297058 36.932557 38.665856 40.484396 42.377204 44.334769 40.243851 41.530662 42.929330 44.429293 46.020647 47.694245 49.441737 
40.000000 0.000000 56.568542 40.000000 31.453361 28.928073 26.405607 23.886858 21.373139 23.053673 25.232917 27.474199 29.763506 32.090562 34.447718 36.829194 20.019626 22.494749 24.982898 27.480537 29.985293 32.495521 35.010044 
40.000000 56.568542 0.000000 40.000000 37.776948 38.442389 39.261177 40.223947 41.320636 34.425508 32.971865 31.655574 30.494427 29.506744 28.710434 28.121759 40.792514 39.573444 38.483619 37.534300 36.736379 36.099898 35.633508 
56.568542 40.000000 40.000000 0.000000 48.269718 46.663531 45.143192 43.717659 42.396495 23.998613 21.862336 19.821534 17.908878 16.169904 14.666522 13.477803 21.100878 18.635325 16.192801 13.785554 11.435882 9.188062 7.138961 
9.297637 31.453361 37.776948 48.269718 0.000000 2.540000 5.080000 7.620000 10.160000 24.894791 26.617857 28.463541 30.409526 32.437764 34.533766 36.685919 31.078297 32.474917 34.004163 35.648972 37.394096 39.226151 41.133522 
11.711770 28.928073 38.442389 46.663531 2.540000 0.000000 2.540000 5.080000 7.620000 23.025791 24.878640 26.844173 28.899406 31.026520 33.211706 35.444225 28.941102 30.435950 32.062594 33.802012 35.637695 37.555529 39.543564 
14.169977 26.405607 39.261177 45.143192 5.080000 2.540000 0.000000 2.540000 5.080000 21.296166 23.287043 25.376155 27.541157 29.765493 32.036808 34.345782 26.874103 28.477659 30.209931 32.050055 33.980514 35.986772 38.056845 
16.652752 23.886858 40.223947 43.717659 7.620000 5.080000 2.540000 0.000000 2.540000 19.742581 21.875310 24.087176 26.358265 28.674508 31.025794 33.404724 24.894791 26.617857 28.463541 30.409526 32.437764 34.533766 36.685919 
19.150541 21.373139 41.320636 42.396495 10.160000 7.620000 5.080000 2.540000 0.000000 18.409659 20.680310 23.007348 25.375267 27.773610 30.195130 32.634668 23.025791 24.878640 26.844173 28.899406 31.026520 33.211706 35.444225 
33.773569 23.053673 34.425508 23.998613 24.894791 23.025791 21.296166 19.742581 18.409659 0.000000 2.540000 5.080000 7.620000 10.160000 12.700000 15.240000 7.620000 8.032185 9.158100 10.776307 12.700000 14.810618 17.038838 
35.297058 25.232917 32.971865 21.862336 26.617857 24.878640 23.287043 21.875310 20.680310 2.540000 0.000000 2.540000 5.080000 7.620000 10.160000 12.700000 8.032185 7.620000 8.032185 9.158100 10.776307 12.700000 14.810618 
36.932557 27.474199 31.655574 19.821534 28.463541 26.844173 25.376155 24.087176 23.007348 5.080000 2.540000 0.000000 2.540000 5.080000 7.620000 10.160000 9.158100 8.032185 7.620000 8.032185 9.158100 10.776307 12.700000 
38.665856 29.763506 30.494427 17.908878 30.409526 28.899406 27.541157 26.358265 25.375267 7.620000 5.080000 2.540000 0.000000 2.540000 5.080000 7.620000 10.776307 9.158100 8.032185 7.620000 8.032185 9.158100 10.776307 
40.484396 32.090562 29.506744 16.169904 32.437764 31.026520 29.765493 28.674508 27.773610 10.160000 7.620000 5.080000 2.540000 0.000000 2.540000 5.080000 12.700000 10.776307 9.158100 8.032185 7.620000 8.032185 9.158100 
42.377204 34.447718 28.710434 14.666522 34.533766 33.211706 32.036808 31.025794 30.195130 12.700000 10.160000 7.620000 5.080000 2.540000 0.000000 2.540000 14.810618 12.700000 10.776307 9.158100 8.032185 7.620000 8.032185 
44.334769 36.829194 28.121759 13.477803 36.685919 35.444225 34.345782 33.404724 32.634668 15.240000 12.700000 10.160000 7.620000 5.080000 2.540000 0.000000 17.038838 14.810618 12.700000 10.776307 9.158100 8.032185 7.620000 
40.243851 20.019626 40.792514 21.100878 31.078297 28.941102 26.874103 24.894791 23.025791 7.620000 8.032185 9.158100 10.776307 12.700000 14.810618 17.038838 0.000000 2.540000 5.080000 7.620000 10.160000 12.700000 15.240000 
41.530662 22.494749 39.573444 18.635325 32.474917 30.435950 28.477659 26.617857 24.878640 8.032185 7.620000 8.032185 9.158100 10.776307 12.700000 14.810618 2.540000 0.000000 2.540000 5.080000 7.620000 10.160000 12.700000 
42.929330 24.982898 38.483619 16.192801 34.004163 32.062594 30.209931 28.463541 26.844173 9.158100 8.032185 7.620000 8.032185 9.158100 10.776307 12.700000 5.080000 2.540000 0.000000 2.540000 5.080000 7.620000 10.160000 
44.429293 27.480537 37.534300 13.785554 35.648972 33.802012 32.050055 30.409526 28.899406 10.776307 9.158100 8.032185 7.620000 8.032185 9.158100 10.776307 7.620000 5.080000 2.540000 0.000000 2.540000 5.080000 7.620000 
46.020647 29.985293 36.736379 11.435882 37.394096 35.637695 33.980514 32.437764 31.026520 12.700000 10.776307 9.158100 8.032185 7.620000 8.032185 9.158100 10.160000 7.620000 5.080000 2.540000 0.000000 2.540000 5.080000 
47.694245 32.495521 36.099898 9.188062 39.226151 37.555529 35.986772 34.533766 33.211706 14.810618 12.700000 10.776307 9.158100 8.032185 7.620000 8.032185 12.700000 10.160000 7.620000 5.080000 2.540000 0.000000 2.540000 
49.441737 35.010044 35.633508 7.138961 41.133522 39.543564 38.056845 36.685919 35.444225 17.038838 14.810618 12.700000 10.776307 9.158100 8.032185 7.620000 15.240000 12.700000 10.160000 7.620000 5.080000 2.540000 0.000000 
