23
# Circuit board instance
Size: medium
Nodes: 23
0.000000 40.000000 40.000000 56.568542 33.343761 34.753449 36.286378 37.927608 39.663697 41.482738 43.374294 40.015244 41.197277 42.498407 43.908050 45.416102 47.013093 48.690274 22.870128 25.396181 27.924765 30.455248 32.987195 
40.000000 0.000000 56.568542 40.000000 21.154365 23.313151 25.542162 27.824526 30.148129 32.504128 34.885959 18.092003 20.574654 23.069795 25.573769 28.084214 30.599538 33.118628 17.452545 14.943714 12.447532 9.973501 7.543447 
40.000000 56.568542 0.000000 40.000000 36.078540 34.560915 33.168598 31.917990 30.826345 29.911071 29.188765 42.321087 41.034988 39.869403 38.835184 37.943075 37.203301 36.625093 43.832413 45.201811 46.669371 48.226133 49.863742 
56.568542 40.000000 40.000000 0.000000 25.246026 23.025153 20.877181 18.827079 16.910480 15.178042 13.699810 22.741487 20.247742 17.767107 15.305957 12.875470 10.496969 8.215729 41.265349 40.268503 39.410389 38.700238 38.146314 
33.343761 21.154365 36.078540 25.246026 0.000000 2.540000 5.080000 7.620000 10.160000 12.700000 15.240000 7.620000 8.032185 9.158100 10.776307 12.700000 14.810618 17.038838 16.100125 15.406307 15.112835 15.242849 15.785889 
34.753449 23.313151 34.560915 23.025153 2.540000 0.000000 2.540000 5.080000 7.620000 10.160000 12.700000 8.032185 7.620000 8.032185 9.158100 10.776307 12.700000 14.810618 18.503999 17.903581 17.651677 17.763118 18.231243 
36.286378 25.542162 33.168598 20.877181 5.080000 2.540000 0.000000 2.540000 5.080000 7.620000 10.160000 9.158100 8.032185 7.620000 8.032185 9.158100 10.776307 12.700000 20.940036 20.411403 20.190810 20.288309 20.699405 
37.927608 27.824526 31.917990 18.827079 7.620000 5.080000 2.540000 0.000000 2.540000 5.080000 7.620000 10.776307 9.158100 8.032185 7.620000 8.032185 9.158100 10.776307 23.398192 22.926310 22.730137 22.816788 23.183090 
39.663697 30.148129 30.826345 16.910480 10.160000 7.620000 5.080000 2.540000 0.000000 2.540000 5.080000 12.700000 10.776307 9.158100 8.032185 7.620000 8.032185 9.158100 25.872165 25.446202 25.269600 25.347571 25.677796 
41.482738 32.504128 29.911071 15.178042 12.700000 10.160000 7.620000 5.080000 2.540000 0.000000 2.540000 14.810618 12.700000 10.776307 9.158100 8.032185 7.620000 8.032185 28.357815 27.969732 27.809160 27.880030 28.180595 
43.374294 34.885959 29.188765 13.699810 15.240000 12.700000 10.160000 7.620000 5.080000 2.540000 0.000000 17.038838 14.810618 12.700000 10.776307 9.158100 8.032185 7.620000 30.852319 30.495997 30.348794 30.413747 30.689507 
40.015244 18.092003 42.321087 22.741487 7.620000 8.032185 9.158100 10.776307 12.700000 14.810618 17.038838 0.000000 2.540000 5.080000 7.620000 10.160000 12.700000 15.240000 20.055235 18.483590 17.145757 16.100125 15.406307 
41.197277 20.574654 41.034988 20.247742 8.032185 7.620000 8.032185 9.158100 10.776307 12.700000 14.810618 2.540000 0.000000 2.540000 5.080000 7.620000 10.160000 12.700000 22.031713 20.611333 19.420631 18.503999 17.903581 
42.498407 23.069795 39.869403 17.767107 9.158100 8.032185 7.620000 8.032185 9.158100 10.776307 12.700000 5.080000 2.540000 0.000000 2.540000 5.080000 7.620000 10.160000 24.113969 22.823544 21.754264 20.940036 20.411403 
43.908050 25.573769 38.835184 15.305957 10.776307 9.158100 8.032185 7.620000 8.032185 9.158100 10.776307 7.620000 5.080000 2.540000 0.000000 2.540000 5.080000 7.620000 26.276868 25.097898 24.129616 23.398192 22.926310 
45.416102 28.084214 37.943075 12.875470 12.700000 10.776307 9.158100 8.032185 7.620000 8.032185 9.158100 10.160000 7.620000 5.080000 2.540000 0.000000 2.540000 5.080000 28.502058 27.418935 26.535483 25.872165 25.446202 
47.013093 30.599538 37.203301 10.496969 14.810618 12.700000 10.776307 9.158100 8.032185 7.620000 8.032185 12.700000 10.160000 7.620000 5.080000 2.540000 0.000000 2.540000 30.776031 29.775741 28.964264 28.357815 27.969732 
48.690274 33.118628 36.625093 8.215729 17.038838 14.810618 12.700000 10.776307 9.158100 8.032185 7.620000 15.240000 12.700000 10.160000 7.620000 5.080000 2.540000 0.000000 33.088729 32.160452 31.410643 30.852319 30.495997 
22.870128 17.452545 43.832413 41.265349 16.100125 18.503999 20.940036 23.398192 25.872165 28.357815 30.852319 20.055235 22.031713 24.113969 26.276868 28.502058 30.776031 33.088729 0.000000 2.540000 5.080000 7.620000 10.160000 
25.396181 14.943714 45.201811 40.268503 15.406307 17.903581 20.411403 22.926310 25.446202 27.969732 30.495997 18.483590 20.611333 22.823544 25.097898 27.418935 29.775741 32.160452 2.540000 0.000000 2.540000 5.080000 7.620000 
27.924765 12.447532 46.669371 39.410389 15.112835 17.651677 20.190810 22.730137 25.269600 27.809160 30.348794 17.145757 19.420631 21.754264 24.129616 26.535483 28.964264 31.410643 5.080000 2.540000 0.000000 2.540000 5.080000 
30.455248 9.973501 48.226133 38.700238 15.242849 17.763118 20.288309 22.816788 25.347571 27.880030 30.413747 16.100125 18.503999 20.940036 23.398192 25.872165 28.357815 30.852319 7.620000 5.080000 2.540000 0.000000 2.540000 
32.987195 7.543447 49.863742 38.146314 15.785889 18.231243 20.699405 23.183090 25.677796 28.180595 30.689507 15.406307 17.903581 20.411403 22.926310 25.446202 27.969732 30.495997 10.160000 7.620000 5.080000 2.540000 0.000000 
