23
# Circuit board instance
Size: medium
Nodes: 23
0.000000 40.000000 40.000000 56.568542 9.856889 10.532717 11.731205 13.311929 15.155755 17.178171 19.323184 17.430553 17.821449 18.554975 19.592687 20.889299 22.399899 24.084255 27.663658 29.221284 30.909418 32.707858 34.599409 
40.000000 0.000000 56.568542 40.000000 30.283622 30.510287 30.944477 31.577633 32.398092 33.392051 34.544535 22.675178 22.977022 23.550512 24.376482 25.430342 26.685108 28.113890 32.734022 30.934150 29.244321 27.684693 26.278457 
40.000000 56.568542 0.000000 40.000000 39.771253 37.313971 34.868546 32.437660 30.024844 27.634831 25.274092 42.289698 39.987478 37.715798 35.480526 33.288995 31.150438 29.076549 23.869210 25.658228 27.565438 29.567976 31.647753 
56.568542 40.000000 40.000000 0.000000 49.007061 47.034795 45.119342 43.268248 41.490128 39.794766 38.193183 44.707471 42.536312 40.408179 38.330239 36.311109 34.361160 32.492848 29.596916 27.593167 25.684461 23.893586 22.249011 
9.856889 30.283622 39.771253 49.007061 0.000000 2.540000 5.080000 7.620000 10.160000 12.700000 15.240000 7.620000 8.032185 9.158100 10.776307 12.700000 14.810618 17.038838 21.961387 22.833619 23.944707 25.263156 26.758331 
10.532717 30.510287 37.313971 47.034795 2.540000 0.000000 2.540000 5.080000 7.620000 10.160000 12.700000 8.032185 7.620000 8.032185 9.158100 10.776307 12.700000 14.810618 19.546501 20.521630 21.751141 23.194615 24.814742 
11.731205 30.944477 34.868546 45.119342 5.080000 2.540000 0.000000 2.540000 5.080000 7.620000 10.160000 9.158100 8.032185 7.620000 8.032185 9.158100 10.776307 12.700000 17.167761 18.270295 19.641245 21.228672 22.987774 
13.311929 31.577633 32.437660 43.268248 7.620000 5.080000 2.540000 0.000000 2.540000 5.080000 7.620000 10.776307 9.158100 8.032185 7.620000 8.032185 9.158100 10.776307 14.842560 16.105068 17.645057 19.396548 21.307447 
15.155755 32.398092 30.024844 41.490128 10.160000 7.620000 5.080000 2.540000 0.000000 2.540000 5.080000 12.700000 10.776307 9.158100 8.032185 7.620000 8.032185 9.158100 12.600569 14.065773 15.805720 17.739753 19.811109 
17.178171 33.392051 27.634831 39.794766 12.700000 10.160000 7.620000 5.080000 2.540000 0.000000 2.540000 14.810618 12.700000 10.776307 9.158100 8.032185 7.620000 8.032185 10.495250 12.215642 14.184384 16.311798 18.543355 
19.323184 34.544535 25.274092 38.193183 15.240000 12.700000 10.160000 7.620000 5.080000 2.540000 0.000000 17.038838 14.810618 12.700000 10.776307 9.158100 8.032185 7.620000 8.627249 10.653687 12.863743 15.177415 17.553779 
17.430553 22.675178 42.289698 44.707471 7.620000 8.032185 9.158100 10.776307 12.700000 14.810618 17.038838 0.000000 2.540000 5.080000 7.620000 10.160000 12.700000 15.240000 21.035847 21.044450 21.357296 21.961387 22.833619 
17.821449 22.977022 39.987478 42.536312 8.032185 7.620000 8.032185 9.158100 10.776307 12.700000 14.810618 2.540000 0.000000 2.540000 5.080000 7.620000 10.160000 12.700000 18.500540 18.510322 18.865239 19.546501 20.521630 
18.554975 23.550512 37.715798 40.408179 9.158100 8.032185 7.620000 8.032185 9.158100 10.776307 12.700000 5.080000 2.540000 0.000000 2.540000 5.080000 7.620000 10.160000 15.966726 15.978059 16.387910 17.167761 18.270295 
19.592687 24.376482 35.480526 38.330239 10.776307 9.158100 8.032185 7.620000 8.032185 9.158100 10.776307 7.620000 5.080000 2.540000 0.000000 2.540000 5.080000 7.620000 13.435248 13.448714 13.933167 14.842560 16.105068 
20.889299 25.430342 33.288995 36.311109 12.700000 10.776307 9.158100 8.032185 7.620000 8.032185 9.158100 10.160000 7.620000 5.080000 2.540000 0.000000 2.540000 5.080000 10.907733 10.924315 11.515463 12.600569 14.065773 
22.399899 26.685108 31.150438 34.361160 14.810618 12.700000 10.776307 9.158100 8.032185 7.620000 8.032185 12.700000 10.160000 7.620000 5.080000 2.540000 0.000000 2.540000 8.387764 8.409317 9.164161 10.495250 12.215642 
24.084255 28.113890 29.076549 32.492848 17.038838 14.810618 12.700000 10.776307 9.158100 8.032185 7.620000 15.240000 12.700000 10.160000 7.620000 5.080000 2.540000 0.000000 5.885043 5.915722 6.947013 8.627249 10.653687 
27.663658 32.734022 23.869210 29.596916 21.961387 19.546501 17.167761 14.842560 12.600569 10.495250 8.627249 21.035847 18.500540 15.966726 13.435248 10.907733 8.387764 5.885043 0.000000 2.540000 5.080000 7.620000 10.160000 
29.221284 30.934150 25.658228 27.593167 22.833619 20.521630 18.270295 16.105068 14.065773 12.215642 10.653687 21.044450 18.510322 15.978059 13.448714 10.924315 8.409317 5.915722 2.540000 0.000000 2.540000 5.080000 7.620000 
30.909418 29.244321 27.565438 25.684461 23.944707 21.751141 19.641245 17.645057 15.805720 14.184384 12.863743 21.357296 18.865239 16.387910 13.933167 11.515463 9.164161 6.947013 5.080000 2.540000 0.000000 2.540000 5.080000 
32.707858 27.684693 29.567976 23.893586 25.263156 23.194615 21.228672 19.396548 17.739753 16.311798 15.177415 21.961387 19.546501 17.167761 14.842560 12.600569 10.495250 8.627249 7.620000 5.080000 2.540000 0.000000 2.540000 
34.599409 26.278457 31.647753 22.249011 26.758331 24.814742 22.987774 21.307447 19.811109 18.543355 17.553779 22.833619 20.521630 18.270295 16.105068 14.065773 12.215642 10.653687 10.160000 7.620000 5.080000 2.540000 0.000000 
