26
# Circuit board instance
Size: medium
Nodes: 26
0.000000 40.000000 40.000000 56.568542 22.607420 24.415007 26.343744 28.368932 30.471347 32.636067 34.851485 28.644697 30.091789 31.676743 33.379927 35.184176 37.074737 39.039073 25.371125 26.137439 26.941850 27.781047 29.632722 30.291417 30.988183 31.720511 
40.000000 0.000000 56.568542 40.000000 28.135858 29.607830 31.217365 32.944307 34.771167 36.683020 38.667261 22.168666 24.009307 25.968195 28.020539 30.147260 32.333685 34.568487 24.519206 25.311325 26.141169 27.005259 20.717038 21.648727 22.613379 23.606953 
40.000000 56.568542 0.000000 40.000000 29.566174 27.494649 25.507960 23.627516 21.880727 20.302120 18.933810 34.403225 32.640144 30.985146 29.456455 28.074712 26.862601 25.844001 32.423605 31.450944 30.500154 29.573344 35.856580 34.979509 34.127168 33.301455 
56.568542 40.000000 40.000000 0.000000 33.980726 32.194515 30.515358 28.961882 27.555349 26.319330 25.278850 29.232054 27.135033 25.119919 23.208055 21.427097 19.812380 18.407701 31.761416 30.767829 29.795248 28.845799 28.927354 27.832778 26.753711 25.692107 
22.607420 28.135858 29.566174 33.980726 0.000000 2.540000 5.080000 7.620000 10.160000 12.700000 15.240000 7.620000 8.032185 9.158100 10.776307 12.700000 14.810618 17.038838 4.076110 4.100445 4.498714 5.185462 9.134897 9.145782 9.331136 9.680944 
24.415007 29.607830 27.494649 32.194515 2.540000 0.000000 2.540000 5.080000 7.620000 10.160000 12.700000 8.032185 7.620000 8.032185 9.158100 10.776307 12.700000 14.810618 5.088626 4.431872 4.076110 4.100445 9.629423 9.299095 9.134897 9.145782 
26.343744 31.217365 25.507960 30.515358 5.080000 2.540000 0.000000 2.540000 5.080000 7.620000 10.160000 9.158100 8.032185 7.620000 8.032185 9.158100 10.776307 12.700000 6.933740 5.947481 5.088626 4.431872 10.719535 10.109609 9.629423 9.299095 
28.368932 32.944307 23.627516 28.961882 7.620000 5.080000 2.540000 0.000000 2.540000 5.080000 7.620000 10.776307 9.158100 8.032185 7.620000 8.032185 9.158100 10.776307 9.119353 8.000423 6.933740 5.947481 12.247215 11.438463 10.719535 10.109609 
30.471347 34.771167 21.880727 27.555349 10.160000 7.620000 5.080000 2.540000 0.000000 2.540000 5.080000 12.700000 10.776307 9.158100 8.032185 7.620000 8.032185 9.158100 11.452145 10.273471 9.119353 8.000423 14.070654 13.129200 12.247215 11.438463 
32.636067 36.683020 20.302120 26.319330 12.700000 10.160000 7.620000 5.080000 2.540000 0.000000 2.540000 14.810618 12.700000 10.776307 9.158100 8.032185 7.620000 8.032185 13.857990 12.648512 11.452145 10.273471 16.089610 15.060429 14.070654 13.129200 
34.851485 38.667261 18.933810 25.278850 15.240000 12.700000 10.160000 7.620000 5.080000 2.540000 0.000000 17.038838 14.810618 12.700000 10.776307 9.158100 8.032185 7.620000 16.304580 15.077423 13.857990 12.648512 18.239270 17.151104 16.089610 15.060429 
28.644697 22.168666 34.403225 29.232054 7.620000 8.032185 9.158100 10.776307 12.700000 14.810618 17.038838 0.000000 2.540000 5.080000 7.620000 10.160000 12.700000 15.240000 3.625075 3.652417 4.094500 4.838957 1.598010 1.659101 2.485437 3.581616 
30.091789 24.009307 32.640144 27.135033 8.032185 7.620000 8.032185 9.158100 10.776307 12.700000 14.810618 2.540000 0.000000 2.540000 5.080000 7.620000 10.160000 12.700000 4.735040 4.020944 3.625075 3.652417 3.439924 2.362299 1.598010 1.659101 
31.676743 25.968195 30.985146 25.119919 9.158100 8.032185 7.620000 8.032185 9.158100 10.776307 12.700000 5.080000 2.540000 0.000000 2.540000 5.080000 7.620000 10.160000 6.678566 5.647922 4.735040 4.020944 5.832300 4.616438 3.439924 2.362299 
33.379927 28.020539 29.456455 23.208055 10.776307 9.158100 8.032185 7.620000 8.032185 9.158100 10.776307 7.620000 5.080000 2.540000 0.000000 2.540000 5.080000 7.620000 8.926875 7.780313 6.678566 5.647922 8.312735 7.067230 5.832300 4.616438 
35.184176 30.147260 28.074712 21.427097 12.700000 10.776307 9.158100 8.032185 7.620000 8.032185 9.158100 10.160000 7.620000 5.080000 2.540000 0.000000 2.540000 5.080000 11.299475 10.103005 8.926875 7.780313 10.820841 9.564684 8.312735 7.067230 
37.074737 32.333685 26.862601 19.812380 14.810618 12.700000 10.776307 9.158100 8.032185 7.620000 8.032185 12.700000 10.160000 7.620000 5.080000 2.540000 0.000000 2.540000 13.732093 12.510450 11.299475 10.103005 13.341021 12.079893 10.820841 9.564684 
39.039073 34.568487 25.844001 18.407701 17.038838 14.810618 12.700000 10.776307 9.158100 8.032185 7.620000 15.240000 12.700000 10.160000 7.620000 5.080000 2.540000 0.000000 16.197710 14.961791 13.732093 12.510450 15.867523 14.603687 13.341021 12.079893 
25.371125 24.519206 32.423605 31.761416 4.076110 5.088626 6.933740 9.119353 11.452145 13.857990 16.304580 3.625075 4.735040 6.678566 8.926875 11.299475 13.732093 16.197710 0.000000 1.270000 2.540000 3.810000 5.080000 5.236344 5.679613 6.350000 
26.137439 25.311325 31.450944 30.767829 4.100445 4.431872 5.947481 8.000423 10.273471 12.648512 15.077423 3.652417 4.020944 5.647922 7.780313 10.103005 12.510450 14.961791 1.270000 0.000000 1.270000 2.540000 5.236344 5.080000 5.236344 5.679613 
26.941850 26.141169 30.500154 29.795248 4.498714 4.076110 5.088626 6.933740 9.119353 11.452145 13.857990 4.094500 3.625075 4.735040 6.678566 8.926875 11.299475 13.732093 2.540000 1.270000 0.000000 1.270000 5.679613 5.236344 5.080000 5.236344 
27.781047 27.005259 29.573344 28.845799 5.185462 4.100445 4.431872 5.947481 8.000423 10.273471 12.648512 4.838957 3.652417 4.020944 5.647922 7.780313 10.103005 12.510450 3.810000 2.540000 1.270000 0.000000 6.350000 5.679613 5.236344 5.080000 
29.632722 20.717038 35.856580 28.927354 9.134897 9.629423 10.719535 12.247215 14.070654 16.089610 18.239270 1.598010 3.439924 5.832300 8.312735 10.820841 13.341021 15.867523 5.080000 5.236344 5.679613 6.350000 0.000000 1.270000 2.540000 3.810000 
30.291417 21.648727 34.979509 27.832778 9.145782 9.299095 10.109609 11.438463 13.129200 15.060429 17.151104 1.659101 2.362299 4.616438 7.067230 9.564684 12.079893 14.603687 5.236344 5.080000 5.236344 5.679613 1.270000 0.000000 1.270000 2.540000 
30.988183 22.613379 34.127168 26.753711 9.331136 9.134897 9.629423 10.719535 12.247215 14.070654 16.089610 2.485437 1.598010 3.439924 5.832300 8.312735 10.820841 13.341021 5.679613 5.236344 5.080000 5.236344 2.540000 1.270000 0.000000 1.270000 
31.720511 23.606953 33.301455 25.692107 9.680944 9.145782 9.299095 10.109609 11.438463 13.129200 15.060429 3.581616 1.659101 2.362299 4.616438 7.067230 9.564684 12.079893 6.350000 5.679613 5.236344 5.080000 3.810000 2.540000 1.270000 0.000000 
