23
# Circuit board instance
Size: medium
Nodes: 23
0.000000 40.000000 40.000000 56.568542 23.335238 25.086057 26.962760 28.940867 31.000973 30.088048 30.727272 31.558566 32.567224 33.737343 35.052757 36.497759 37.569421 38.083278 38.757114 39.582760 40.550945 41.651730 42.874902 
40.000000 0.000000 56.568542 40.000000 30.183823 28.153865 26.212979 24.382445 22.688988 12.370369 13.852821 15.610205 17.560169 19.645451 21.827304 24.079489 7.042502 9.405927 11.842689 14.315388 16.808169 19.313259 21.826420 
40.000000 56.568542 0.000000 40.000000 27.262810 28.775645 30.425613 32.191634 34.055658 44.661972 42.782781 40.974921 39.248251 37.613953 36.084579 34.674018 50.008624 48.337740 46.745213 45.239319 43.828989 42.523731 41.333501 
56.568542 40.000000 40.000000 0.000000 33.313521 31.485991 29.763195 28.164359 26.711752 35.248080 32.834460 30.441412 28.074198 25.739946 23.448503 21.213743 33.749043 31.219746 28.692340 26.167373 23.645626 21.128253 18.617027 
23.335238 30.183823 27.262810 33.313521 0.000000 2.540000 5.080000 7.620000 10.160000 17.875439 16.414175 15.238838 14.419515 14.018767 14.072400 14.575400 24.304857 23.251234 22.436954 21.888745 21.626848 21.661653 21.991749 
25.086057 28.153865 28.775645 31.485991 2.540000 0.000000 2.540000 5.080000 7.620000 15.966824 14.311998 12.947213 11.972074 11.486252 11.551650 12.159376 22.077695 20.912160 20.002886 19.385966 19.089765 19.129186 19.502194 
26.962760 26.212979 30.425613 29.763195 5.080000 2.540000 0.000000 2.540000 5.080000 14.256606 12.375163 10.767622 9.572978 8.957976 9.041679 9.806212 19.925520 18.625794 17.598785 16.894302 16.553576 16.599021 17.027546 
28.940867 24.382445 32.191634 28.164359 7.620000 5.080000 2.540000 0.000000 2.540000 12.824406 10.693886 8.783862 7.270245 6.438935 6.554885 7.574717 17.875439 16.414175 15.238838 14.419515 14.018767 14.072400 14.575400 
31.000973 22.688988 34.055658 26.711752 10.160000 7.620000 5.080000 2.540000 0.000000 11.772134 9.406219 7.160586 5.193670 3.946852 4.133312 5.611960 15.966824 14.311998 12.947213 11.972074 11.486252 11.551650 12.159376 
30.088048 12.370369 44.661972 35.248080 17.875439 15.966824 14.256606 12.824406 11.772134 0.000000 2.540000 5.080000 7.620000 10.160000 12.700000 15.240000 7.620000 8.032185 9.158100 10.776307 12.700000 14.810618 17.038838 
30.727272 13.852821 42.782781 32.834460 16.414175 14.311998 12.375163 10.693886 9.406219 2.540000 0.000000 2.540000 5.080000 7.620000 10.160000 12.700000 8.032185 7.620000 8.032185 9.158100 10.776307 12.700000 14.810618 
31.558566 15.610205 40.974921 30.441412 15.238838 12.947213 10.767622 8.783862 7.160586 5.080000 2.540000 0.000000 2.540000 5.080000 7.620000 10.160000 9.158100 8.032185 7.620000 8.032185 9.158100 10.776307 12.700000 
32.567224 17.560169 39.248251 28.074198 14.419515 11.972074 9.572978 7.270245 5.193670 7.620000 5.080000 2.540000 0.000000 2.540000 5.080000 7.620000 10.776307 9.158100 8.032185 7.620000 8.032185 9.158100 10.776307 
33.737343 19.645451 37.613953 25.739946 14.018767 11.486252 8.957976 6.438935 3.946852 10.160000 7.620000 5.080000 2.540000 0.000000 2.540000 5.080000 12.700000 10.776307 9.158100 8.032185 7.620000 8.032185 9.158100 
35.052757 21.827304 36.084579 23.448503 14.072400 11.551650 9.041679 6.554885 4.133312 12.700000 10.160000 7.620000 5.080000 2.540000 0.000000 2.540000 14.810618 12.700000 10.776307 9.158100 8.032185 7.620000 8.032185 
36.497759 24.079489 34.674018 21.213743 14.575400 12.159376 9.806212 7.574717 5.611960 15.240000 12.700000 10.160000 7.620000 5.080000 2.540000 0.000000 17.038838 14.810618 12.700000 10.776307 9.158100 8.032185 7.620000 
37.569421 7.042502 50.008624 33.749043 24.304857 22.077695 19.925520 17.875439 15.966824 7.620000 8.032185 9.158100 10.776307 12.700000 14.810618 17.038838 0.000000 2.540000 5.080000 7.620000 10.160000 12.700000 15.240000 
38.083278 9.405927 48.337740 31.219746 23.251234 20.912160 18.625794 16.414175 14.311998 8.032185 7.620000 8.032185 9.158100 10.776307 12.700000 14.810618 2.540000 0.000000 2.540000 5.080000 7.620000 10.160000 12.700000 
38.757114 11.842689 46.745213 28.692340 22.436954 20.002886 17.598785 15.238838 12.947213 9.158100 8.032185 7.620000 8.032185 9.158100 10.776307 12.700000 5.080000 2.540000 0.000000 2.540000 5.080000 7.620000 10.160000 
39.582760 14.315388 45.239319 26.167373 21.888745 19.385966 16.894302 14.419515 11.972074 10.776307 9.158100 8.032185 7.620000 8.032185 9.158100 10.776307 7.620000 5.080000 2.540000 0.000000 2.540000 5.080000 7.620000 
40.550945 16.808169 43.828989 23.645626 21.626848 19.089765 16.553576 14.018767 11.486252 12.700000 10.776307 9.158100 8.032185 7.620000 8.032185 9.158100 10.160000 7.620000 5.080000 2.540000 0.000000 2.540000 5.080000 
41.651730 19.313259 42.523731 21.128253 21.661653 19.129186 16.599021 14.072400 11.551650 14.810618 12.700000 10.776307 9.158100 8.032185 7.620000 8.032185 12.700000 10.160000 7.620000 5.080000 2.540000 0.000000 2.540000 
42.874902 21.826420 41.333501 18.617027 21.991749 19.502194 17.027546 14.575400 12.159376 17.038838 14.810618 12.700000 10.776307 9.158100 8.032185 7.620000 15.240000 12.700000 10.160000 7.620000 5.080000 2.540000 0.000000 
