31
# Circuit board instance
Size: medium
Nodes: 31
0.000000 90.000000 90.000000 127.279221 26.704296 27.677585 28.842351 30.176430 31.658424 33.268572 34.989187 33.963604 34.734071 35.669149 36.756276 37.982400 39.334525 40.800124 64.681352 65.745304 66.816453 67.894459 67.611071 68.629619 69.656428 70.691140 80.558389 82.864445 85.183811 87.515429 89.858345 
90.000000 0.000000 127.279221 90.000000 65.553509 65.955984 66.453174 67.042972 67.722957 68.490445 69.342529 58.017838 58.472205 59.032460 59.695620 60.458299 61.316784 62.267112 76.644040 77.544029 78.454254 79.374361 73.126524 74.069266 75.021661 75.983345 38.273602 37.209284 36.291821 35.532589 34.941904 
90.000000 127.279221 0.000000 90.000000 84.653837 82.231389 79.816251 77.409105 75.010722 72.621970 70.243831 87.216277 84.867004 82.529030 80.203345 77.891048 75.593369 73.311682 50.636457 49.741516 48.863195 48.002406 54.328909 53.495776 52.680086 51.882663 91.786986 93.817446 95.872199 97.949717 100.048583 
127.279221 90.000000 90.000000 0.000000 103.684209 101.715999 99.773629 97.858636 95.972661 94.117446 92.294848 99.091988 97.030673 94.992547 92.979135 90.992079 89.033143 87.104224 65.227926 64.535648 63.861125 63.204925 61.056219 60.316080 59.593817 58.890086 58.310080 57.617077 57.028879 56.548754 56.179475 
26.704296 65.553509 84.653837 103.684209 0.000000 2.540000 5.080000 7.620000 10.160000 12.700000 15.240000 7.620000 8.032185 9.158100 10.776307 12.700000 14.810618 17.038838 46.065959 47.303291 48.542311 49.782892 47.484283 48.685582 49.890285 51.098150 54.013481 56.274957 58.559275 60.863863 63.186502 
27.677585 65.955984 82.231389 101.715999 2.540000 0.000000 2.540000 5.080000 7.620000 10.160000 12.700000 8.032185 7.620000 8.032185 9.158100 10.776307 12.700000 14.810618 43.596931 44.830454 46.065959 47.303291 45.092982 46.286652 47.484283 48.685582 52.881007 55.188909 57.516376 59.861128 62.221210 
28.842351 66.453174 79.816251 99.773629 5.080000 2.540000 0.000000 2.540000 5.080000 7.620000 10.160000 9.158100 8.032185 7.620000 8.032185 9.158100 10.776307 12.700000 41.136546 42.365564 43.596931 44.830454 42.718849 43.903594 45.092982 46.286652 51.848327 54.200219 56.568380 58.950850 61.345961 
30.176430 67.042972 77.409105 97.858636 7.620000 5.080000 2.540000 0.000000 2.540000 5.080000 7.620000 10.776307 9.158100 8.032185 7.620000 8.032185 9.158100 10.776307 38.686453 39.910094 41.136546 42.365564 40.364914 41.539141 42.718849 43.903594 50.921511 53.314303 55.720129 58.137371 60.564662 
31.658424 67.722957 75.010722 95.972661 10.160000 7.620000 5.080000 2.540000 0.000000 2.540000 5.080000 12.700000 10.776307 9.158100 8.032185 7.620000 8.032185 9.158100 36.248739 37.465897 38.686453 39.910094 38.034927 39.196659 40.364914 41.539141 50.106434 52.536362 54.976243 57.424806 59.880988 
33.268572 68.490445 72.621970 94.117446 12.700000 10.160000 7.620000 5.080000 2.540000 0.000000 2.540000 14.810618 12.700000 10.776307 9.158100 8.032185 7.620000 8.032185 33.826080 35.035332 36.248739 37.465897 35.733574 36.880335 38.034927 39.196659 49.408626 51.871254 54.341006 56.816952 59.298316 
34.989187 69.342529 70.243831 92.294848 15.240000 12.700000 10.160000 7.620000 5.080000 2.540000 0.000000 17.038838 14.810618 12.700000 10.776307 9.158100 8.032185 7.620000 31.421959 32.621446 33.826080 35.035332 33.466762 34.595424 35.733574 36.880335 48.833116 51.323366 53.818266 56.317199 58.819649 
33.963604 58.017838 87.216277 99.091988 7.620000 8.032185 9.158100 10.776307 12.700000 14.810618 17.038838 0.000000 2.540000 5.080000 7.620000 10.160000 12.700000 15.240000 44.942403 46.209830 47.477395 48.745086 45.553101 46.803994 48.055888 49.308709 47.398641 49.571527 51.777839 54.013481 56.274957 
34.734071 58.472205 84.867004 97.030673 8.032185 7.620000 8.032185 9.158100 10.776307 12.700000 14.810618 2.540000 0.000000 2.540000 5.080000 7.620000 10.160000 12.700000 42.408012 43.675126 44.942403 46.209830 43.054673 44.303296 45.553101 46.803994 46.103970 48.335092 50.595350 52.881007 55.188909 
35.669149 59.032460 82.529030 94.992547 9.158100 8.032185 7.620000 8.032185 9.158100 10.776307 12.700000 5.080000 2.540000 0.000000 2.540000 5.080000 7.620000 10.160000 39.874334 41.141075 42.408012 43.675126 40.561409 41.807338 43.054673 44.303296 44.915744 47.203063 49.515023 51.848327 54.200219 
36.756276 59.695620 80.203345 92.979135 10.776307 9.158100 8.032185 7.620000 8.032185 9.158100 10.776307 7.620000 5.080000 2.540000 0.000000 2.540000 5.080000 7.620000 37.341515 38.607806 39.874334 41.141075 38.074324 39.317021 40.561409 41.807338 43.842620 46.183119 48.543679 50.921511 53.314303 
37.982400 60.458299 77.891048 90.992079 12.700000 10.776307 9.158100 8.032185 7.620000 8.032185 9.158100 10.160000 7.620000 5.080000 2.540000 0.000000 2.540000 5.080000 34.809742 36.075484 37.341515 38.607806 35.594713 36.833490 38.074324 39.317021 42.893237 45.282832 47.687977 50.106434 52.536362 
39.334525 61.316784 75.593369 89.033143 14.810618 12.700000 10.776307 9.158100 8.032185 7.620000 8.032185 12.700000 10.160000 7.620000 5.080000 2.540000 0.000000 2.540000 32.279262 33.544322 34.809742 36.075484 33.124254 34.358216 35.594713 36.833490 42.075972 44.509466 46.954242 49.408626 51.871254 
40.800124 62.267112 73.311682 87.104224 17.038838 14.810618 12.700000 10.776307 9.158100 8.032185 7.620000 15.240000 12.700000 10.160000 7.620000 5.080000 2.540000 0.000000 29.750405 31.014606 32.279262 33.544322 30.665160 31.893122 33.124254 34.358216 41.398651 43.869732 46.348265 48.833116 51.323366 
64.681352 76.644040 50.636457 65.227926 46.065959 43.596931 41.136546 38.686453 36.248739 33.826080 31.421959 44.942403 42.408012 39.874334 37.341515 34.809742 32.279262 29.750405 0.000000 1.270000 2.540000 3.810000 5.080000 5.236344 5.679613 6.350000 42.212570 44.473325 46.762757 49.076853 51.412281 
65.745304 77.544029 49.741516 64.535648 47.303291 44.830454 42.365564 39.910094 37.465897 35.035332 32.621446 46.209830 43.675126 41.141075 38.607806 36.075484 33.544322 31.014606 1.270000 0.000000 1.270000 2.540000 5.236344 5.080000 5.236344 5.679613 42.821449 45.051660 47.313115 49.601541 51.913371 
66.816453 78.454254 48.863195 63.861125 48.542311 46.065959 43.596931 41.136546 38.686453 36.248739 33.826080 47.477395 44.942403 42.408012 39.874334 37.341515 34.809742 32.279262 2.540000 1.270000 0.000000 1.270000 5.679613 5.236344 5.080000 5.236344 43.458920 45.658004 47.890835 50.152907 52.440435 
67.894459 79.374361 48.002406 63.204925 49.782892 47.303291 44.830454 42.365564 39.910094 37.465897 35.035332 48.745086 46.209830 43.675126 41.141075 38.607806 36.075484 33.544322 3.810000 2.540000 1.270000 0.000000 6.350000 5.679613 5.236344 5.080000 44.123743 46.291255 48.494939 50.730081 52.992700 
67.611071 73.126524 54.328909 61.056219 47.484283 45.092982 42.718849 40.364914 38.034927 35.733574 33.466762 45.553101 43.054673 40.561409 38.074324 35.594713 33.124254 30.665160 5.080000 5.236344 5.679613 6.350000 0.000000 1.270000 2.540000 3.810000 37.797612 39.985356 42.212570 44.473325 46.762757 
68.629619 74.069266 53.495776 60.316080 48.685582 46.286652 43.903594 41.539141 39.196659 36.880335 34.595424 46.803994 44.303296 41.807338 39.317021 36.833490 34.358216 31.893122 5.236344 5.080000 5.236344 5.679613 1.270000 0.000000 1.270000 2.540000 38.476420 40.627627 42.821449 45.051660 47.313115 
69.656428 75.021661 52.680086 59.593817 49.890285 47.484283 45.092982 42.718849 40.364914 38.034927 35.733574 48.055888 45.553101 43.054673 40.561409 38.074324 35.594713 33.124254 5.679613 5.236344 5.080000 5.236344 2.540000 1.270000 0.000000 1.270000 39.184641 41.298975 43.458920 45.658004 47.890835 
70.691140 75.983345 51.882663 58.890086 51.098150 48.685582 46.286652 43.903594 41.539141 39.196659 36.880335 49.308709 46.803994 44.303296 41.807338 39.317021 36.833490 34.358216 6.350000 5.679613 5.236344 5.080000 3.810000 2.540000 1.270000 0.000000 39.920710 41.998004 44.123743 46.291255 48.494939 
80.558389 38.273602 91.786986 58.310080 54.013481 52.881007 51.848327 50.921511 50.106434 49.408626 48.833116 47.398641 46.103970 44.915744 43.842620 42.893237 42.075972 41.398651 42.212570 42.821449 43.458920 44.123743 37.797612 38.476420 39.184641 39.920710 0.000000 2.540000 5.080000 7.620000 10.160000 
82.864445 37.209284 93.817446 57.617077 56.274957 55.188909 54.200219 53.314303 52.536362 51.871254 51.323366 49.571527 48.335092 47.203063 46.183119 45.282832 44.509466 43.869732 44.473325 45.051660 45.658004 46.291255 39.985356 40.627627 41.298975 41.998004 2.540000 0.000000 2.540000 5.080000 7.620000 
85.183811 36.291821 95.872199 57.028879 58.559275 57.516376 56.568380 55.720129 54.976243 54.341006 53.818266 51.777839 50.595350 49.515023 48.543679 47.687977 46.954242 46.348265 46.762757 47.313115 47.890835 48.494939 42.212570 42.821449 43.458920 44.123743 5.080000 2.540000 0.000000 2.540000 5.080000 
87.515429 35.532589 97.949717 56.548754 60.863863 59.861128 58.950850 58.137371 57.424806 56.816952 56.317199 54.013481 52.881007 51.848327 50.921511 50.106434 49.408626 48.833116 49.076853 49.601541 50.152907 50.730081 44.473325 45.051660 45.658004 46.291255 7.620000 5.080000 2.540000 0.000000 2.540000 
89.858345 34.941904 100.048583 56.179475 63.186502 62.221210 61.345961 60.564662 59.880988 59.298316 58.819649 56.274957 55.188909 54.200219 53.314303 52.536362 51.871254 51.323366 51.412281 51.913371 52.440435 52.992700 46.762757 47.313115 47.890835 48.494939 10.160000 7.620000 5.080000 2.540000 0.000000 
