28
# Circuit board instance
Size: medium
Nodes: 28
0.000000 65.000000 65.000000 91.923882 29.264326 30.666749 32.208716 33.871175 35.637268 51.144323 53.684258 56.224199 58.764146 61.304096 41.909224 44.436062 46.964321 49.493782 52.024270 54.555642 57.087780 43.374088 45.820215 48.276039 50.740151 53.211400 55.688836 58.171669 
65.000000 0.000000 91.923882 65.000000 55.638546 53.380676 51.149276 48.947968 46.780999 13.862085 11.323215 8.785000 6.248236 3.715894 73.559637 75.028000 76.552495 78.129838 79.756891 81.430677 83.148372 67.419201 69.018325 70.672576 72.378174 74.131574 75.929465 77.768761 
65.000000 91.923882 0.000000 65.000000 42.853367 43.823051 44.915606 46.122303 47.434430 82.414476 84.014306 85.659586 87.347747 89.076351 23.730178 21.239161 18.761283 16.302538 13.873101 11.491577 9.195267 26.230704 24.000634 21.838366 19.766164 17.815483 16.030746 14.473473 
91.923882 65.000000 65.000000 0.000000 63.840881 61.883009 59.968815 58.102615 56.289183 66.095094 65.609597 65.219478 64.926455 64.731846 64.944272 64.076041 63.297890 62.613176 62.024995 61.536115 61.148917 57.897210 56.921591 56.044191 55.269687 54.602459 54.046479 53.605210 
29.264326 55.638546 42.853367 63.840881 0.000000 2.540000 5.080000 7.620000 10.160000 43.486331 45.603965 47.762805 49.957509 52.183551 19.950293 22.122174 24.365348 26.661826 28.998947 31.367628 33.761228 17.033829 19.532734 22.041037 24.555856 27.075377 29.598399 32.124097 
30.666749 53.380676 43.823051 61.883009 2.540000 0.000000 2.540000 5.080000 7.620000 41.416222 43.486331 45.603965 47.762805 49.957509 21.442362 23.476611 25.601384 27.795928 30.044960 32.337112 34.663831 17.697526 20.114144 22.557890 25.020815 27.497766 29.985269 32.480898 
32.208716 51.149276 44.915606 59.968815 5.080000 2.540000 0.000000 2.540000 5.080000 39.401131 41.416222 43.486331 45.603965 47.762805 23.117932 25.016298 27.020265 29.108032 31.262813 33.471670 35.724572 18.685735 20.988880 23.341223 25.729272 28.143941 30.578924 33.029729 
33.871175 48.947968 46.122303 58.102615 7.620000 5.080000 2.540000 0.000000 2.540000 37.449940 39.401131 41.416222 43.486331 45.603965 24.940045 26.709216 28.594787 30.575229 32.633274 34.755140 36.929827 19.950293 22.122174 24.365348 26.661826 28.998947 31.367628 33.761228 
35.637268 46.780999 47.434430 56.289183 10.160000 7.620000 5.080000 2.540000 0.000000 35.573166 37.449940 39.401131 41.416222 43.486331 26.878916 28.528101 30.300695 32.176309 34.137968 36.171675 38.265944 21.442362 23.476611 25.601384 27.795928 30.044960 32.337112 34.663831 
51.144323 13.862085 82.414476 66.095094 43.486331 41.416222 39.401131 37.449940 35.573166 0.000000 2.540000 5.080000 7.620000 10.160000 62.387454 64.097395 65.860921 67.673842 69.532296 71.432727 73.371876 56.900828 58.770621 60.689132 62.651885 64.654852 66.694410 68.767303 
53.684258 11.323215 84.014306 65.609597 45.603965 43.486331 41.416222 39.401131 37.449940 2.540000 0.000000 2.540000 5.080000 7.620000 64.313018 65.973069 67.687744 69.452996 71.265068 73.120478 75.016011 58.676780 60.491703 62.357284 64.269113 66.223184 68.215867 70.243876 
56.224199 8.785000 85.659586 65.219478 47.762805 45.603965 43.486331 41.416222 39.401131 5.080000 2.540000 0.000000 2.540000 5.080000 66.279991 67.891965 69.559354 71.278269 73.045074 74.856378 76.709028 60.507255 62.268848 64.082715 65.944540 67.850376 69.796618 71.779980 
58.764146 6.248236 87.347747 64.926455 49.957509 47.762805 45.603965 43.486331 41.416222 7.620000 5.080000 2.540000 0.000000 2.540000 68.284797 69.850519 71.472231 73.146209 74.868946 76.637155 78.447761 62.387454 64.097395 65.860921 67.673842 69.532296 71.432727 73.371876 
61.304096 3.715894 89.076351 64.731846 52.183551 49.957509 47.762805 45.603965 43.486331 10.160000 7.620000 5.080000 2.540000 0.000000 70.324198 71.845490 73.423152 75.053629 76.733555 78.459753 80.229237 64.313018 65.973069 67.687744 69.452996 71.265068 73.120478 75.016011 
41.909224 73.559637 23.730178 64.944272 19.950293 21.442362 23.117932 24.940045 26.878916 62.387454 64.313018 66.279991 68.284797 70.324198 0.000000 2.540000 5.080000 7.620000 10.160000 12.700000 15.240000 7.620000 8.032185 9.158100 10.776307 12.700000 14.810618 17.038838 
44.436062 75.028000 21.239161 64.076041 22.122174 23.476611 25.016298 26.709216 28.528101 64.097395 65.973069 67.891965 69.850519 71.845490 2.540000 0.000000 2.540000 5.080000 7.620000 10.160000 12.700000 8.032185 7.620000 8.032185 9.158100 10.776307 12.700000 14.810618 
46.964321 76.552495 18.761283 63.297890 24.365348 25.601384 27.020265 28.594787 30.300695 65.860921 67.687744 69.559354 71.472231 73.423152 5.080000 2.540000 0.000000 2.540000 5.080000 7.620000 10.160000 9.158100 8.032185 7.620000 8.032185 9.158100 10.776307 12.700000 
49.493782 78.129838 16.302538 62.613176 26.661826 27.795928 29.108032 30.575229 32.176309 67.673842 69.452996 71.278269 73.146209 75.053629 7.620000 5.080000 2.540000 0.000000 2.540000 5.080000 7.620000 10.776307 9.158100 8.032185 7.620000 8.032185 9.158100 10.776307 
52.024270 79.756891 13.873101 62.024995 28.998947 30.044960 31.262813 32.633274 34.137968 69.532296 71.265068 73.045074 74.868946 76.733555 10.160000 7.620000 5.080000 2.540000 0.000000 2.540000 5.080000 12.700000 10.776307 9.158100 8.032185 7.620000 8.032185 9.158100 
54.555642 81.430677 11.491577 61.536115 31.367628 32.337112 33.471670 34.755140 36.171675 71.432727 73.120478 74.856378 76.637155 78.459753 12.700000 10.160000 7.620000 5.080000 2.540000 0.000000 2.540000 14.810618 12.700000 10.776307 9.158100 8.032185 7.620000 8.032185 
57.087780 83.148372 9.195267 61.148917 33.761228 34.663831 35.724572 36.929827 38.265944 73.371876 75.016011 76.709028 78.447761 80.229237 15.240000 12.700000 10.160000 7.620000 5.080000 2.540000 0.000000 17.038838 14.810618 12.700000 10.776307 9.158100 8.032185 7.620000 
43.374088 67.419201 26.230704 57.897210 17.033829 17.697526 18.685735 19.950293 21.442362 56.900828 58.676780 60.507255 62.387454 64.313018 7.620000 8.032185 9.158100 10.776307 12.700000 14.810618 17.038838 0.000000 2.540000 5.080000 7.620000 10.160000 12.700000 15.240000 
45.820215 69.018325 24.000634 56.921591 19.532734 20.114144 20.988880 22.122174 23.476611 58.770621 60.491703 62.268848 64.097395 65.973069 8.032185 7.620000 8.032185 9.158100 10.776307 12.700000 14.810618 2.540000 0.000000 2.540000 5.080000 7.620000 10.160000 12.700000 
48.276039 70.672576 21.838366 56.044191 22.041037 22.557890 23.341223 24.365348 25.601384 60.689132 62.357284 64.082715 65.860921 67.687744 9.158100 8.032185 7.620000 8.032185 9.158100 10.776307 12.700000 5.080000 2.540000 0.000000 2.540000 5.080000 7.620000 10.160000 
50.740151 72.378174 19.766164 55.269687 24.555856 25.020815 25.729272 26.661826 27.795928 62.651885 64.269113 65.944540 67.673842 69.452996 10.776307 9.158100 8.032185 7.620000 8.032185 9.158100 10.776307 7.620000 5.080000 2.540000 0.000000 2.540000 5.080000 7.620000 
53.211400 74.131574 17.815483 54.602459 27.075377 27.497766 28.143941 28.998947 30.044960 64.654852 66.223184 67.850376 69.532296 71.265068 12.700000 10.776307 9.158100 8.032185 7.620000 8.032185 9.158100 10.160000 7.620000 5.080000 2.540000 0.000000 2.540000 5.080000 
55.688836 75.929465 16.030746 54.046479 29.598399 29.985269 30.578924 31.367628 32.337112 66.694410 68.215867 69.796618 71.432727 73.120478 14.810618 12.700000 10.776307 9.158100 8.032185 7.620000 8.032185 12.700000 10.160000 7.620000 5.080000 2.540000 0.000000 2.540000 
58.171669 77.768761 14.473473 53.605210 32.124097 32.480898 33.029729 33.761228 34.663831 68.767303 70.243876 71.779980 73.371876 75.016011 17.038838 14.810618 12.700000 10.776307 9.158100 8.032185 7.620000 15.240000 12.700000 10.160000 7.620000 5.080000 2.540000 0.000000 
