28
# Circuit board instance
Size: medium
Nodes: 28
0.000000 90.000000 90.000000 127.279221 47.522580 49.423586 51.379852 53.385305 55.434606 57.523069 59.646582 52.973860 54.685693 56.459928 58.290866 60.173331 62.102639 64.074558 87.041638 89.291952 91.557424 93.836956 96.129547 71.662154 73.067860 74.533638 76.056015 77.631662 
90.000000 0.000000 127.279221 90.000000 67.629227 68.978312 70.393224 71.870074 73.405125 74.994802 76.635706 61.236808 62.723535 64.276280 65.890377 67.561428 69.285313 71.058186 42.951042 42.242136 41.676219 41.259176 40.995551 79.090346 77.469546 75.899154 74.382363 72.922516 
90.000000 127.279221 0.000000 90.000000 63.693418 61.513793 59.362826 57.243748 55.160234 53.116470 51.117224 67.857835 65.816266 63.810495 61.844004 59.920661 58.044755 56.221035 91.196566 93.346771 95.516118 97.703333 99.907241 48.867814 50.906887 52.989264 55.110039 57.264944 
127.279221 90.000000 90.000000 0.000000 79.825862 78.097781 76.415063 74.780769 73.198143 71.670609 70.201762 74.487600 72.632622 70.820167 69.053585 67.336487 65.672753 64.066540 50.846425 50.249029 49.774232 49.425566 49.205712 59.227373 57.044978 54.893356 52.776271 50.698050 
47.522580 67.629227 63.693418 79.825862 0.000000 2.540000 5.080000 7.620000 10.160000 12.700000 15.240000 7.620000 8.032185 9.158100 10.776307 12.700000 14.810618 17.038838 45.088959 47.608440 50.129992 52.653318 55.178174 26.113494 26.872026 27.842417 29.003411 30.333128 
49.423586 68.978312 61.513793 78.097781 2.540000 0.000000 2.540000 5.080000 7.620000 10.160000 12.700000 8.032185 7.620000 8.032185 9.158100 10.776307 12.700000 14.810618 44.828672 47.362001 49.896009 52.430597 54.965685 23.665840 24.500269 25.560861 26.820799 28.253426 
51.379852 70.393224 59.362826 76.415063 5.080000 2.540000 0.000000 2.540000 5.080000 7.620000 10.160000 9.158100 8.032185 7.620000 8.032185 9.158100 10.776307 12.700000 44.711393 47.251011 49.790668 52.330358 54.870077 21.239882 22.165825 23.332772 24.706595 26.254841 
53.385305 71.870074 57.243748 74.780769 7.620000 5.080000 2.540000 0.000000 2.540000 5.080000 7.620000 10.776307 9.158100 8.032185 7.620000 8.032185 9.158100 10.776307 44.738246 47.276422 49.814783 52.353303 54.891961 18.844002 19.881842 21.175034 22.679940 24.357350 
55.434606 73.405125 55.160234 73.198143 10.160000 7.620000 5.080000 2.540000 0.000000 2.540000 5.080000 12.700000 10.776307 9.158100 8.032185 7.620000 8.032185 9.158100 44.908973 47.438015 49.968168 52.499272 55.031196 16.491314 17.667899 19.111490 20.766480 22.586445 
57.523069 74.994802 53.116470 71.670609 12.700000 10.160000 7.620000 5.080000 2.540000 0.000000 2.540000 14.810618 12.700000 10.776307 9.158100 8.032185 7.620000 8.032185 45.221945 47.734408 50.249639 52.767244 55.286897 14.203297 15.553934 17.176125 19.000445 20.974216 
59.646582 76.635706 51.117224 70.201762 15.240000 12.700000 10.160000 7.620000 5.080000 2.540000 0.000000 17.038838 14.810618 12.700000 10.776307 9.158100 8.032185 7.620000 45.674237 48.163111 50.657061 53.155373 55.657458 12.016948 13.586695 15.417286 17.426713 19.559937 
52.973860 61.236808 67.857835 74.487600 7.620000 8.032185 9.158100 10.776307 12.700000 14.810618 17.038838 0.000000 2.540000 5.080000 7.620000 10.160000 12.700000 15.240000 37.547107 40.057771 42.571916 45.088959 47.608440 25.273704 25.302998 25.585671 26.113494 26.872026 
54.685693 62.723535 65.816266 72.632622 8.032185 7.620000 8.032185 9.158100 10.776307 12.700000 14.810618 2.540000 0.000000 2.540000 5.080000 7.620000 10.160000 12.700000 37.234136 39.764565 42.296142 44.828672 47.362001 22.735820 22.768380 23.082113 23.665840 24.500269 
56.459928 64.276280 63.810495 70.820167 9.158100 8.032185 7.620000 8.032185 9.158100 10.776307 12.700000 5.080000 2.540000 0.000000 2.540000 5.080000 7.620000 10.160000 37.092853 39.632304 42.171821 44.711393 47.251011 20.198468 20.235112 20.587486 21.239882 22.165825 
58.290866 65.890377 61.844004 69.053585 10.776307 9.158100 8.032185 7.620000 8.032185 9.158100 10.776307 7.620000 5.080000 2.540000 0.000000 2.540000 5.080000 7.620000 37.125217 39.662596 42.200290 44.738246 47.276422 17.661878 17.703773 18.105479 18.844002 19.881842 
60.173331 67.561428 59.920661 67.336487 12.700000 10.776307 9.158100 8.032185 7.620000 8.032185 9.158100 10.160000 7.620000 5.080000 2.540000 0.000000 2.540000 5.080000 37.330778 39.855072 42.381242 44.908973 47.438015 15.126432 15.175328 15.642103 16.491314 17.667899 
62.102639 69.285313 58.044755 65.672753 14.810618 12.700000 10.776307 9.158100 8.032185 7.620000 8.032185 12.700000 10.160000 7.620000 5.080000 2.540000 0.000000 2.540000 37.706702 40.207402 42.712740 45.221945 47.734408 12.592822 12.651514 13.207786 14.203297 15.553934 
64.074558 71.058186 56.221035 64.066540 17.038838 14.810618 12.700000 10.776307 9.158100 8.032185 7.620000 15.240000 12.700000 10.160000 7.620000 5.080000 2.540000 0.000000 38.247967 40.715437 43.191316 45.674237 48.163111 10.062435 10.135789 10.822155 12.016948 13.586695 
87.041638 42.951042 91.196566 50.846425 45.088959 44.828672 44.711393 44.738246 44.908973 45.221945 45.674237 37.547107 37.234136 37.092853 37.125217 37.330778 37.706702 38.247967 0.000000 2.540000 5.080000 7.620000 10.160000 42.711299 40.464163 38.253695 36.086632 33.971283 
89.291952 42.242136 93.346771 50.249029 47.608440 47.362001 47.251011 47.276422 47.438015 47.734408 48.163111 40.057771 39.764565 39.632304 39.662596 39.855072 40.207402 40.715437 2.540000 0.000000 2.540000 5.080000 7.620000 44.989608 42.711299 40.464163 38.253695 36.086632 
91.557424 41.676219 95.516118 49.774232 50.129992 49.896009 49.790668 49.814783 49.968168 50.249639 50.657061 42.571916 42.296142 42.171821 42.200290 42.381242 42.712740 43.191316 5.080000 2.540000 0.000000 2.540000 5.080000 47.294585 44.989608 42.711299 40.464163 38.253695 
93.836956 41.259176 97.703333 49.425566 52.653318 52.430597 52.330358 52.353303 52.499272 52.767244 53.155373 45.088959 44.828672 44.711393 44.738246 44.908973 45.221945 45.674237 7.620000 5.080000 2.540000 0.000000 2.540000 49.622514 47.294585 44.989608 42.711299 40.464163 
96.129547 40.995551 99.907241 49.205712 55.178174 54.965685 54.870077 54.891961 55.031196 55.286897 55.657458 47.608440 47.362001 47.251011 47.276422 47.438015 47.734408 48.163111 10.160000 7.620000 5.080000 2.540000 0.000000 51.970311 49.622514 47.294585 44.989608 42.711299 
71.662154 79.090346 48.867814 59.227373 26.113494 23.665840 21.239882 18.844002 16.491314 14.203297 12.016948 25.273704 22.735820 20.198468 17.661878 15.126432 12.592822 10.062435 42.711299 44.989608 47.294585 49.622514 51.970311 0.000000 2.540000 5.080000 7.620000 10.160000 
73.067860 77.469546 50.906887 57.044978 26.872026 24.500269 22.165825 19.881842 17.667899 15.553934 13.586695 25.302998 22.768380 20.235112 17.703773 15.175328 12.651514 10.135789 40.464163 42.711299 44.989608 47.294585 49.622514 2.540000 0.000000 2.540000 5.080000 7.620000 
74.533638 75.899154 52.989264 54.893356 27.842417 25.560861 23.332772 21.175034 19.111490 17.176125 15.417286 25.585671 23.082113 20.587486 18.105479 15.642103 13.207786 10.822155 38.253695 40.464163 42.711299 44.989608 47.294585 5.080000 2.540000 0.000000 2.540000 5.080000 
76.056015 74.382363 55.110039 52.776271 29.003411 26.820799 24.706595 22.679940 20.766480 19.000445 17.426713 26.113494 23.665840 21.239882 18.844002 16.491314 14.203297 12.016948 36.086632 38.253695 40.464163 42.711299 44.989608 7.620000 5.080000 2.540000 0.000000 2.540000 
77.631662 72.922516 57.264944 50.698050 30.333128 28.253426 26.254841 24.357350 22.586445 20.974216 19.559937 26.872026 24.500269 22.165825 19.881842 17.667899 15.553934 13.586695 33.971283 36.086632 38.253695 40.464163 42.711299 10.160000 7.620000 5.080000 2.540000 0.000000 
