25
# Circuit board instance
Size: medium
Nodes: 25
0.000000 90.000000 90.000000 127.279221 70.811867 70.885826 70.982434 71.101599 75.886103 75.955122 76.045290 76.156534 81.816879 82.428738 83.113749 83.870119 84.695937 22.521161 23.643534 24.780164 25.929176 25.351686 26.353786 27.378127 28.422306 
90.000000 0.000000 127.279221 90.000000 19.587821 19.853528 20.195748 20.610670 14.617212 14.971398 15.422335 15.961825 107.059550 105.380465 103.736401 102.129048 100.560167 81.631601 81.948351 82.283486 82.636782 76.712604 77.049579 77.405926 77.781380 
90.000000 127.279221 0.000000 90.000000 111.740562 110.760250 109.785876 108.817600 115.023186 114.071088 113.125235 112.185785 21.187431 23.439336 25.744920 28.090969 30.468137 71.060836 69.805848 68.551413 67.297562 72.007970 70.769780 69.532737 68.296905 
127.279221 90.000000 90.000000 0.000000 88.630217 87.391048 86.152776 84.915442 87.665817 86.412820 85.160326 83.908358 72.226399 69.713327 67.202280 64.693493 62.187240 105.859142 105.020817 104.191227 103.370583 102.113972 101.244641 100.383849 99.531818 
70.811867 19.587821 111.740562 88.630217 0.000000 1.270000 2.540000 3.810000 5.080000 5.236344 5.679613 6.350000 92.375744 90.964204 89.602444 88.292767 87.037524 62.098798 62.443637 62.812265 63.204267 57.211819 57.585930 57.985448 58.409853 
70.885826 19.853528 110.760250 87.391048 1.270000 0.000000 1.270000 2.540000 5.236344 5.080000 5.236344 5.679613 91.330897 89.902954 88.524870 87.199010 85.927791 61.778147 62.098798 62.443637 62.812265 56.863618 57.211819 57.585930 57.985448 
70.982434 20.195748 109.785876 86.152776 2.540000 1.270000 0.000000 1.270000 5.679613 5.236344 5.080000 5.236344 90.291822 88.847181 87.452462 86.110091 84.822554 61.482063 61.778147 62.098798 62.443637 56.541803 56.863618 57.211819 57.585930 
71.101599 20.610670 108.817600 84.915442 3.810000 2.540000 1.270000 0.000000 6.350000 5.679613 5.236344 5.080000 89.258722 87.797083 86.385411 85.026196 83.721992 61.210901 61.482063 61.778147 62.098798 56.246830 56.541803 56.863618 57.211819 
75.886103 14.617212 115.023186 87.665817 5.080000 5.236344 5.679613 6.350000 0.000000 1.270000 2.540000 3.810000 95.339242 93.834817 92.375744 90.964204 89.602444 67.014491 67.334160 67.676155 68.040140 62.098798 62.443637 62.812265 63.204267 
75.955122 14.971398 114.071088 86.412820 5.236344 5.080000 5.236344 5.679613 1.270000 0.000000 1.270000 2.540000 94.327226 92.806398 91.330897 89.902954 88.524870 66.717470 67.014491 67.334160 67.676155 61.778147 62.098798 62.443637 62.812265 
76.045290 15.422335 113.125235 85.160326 5.679613 5.236344 5.080000 5.236344 2.540000 1.270000 0.000000 1.270000 93.321520 91.784029 90.291822 88.847181 87.452462 66.443399 66.717470 67.014491 67.334160 61.482063 61.778147 62.098798 62.443637 
76.156534 15.961825 112.185785 83.908358 6.350000 5.679613 5.236344 5.080000 3.810000 2.540000 1.270000 0.000000 92.322328 90.767914 89.258722 87.797083 86.385411 66.192565 66.443399 66.717470 67.014491 61.210901 61.482063 61.778147 62.098798 
81.816879 107.059550 21.187431 72.226399 92.375744 91.330897 90.291822 89.258722 95.339242 94.327226 93.321520 92.322328 0.000000 2.540000 5.080000 7.620000 10.160000 60.425338 59.165955 57.907036 56.648612 59.988661 58.719914 57.451222 56.182589 
82.428738 105.380465 23.439336 69.713327 90.964204 89.902954 88.847181 87.797083 93.834817 92.806398 91.784029 90.767914 2.540000 0.000000 2.540000 5.080000 7.620000 60.801869 59.550449 58.299834 57.050075 60.153793 58.888604 57.623626 56.358874 
83.113749 103.736401 25.744920 67.202280 89.602444 88.524870 87.452462 86.385411 92.375744 91.330897 90.291822 89.258722 5.080000 2.540000 0.000000 2.540000 5.080000 61.281451 60.040028 58.799827 57.560924 60.425338 59.165955 57.907036 56.648612 
83.870119 102.129048 28.090969 64.693493 88.292767 87.199010 86.110091 85.026196 90.964204 89.902954 88.847181 87.797083 7.620000 5.080000 2.540000 0.000000 2.540000 61.861687 60.632146 59.404308 58.178279 60.801869 59.550449 58.299834 57.050075 
84.695937 100.560167 30.468137 62.187240 87.037524 85.927791 84.822554 83.721992 89.602444 88.524870 87.452462 86.385411 10.160000 7.620000 5.080000 2.540000 0.000000 62.539777 61.323833 60.110125 58.898791 61.281451 60.040028 58.799827 57.560924 
22.521161 81.631601 71.060836 105.859142 62.098798 61.778147 61.482063 61.210901 67.014491 66.717470 66.443399 66.192565 60.425338 60.801869 61.281451 61.861687 62.539777 0.000000 1.270000 2.540000 3.810000 5.080000 5.236344 5.679613 6.350000 
23.643534 81.948351 69.805848 105.020817 62.443637 62.098798 61.778147 61.482063 67.334160 67.014491 66.717470 66.443399 59.165955 59.550449 60.040028 60.632146 61.323833 1.270000 0.000000 1.270000 2.540000 5.236344 5.080000 5.236344 5.679613 
24.780164 82.283486 68.551413 104.191227 62.812265 62.443637 62.098798 61.778147 67.676155 67.334160 67.014491 66.717470 57.907036 58.299834 58.799827 59.404308 60.110125 2.540000 1.270000 0.000000 1.270000 5.679613 5.236344 5.080000 5.236344 
25.929176 82.636782 67.297562 103.370583 63.204267 62.812265 62.443637 62.098798 68.040140 67.676155 67.334160 67.014491 56.648612 57.050075 57.560924 58.178279 58.898791 3.810000 2.540000 1.270000 0.000000 6.350000 5.679613 5.236344 5.080000 
25.351686 76.712604 72.007970 102.113972 57.211819 56.863618 56.541803 56.246830 62.098798 61.778147 61.482063 61.210901 59.988661 60.153793 60.425338 60.801869 61.281451 5.080000 5.236344 5.679613 6.350000 0.000000 1.270000 2.540000 3.810000 
26.353786 77.049579 70.769780 101.244641 57.585930 57.211819 56.863618 56.541803 62.443637 62.098798 61.778147 61.482063 58.719914 58.888604 59.165955 59.550449 60.040028 5.236344 5.080000 5.236344 5.679613 1.270000 0.000000 1.270000 2.540000 
27.378127 77.405926 69.532737 100.383849 57.985448 57.585930 57.211819 56.863618 62.812265 62.443637 62.098798 61.778147 57.451222 57.623626 57.907036 58.299834 58.799827 5.679613 5.236344 5.080000 5.236344 2.540000 1.270000 0.000000 1.270000 
28.422306 77.781380 68.296905 99.531818 58.409853 57.985448 57.585930 57.211819 63.204267 62.812265 62.443637 62.098798 56.182589 56.358874 56.648612 57.050075 57.560924 6.350000 5.679613 5.236344 5.080000 3.810000 2.540000 1.270000 0.000000 
