26
# Circuit board instance
Size: medium
Nodes: 26
0.000000 40.000000 40.000000 56.568542 26.612702 28.461420 30.410066 32.440638 34.538690 36.692648 38.893224 32.461936 33.994026 35.641457 37.388987 39.223239 41.132612 43.107125 26.501617 27.630601 28.771346 29.922507 29.224086 30.251639 31.296995 32.358429 
40.000000 0.000000 56.568542 40.000000 28.269604 30.016446 31.870154 33.813158 35.830933 37.911542 40.045193 23.132486 25.237440 27.416201 29.652504 31.934262 34.252392 36.599985 36.207138 37.041480 37.900020 38.781149 32.500282 33.427276 34.376198 35.345283 
40.000000 56.568542 0.000000 40.000000 28.397649 26.552646 24.830680 23.259097 21.870338 20.701232 19.790742 33.940652 32.412719 31.017802 29.774602 28.702840 27.822335 27.151701 20.694723 19.692283 18.722346 17.790230 24.082838 23.227086 22.410661 21.638017 
56.568542 40.000000 40.000000 0.000000 29.955986 28.213075 26.598822 25.138023 23.858883 22.792007 21.968343 25.165502 23.063369 21.057983 19.179717 17.469621 15.981770 14.783418 32.200818 31.565917 30.970104 30.415677 27.967914 27.234512 26.541644 25.892565 
26.612702 28.269604 28.397649 29.955986 0.000000 2.540000 5.080000 7.620000 10.160000 12.700000 15.240000 7.620000 8.032185 9.158100 10.776307 12.700000 14.810618 17.038838 7.970384 8.772628 9.675577 10.653656 4.856668 6.084342 7.326459 8.576747 
28.461420 30.016446 26.552646 28.213075 2.540000 0.000000 2.540000 5.080000 7.620000 10.160000 12.700000 8.032185 7.620000 8.032185 9.158100 10.776307 12.700000 14.810618 6.807381 7.302111 7.970384 8.772628 2.529951 3.658011 4.856668 6.084342 
30.410066 31.870154 24.830680 26.598822 5.080000 2.540000 0.000000 2.540000 5.080000 7.620000 10.160000 9.158100 8.032185 7.620000 8.032185 9.158100 10.776307 12.700000 6.485142 6.525784 6.807381 7.302111 1.455087 1.626674 2.529951 3.658011 
32.440638 33.813158 23.259097 25.138023 7.620000 5.080000 2.540000 0.000000 2.540000 5.080000 7.620000 10.776307 9.158100 8.032185 7.620000 8.032185 9.158100 10.776307 7.118770 6.689849 6.485142 6.525784 3.276752 2.194150 1.455087 1.626674 
34.538690 35.830933 21.870338 23.858883 10.160000 7.620000 5.080000 2.540000 0.000000 2.540000 5.080000 12.700000 10.776307 9.158100 8.032185 7.620000 8.032185 9.158100 8.497053 7.734695 7.118770 6.689849 5.679800 4.459340 3.276752 2.194150 
36.692648 37.911542 20.701232 22.792007 12.700000 10.160000 7.620000 5.080000 2.540000 0.000000 2.540000 14.810618 12.700000 10.776307 9.158100 8.032185 7.620000 8.032185 10.325994 9.370172 8.497053 7.734695 8.166171 6.918117 5.679800 4.459340 
38.893224 40.045193 19.790742 21.968343 15.240000 12.700000 10.160000 7.620000 5.080000 2.540000 0.000000 17.038838 14.810618 12.700000 10.776307 9.158100 8.032185 7.620000 12.407883 11.343631 10.325994 9.370172 10.677817 9.420094 8.166171 6.918117 
32.461936 23.132486 33.940652 25.165502 7.620000 8.032185 9.158100 10.776307 12.700000 14.810618 17.038838 0.000000 2.540000 5.080000 7.620000 10.160000 12.700000 15.240000 14.839498 15.285375 15.820887 16.437276 10.141583 10.783492 11.530025 12.362244 
33.994026 25.237440 32.412719 23.063369 8.032185 7.620000 8.032185 9.158100 10.776307 12.700000 14.810618 2.540000 0.000000 2.540000 5.080000 7.620000 10.160000 12.700000 14.248653 14.491532 14.839498 15.285375 9.255546 9.625254 10.141583 10.783492 
35.641457 27.416201 31.017802 21.057983 9.158100 8.032185 7.620000 8.032185 9.158100 10.776307 12.700000 5.080000 2.540000 0.000000 2.540000 5.080000 7.620000 10.160000 14.097544 14.116286 14.248653 14.491532 9.021184 9.050445 9.255546 9.625254 
37.388987 29.652504 29.774602 19.179717 10.776307 9.158100 8.032185 7.620000 8.032185 9.158100 10.776307 7.620000 5.080000 2.540000 0.000000 2.540000 5.080000 7.620000 14.400020 14.192877 14.097544 14.116286 9.486917 9.169448 9.021184 9.050445 
39.223239 31.934262 28.702840 17.469621 12.700000 10.776307 9.158100 8.032185 7.620000 8.032185 9.158100 10.160000 7.620000 5.080000 2.540000 0.000000 2.540000 5.080000 15.128899 14.714251 14.400020 14.192877 10.560521 9.957419 9.486917 9.169448 
41.132612 34.252392 27.822335 15.981770 14.810618 12.700000 10.776307 9.158100 8.032185 7.620000 8.032185 12.700000 10.160000 7.620000 5.080000 2.540000 0.000000 2.540000 16.226824 15.635978 15.128899 14.714251 12.081011 11.274964 10.560521 9.957419 
43.107125 36.599985 27.151701 14.783418 17.038838 14.810618 12.700000 10.776307 9.158100 8.032185 7.620000 15.240000 12.700000 10.160000 7.620000 5.080000 2.540000 0.000000 17.624961 16.892650 16.226824 15.635978 13.902527 12.961584 12.081011 11.274964 
26.501617 36.207138 20.694723 32.200818 7.970384 6.807381 6.485142 7.118770 8.497053 10.325994 12.407883 14.839498 14.248653 14.097544 14.400020 15.128899 16.226824 17.624961 0.000000 1.270000 2.540000 3.810000 5.080000 5.236344 5.679613 6.350000 
27.630601 37.041480 19.692283 31.565917 8.772628 7.302111 6.525784 6.689849 7.734695 9.370172 11.343631 15.285375 14.491532 14.116286 14.192877 14.714251 15.635978 16.892650 1.270000 0.000000 1.270000 2.540000 5.236344 5.080000 5.236344 5.679613 
28.771346 37.900020 18.722346 30.970104 9.675577 7.970384 6.807381 6.485142 7.118770 8.497053 10.325994 15.820887 14.839498 14.248653 14.097544 14.400020 15.128899 16.226824 2.540000 1.270000 0.000000 1.270000 5.679613 5.236344 5.080000 5.236344 
29.922507 38.781149 17.790230 30.415677 10.653656 8.772628 7.302111 6.525784 6.689849 7.734695 9.370172 16.437276 15.285375 14.491532 14.116286 14.192877 14.714251 15.635978 3.810000 2.540000 1.270000 0.000000 6.350000 5.679613 5.236344 5.080000 
29.224086 32.500282 24.082838 27.967914 4.856668 2.529951 1.455087 3.276752 5.679800 8.166171 10.677817 10.141583 9.255546 9.021184 9.486917 10.560521 12.081011 13.902527 5.080000 5.236344 5.679613 6.350000 0.000000 1.270000 2.540000 3.810000 
30.251639 33.427276 23.227086 27.234512 6.084342 3.658011 1.626674 2.194150 4.459340 6.918117 9.420094 10.783492 9.625254 9.050445 9.169448 9.957419 11.274964 12.961584 5.236344 5.080000 5.236344 5.679613 1.270000 0.000000 1.270000 2.540000 
31.296995 34.376198 22.410661 26.541644 7.326459 4.856668 2.529951 1.455087 3.276752 5.679800 8.166171 11.530025 10.141583 9.255546 9.021184 9.486917 10.560521 12.081011 5.679613 5.236344 5.080000 5.236344 2.540000 1.270000 0.000000 1.270000 
32.358429 35.345283 21.638017 25.892565 8.576747 6.084342 3.658011 1.626674 2.194150 4.459340 6.918117 12.362244 10.783492 9.625254 9.050445 9.169448 9.957419 11.274964 6.350000 5.679613 5.236344 5.080000 3.810000 2.540000 1.270000 0.000000 
