27
# Circuit board instance
Size: medium
Nodes: 27
0.000000 115.000000 115.000000 162.634560 100.791901 101.347473 101.963308 102.638324 103.371360 135.803411 137.223098 138.674778 140.157456 141.670160 77.398812 79.887966 82.380224 84.875313 87.372990 92.308158 92.350071 92.409419 92.486171 97.386514 97.426242 97.482500 97.555261 
115.000000 0.000000 162.634560 115.000000 136.350756 134.609181 132.893332 131.204218 129.542886 120.042899 119.221264 118.448407 117.725289 117.052832 42.211184 39.863455 37.540768 35.248074 32.991625 22.851016 23.019739 23.256689 23.559810 17.807470 18.023469 18.325137 18.708332 
115.000000 162.634560 0.000000 115.000000 26.507685 28.547508 30.662131 32.837107 35.061204 75.053342 77.592630 80.131964 82.671338 85.210750 124.959869 126.516718 128.105012 129.723597 131.371352 145.571396 144.591393 143.615933 142.645109 148.843436 147.885117 146.931525 145.982753 
162.634560 115.000000 115.000000 0.000000 95.578129 93.076751 90.577523 88.080628 85.586269 40.009189 37.471955 34.935122 32.398785 29.863071 106.799704 105.893757 105.041430 104.244038 103.502851 114.858192 113.613572 112.369520 111.126054 113.962017 112.707501 111.453336 110.199533 
100.791901 136.350756 26.507685 95.578129 0.000000 2.540000 5.080000 7.620000 10.160000 56.121498 58.578011 61.041359 63.510745 65.985492 99.514659 100.939720 102.407958 103.917545 105.466703 119.827256 118.810057 117.797767 116.790513 122.923577 121.932212 120.946056 119.965239 
101.347473 134.609181 28.547508 93.076751 2.540000 0.000000 2.540000 5.080000 7.620000 53.672757 56.121498 58.578011 61.041359 63.510745 98.134656 99.514659 100.939720 102.407958 103.917545 118.330507 117.300329 116.274896 115.254334 121.358712 120.354457 119.355266 118.361267 
101.963308 132.893332 30.662131 90.577523 5.080000 2.540000 0.000000 2.540000 5.080000 51.232903 53.672757 56.121498 58.578011 61.041359 96.801639 98.134656 99.514659 100.939720 102.407958 116.869797 115.826629 114.788032 113.754131 119.827256 118.810057 117.797767 116.790513 
102.638324 131.204218 32.837107 88.080628 7.620000 5.080000 2.540000 0.000000 2.540000 48.803269 51.232903 53.672757 56.121498 58.578011 95.517576 96.801639 98.134656 99.514659 100.939720 115.446496 114.390349 113.338591 112.291345 118.330507 117.300329 116.274896 115.254334 
103.371360 129.542886 35.061204 85.586269 10.160000 7.620000 5.080000 2.540000 0.000000 46.385461 48.803269 51.232903 53.672757 56.121498 94.284465 95.517576 96.801639 98.134656 99.514659 114.062003 112.992916 111.928027 110.867458 116.869797 115.826629 114.788032 113.754131 
135.803411 120.042899 75.053342 40.009189 56.121498 53.672757 51.232903 48.803269 46.385461 0.000000 2.540000 5.080000 7.620000 10.160000 97.541955 97.594997 97.714058 97.898897 98.149142 112.115935 110.861220 109.606858 108.352859 113.008844 111.764154 110.520040 109.276521 
137.223098 119.221264 77.592630 37.471955 58.578011 56.121498 53.672757 51.232903 48.803269 2.540000 0.000000 2.540000 5.080000 7.620000 97.555039 97.541955 97.594997 97.714058 97.898897 111.753432 110.494601 109.236029 107.977724 112.534613 111.284619 110.035084 108.786022 
138.674778 118.448407 80.131964 34.935122 61.041359 58.578011 56.121498 53.672757 51.232903 5.080000 2.540000 0.000000 2.540000 5.080000 97.634224 97.555039 97.541955 97.594997 97.714058 111.447654 110.185330 108.923184 107.661223 112.115935 110.861220 109.606858 108.352859 
140.157456 117.725289 82.671338 32.398785 63.510745 61.041359 58.578011 56.121498 53.672757 7.620000 5.080000 2.540000 0.000000 2.540000 97.779347 97.634224 97.555039 97.541955 97.594997 111.199069 109.933890 108.668824 107.403874 111.753432 110.494601 109.236029 107.977724 
141.670160 117.052832 85.210750 29.863071 65.985492 63.510745 61.041359 58.578011 56.121498 10.160000 7.620000 5.080000 2.540000 0.000000 97.990118 97.779347 97.634224 97.555039 97.541955 111.008060 109.740679 108.473359 107.206103 111.447654 110.185330 108.923184 107.661223 
77.398812 42.211184 124.959869 106.799704 99.514659 98.134656 96.801639 95.517576 94.284465 97.541955 97.555039 97.634224 97.779347 97.990118 0.000000 2.540000 5.080000 7.620000 10.160000 21.139561 20.368045 19.648390 18.986497 25.300184 24.659187 24.068184 23.530943 
79.887966 39.863455 126.516718 105.893757 100.939720 99.514659 98.134656 96.801639 95.517576 97.594997 97.541955 97.555039 97.634224 97.779347 2.540000 0.000000 2.540000 5.080000 7.620000 19.225679 18.373974 17.572846 16.829520 23.174093 22.472534 21.822391 21.228391 
82.380224 37.540768 128.105012 105.041430 102.407958 100.939720 99.514659 98.134656 96.801639 97.714058 97.594997 97.541955 97.555039 97.634224 5.080000 2.540000 0.000000 2.540000 5.080000 17.472138 16.530330 15.635018 14.794648 21.139561 20.368045 19.648390 18.986497 
84.875313 35.248074 129.723597 104.244038 103.917545 102.407958 100.939720 99.514659 98.134656 97.898897 97.714058 97.594997 97.541955 97.555039 7.620000 5.080000 2.540000 0.000000 2.540000 15.931970 14.893081 13.892656 12.939617 19.225679 18.373974 17.572846 16.829520 
87.372990 32.991625 131.371352 103.502851 105.466703 103.917545 102.407958 100.939720 99.514659 98.149142 97.898897 97.714058 97.594997 97.541955 10.160000 7.620000 5.080000 2.540000 0.000000 14.672524 13.537324 12.428240 11.352927 17.472138 16.530330 15.635018 14.794648 
92.308158 22.851016 145.571396 114.858192 119.827256 118.330507 116.869797 115.446496 114.062003 112.115935 111.753432 111.447654 111.199069 111.008060 21.139561 19.225679 17.472138 15.931970 14.672524 0.000000 1.270000 2.540000 3.810000 5.080000 5.236344 5.679613 6.350000 
92.350071 23.019739 144.591393 113.613572 118.810057 117.300329 115.826629 114.390349 112.992916 110.861220 110.494601 110.185330 109.933890 109.740679 20.368045 18.373974 16.530330 14.893081 13.537324 1.270000 0.000000 1.270000 2.540000 5.236344 5.080000 5.236344 5.679613 
92.409419 23.256689 143.615933 112.369520 117.797767 116.274896 114.788032 113.338591 111.928027 109.606858 109.236029 108.923184 108.668824 108.473359 19.648390 17.572846 15.635018 13.892656 12.428240 2.540000 1.270000 0.000000 1.270000 5.679613 5.236344 5.080000 5.236344 
92.486171 23.559810 142.645109 111.126054 116.790513 115.254334 113.754131 112.291345 110.867458 108.352859 107.977724 107.661223 107.403874 107.206103 18.986497 16.829520 14.794648 12.939617 11.352927 3.810000 2.540000 1.270000 0.000000 6.350000 5.679613 5.236344 5.080000 
97.386514 17.807470 148.843436 113.962017 122.923577 121.358712 119.827256 118.330507 116.869797 113.008844 112.534613 112.115935 111.753432 111.447654 25.300184 23.174093 21.139561 19.225679 17.472138 5.080000 5.236344 5.679613 6.350000 0.000000 1.270000 2.540000 3.810000 
97.426242 18.023469 147.885117 112.707501 121.932212 120.354457 118.810057 117.300329 115.826629 111.764154 111.284619 110.861220 110.494601 110.185330 24.659187 22.472534 20.368045 18.373974 16.530330 5.236344 5.080000 5.236344 5.679613 1.270000 0.000000 1.270000 2.540000 
97.482500 18.325137 146.931525 111.453336 120.946056 119.355266 117.797767 116.274896 114.788032 110.520040 110.035084 109.606858 109.236029 108.923184 24.068184 21.822391 19.648390 17.572846 15.635018 5.679613 5.236344 5.080000 5.236344 2.540000 1.270000 0.000000 1.270000 
97.555261 18.708332 145.982753 110.199533 119.965239 118.361267 116.790513 115.254334 113.754131 109.276521 108.786022 108.352859 107.977724 107.661223 23.530943 21.228391 18.986497 16.829520 14.794648 6.350000 5.679613 5.236344 5.080000 3.810000 2.540000 1.270000 0.000000 
