31
# Circuit board instance
Size: medium
Nodes: 31
0.000000 90.000000 90.000000 127.279221 50.828762 52.090529 53.352687 54.615208 51.660435 52.902370 54.145606 55.390057 53.288706 54.371524 55.549457 56.816591 58.167095 59.595303 61.095766 60.329382 61.287933 62.335306 63.467103 64.678892 65.966266 67.324889 69.515574 71.118777 72.775333 74.481682 76.234480 
90.000000 0.000000 127.279221 90.000000 98.135875 98.795294 99.466558 100.149428 93.816243 94.505807 95.207319 95.920516 46.661332 47.894220 49.227390 50.652924 52.163251 53.751222 55.410164 40.070289 41.499451 43.031199 44.654976 46.361114 48.140856 49.986343 71.917197 70.287614 68.713297 67.198133 65.746209 
90.000000 127.279221 0.000000 90.000000 39.939628 38.683770 37.428867 36.175017 40.992822 39.770235 38.550714 37.334559 83.890563 81.835218 79.807785 77.810445 75.845576 73.915766 72.023836 88.530078 86.584936 84.671310 82.791385 80.947511 79.142205 77.378169 55.827761 57.811801 59.837889 61.901896 64.000155 
127.279221 90.000000 90.000000 0.000000 92.963761 92.431169 91.913040 91.409621 88.391732 87.831421 87.285992 86.755727 79.844977 77.682667 75.543870 73.430641 71.345253 69.290218 67.268318 76.181155 73.911737 71.660480 69.429152 67.219738 65.034471 62.875868 58.791216 56.786200 54.825552 52.914204 51.057692 
50.828762 98.135875 39.939628 92.963761 0.000000 1.270000 2.540000 3.810000 5.080000 5.236344 5.679613 6.350000 51.620140 50.246599 48.966374 47.786965 46.716009 45.761120 44.929700 58.098540 56.881651 55.753989 54.721070 53.788353 52.961133 52.244420 37.481853 40.007988 42.535776 45.064936 47.595251 
52.090529 98.795294 38.683770 92.431169 1.270000 0.000000 1.270000 2.540000 5.236344 5.080000 5.236344 5.679613 52.339627 50.922165 49.594358 48.363591 47.237452 46.223586 45.329528 58.738727 57.479286 56.306321 55.225343 54.241850 53.361235 52.588664 37.366286 39.899739 42.433975 44.968862 47.504295 
53.352687 99.466558 37.428867 91.913040 2.540000 1.270000 0.000000 1.270000 5.679613 5.236344 5.080000 5.236344 53.079753 51.620140 50.246599 48.966374 47.786965 46.716009 45.761120 59.399172 58.098540 56.881651 55.753989 54.721070 53.788353 52.961133 37.293635 39.831710 42.370015 44.908512 47.447169 
54.615208 100.149428 36.175017 91.409621 3.810000 2.540000 1.270000 0.000000 6.350000 5.679613 5.236344 5.080000 53.839665 52.339627 50.922165 49.594358 48.363591 47.237452 46.223586 60.079206 58.738727 57.479286 56.306321 55.225343 54.241850 53.361235 37.264150 39.804105 42.344065 44.884029 47.423998 
51.660435 93.816243 40.992822 88.391732 5.080000 5.236344 5.679613 6.350000 0.000000 1.270000 2.540000 3.810000 47.489864 45.993141 44.590964 43.292521 42.107408 41.045444 40.116410 53.746344 52.428535 51.202894 50.076188 49.055235 48.146763 47.357244 32.436078 34.957726 37.481853 40.007988 42.535776 
52.902370 94.505807 39.770235 87.831421 5.236344 5.080000 5.236344 5.679613 1.270000 0.000000 1.270000 2.540000 48.270953 46.730239 45.279672 43.928184 42.685187 41.560417 40.563709 54.437737 53.076336 51.803773 50.626748 49.552068 48.586526 47.736744 32.302465 34.833787 37.366286 39.899739 42.433975 
54.145606 95.207319 38.550714 87.285992 5.679613 5.236344 5.080000 5.236344 2.540000 1.270000 0.000000 1.270000 49.072482 47.489864 45.993141 44.590964 43.292521 42.107408 41.045444 55.149713 53.746344 52.428535 51.202894 50.076188 49.055235 48.146763 32.218397 34.755842 37.293635 39.831710 42.370015 
55.390057 95.920516 37.334559 86.755727 6.350000 5.679613 5.236344 5.080000 3.810000 2.540000 1.270000 0.000000 49.893465 48.270953 46.730239 45.279672 43.928184 42.685187 41.560417 55.881483 54.437737 53.076336 51.803773 50.626748 49.552068 48.586526 32.184263 34.724202 37.264150 39.804105 42.344065 
53.288706 46.661332 83.890563 79.844977 51.620140 52.339627 53.079753 53.839665 47.489864 48.270953 49.072482 49.893465 0.000000 2.540000 5.080000 7.620000 10.160000 12.700000 15.240000 7.620000 8.032185 9.158100 10.776307 12.700000 14.810618 17.038838 33.321763 32.992586 32.857035 32.917503 33.172917 
54.371524 47.894220 81.835218 77.682667 50.246599 50.922165 51.620140 52.339627 45.993141 46.730239 47.489864 48.270953 2.540000 0.000000 2.540000 5.080000 7.620000 10.160000 12.700000 8.032185 7.620000 8.032185 9.158100 10.776307 12.700000 14.810618 30.820385 30.464191 30.317338 30.382860 30.659397 
55.549457 49.227390 79.807785 75.543870 48.966374 49.594358 50.246599 50.922165 44.590964 45.279672 45.993141 46.730239 5.080000 2.540000 0.000000 2.540000 5.080000 7.620000 10.160000 9.158100 8.032185 7.620000 8.032185 9.158100 10.776307 12.700000 28.325880 27.937901 27.777696 27.849194 28.150631 
56.816591 50.652924 77.810445 73.430641 47.786965 48.363591 48.966374 49.594358 43.292521 43.928184 44.590964 45.279672 7.620000 5.080000 2.540000 0.000000 2.540000 5.080000 7.620000 10.776307 9.158100 8.032185 7.620000 8.032185 9.158100 10.776307 25.840242 25.414345 25.238125 25.316797 25.648014 
58.167095 52.163251 75.845576 71.345253 46.716009 47.237452 47.786965 48.363591 42.107408 42.685187 43.292521 43.928184 10.160000 7.620000 5.080000 2.540000 0.000000 2.540000 5.080000 12.700000 10.776307 9.158100 8.032185 7.620000 8.032185 9.158100 23.366299 22.894426 22.698651 22.786092 23.153541 
59.595303 53.751222 73.915766 69.290218 45.761120 46.223586 46.716009 47.237452 41.045444 41.560417 42.107408 42.685187 12.700000 10.160000 7.620000 5.080000 2.540000 0.000000 2.540000 14.810618 12.700000 10.776307 9.158100 8.032185 7.620000 8.032185 20.908202 20.379493 20.159310 20.257715 20.670158 
61.095766 55.410164 72.023836 67.268318 44.929700 45.329528 45.761120 46.223586 40.116410 40.563709 41.045444 41.560417 15.240000 12.700000 10.160000 7.620000 5.080000 2.540000 0.000000 17.038838 14.810618 12.700000 10.776307 9.158100 8.032185 7.620000 18.472280 17.871652 17.620158 17.732659 18.202408 
60.329382 40.070289 88.530078 76.181155 58.098540 58.738727 59.399172 60.079206 53.746344 54.437737 55.149713 55.881483 7.620000 8.032185 9.158100 10.776307 12.700000 14.810618 17.038838 0.000000 2.540000 5.080000 7.620000 10.160000 12.700000 15.240000 35.401223 34.535602 33.838916 33.321763 32.992586 
61.287933 41.499451 86.584936 73.911737 56.881651 57.479286 58.098540 58.738727 52.428535 53.076336 53.746344 54.437737 8.032185 7.620000 8.032185 9.158100 10.776307 12.700000 14.810618 2.540000 0.000000 2.540000 5.080000 7.620000 10.160000 12.700000 33.057568 32.128866 31.378790 30.820385 30.464191 
62.335306 43.031199 84.671310 71.660480 55.753989 56.306321 56.881651 57.479286 51.202894 51.803773 52.428535 53.076336 9.158100 8.032185 7.620000 8.032185 9.158100 10.776307 12.700000 5.080000 2.540000 0.000000 2.540000 5.080000 7.620000 10.160000 30.745117 29.744301 28.932471 28.325880 27.937901 
63.467103 44.654976 82.791385 69.429152 54.721070 55.225343 55.753989 56.306321 50.076188 50.626748 51.202894 51.803773 10.776307 9.158100 8.032185 7.620000 8.032185 9.158100 10.776307 7.620000 5.080000 2.540000 0.000000 2.540000 5.080000 7.620000 28.471474 27.387699 26.503782 25.840242 25.414345 
64.678892 46.361114 80.947511 67.219738 53.788353 54.241850 54.721070 55.225343 49.055235 49.552068 50.076188 50.626748 12.700000 10.776307 9.158100 8.032185 7.620000 8.032185 9.158100 10.160000 7.620000 5.080000 2.540000 0.000000 2.540000 5.080000 26.246726 25.066947 24.098055 23.366299 22.894426 
65.966266 48.140856 79.142205 65.034471 52.961133 53.361235 53.788353 54.241850 48.146763 48.586526 49.055235 49.552068 14.810618 12.700000 10.776307 9.158100 8.032185 7.620000 8.032185 12.700000 10.160000 7.620000 5.080000 2.540000 0.000000 2.540000 24.084427 22.793000 21.722921 20.908202 20.379493 
67.324889 49.986343 77.378169 62.875868 52.244420 52.588664 52.961133 53.361235 47.357244 47.736744 48.146763 48.586526 17.038838 14.810618 12.700000 10.776307 9.158100 8.032185 7.620000 15.240000 12.700000 10.160000 7.620000 5.080000 2.540000 0.000000 22.002996 20.581376 19.389623 18.472280 17.871652 
69.515574 71.917197 55.827761 58.791216 37.481853 37.366286 37.293635 37.264150 32.436078 32.302465 32.218397 32.184263 33.321763 30.820385 28.325880 25.840242 23.366299 20.908202 18.472280 35.401223 33.057568 30.745117 28.471474 26.246726 24.084427 22.002996 0.000000 2.540000 5.080000 7.620000 10.160000 
71.118777 70.287614 57.811801 56.786200 40.007988 39.899739 39.831710 39.804105 34.957726 34.833787 34.755842 34.724202 32.992586 30.464191 27.937901 25.414345 22.894426 20.379493 17.871652 34.535602 32.128866 29.744301 27.387699 25.066947 22.793000 20.581376 2.540000 0.000000 2.540000 5.080000 7.620000 
72.775333 68.713297 59.837889 54.825552 42.535776 42.433975 42.370015 42.344065 37.481853 37.366286 37.293635 37.264150 32.857035 30.317338 27.777696 25.238125 22.698651 20.159310 17.620158 33.838916 31.378790 28.932471 26.503782 24.098055 21.722921 19.389623 5.080000 2.540000 0.000000 2.540000 5.080000 
74.481682 67.198133 61.901896 52.914204 45.064936 44.968862 44.908512 44.884029 40.007988 39.899739 39.831710 39.804105 32.917503 30.382860 27.849194 25.316797 22.786092 20.257715 17.732659 33.321763 30.820385 28.325880 25.840242 23.366299 20.908202 18.472280 7.620000 5.080000 2.540000 0.000000 2.540000 
76.234480 65.746209 64.000155 51.057692 47.595251 47.504295 47.447169 47.423998 42.535776 42.433975 42.370015 42.344065 33.172917 30.659397 28.150631 25.648014 23.153541 20.670158 18.202408 32.992586 30.464191 27.937901 25.414345 22.894426 20.379493 17.871652 10.160000 7.620000 5.080000 2.540000 0.000000 
