32
# Circuit board instance
Size: medium
Nodes: 32
0.000000 40.000000 40.000000 56.568542 21.459304 23.248083 25.166411 27.186877 29.288351 31.454601 33.673129 27.568772 28.982906 30.543144 32.228275 34.019743 35.901635 37.860468 17.017997 19.557797 22.097643 24.637521 27.177422 29.717339 32.257270 18.739412 21.072749 23.449076 25.856542 28.287198 30.735543 33.197662 
40.000000 0.000000 56.568542 40.000000 28.159141 29.545032 31.077061 32.734718 34.499899 36.356945 38.292494 21.974364 23.724340 25.607014 27.595239 29.667802 31.808220 34.003684 43.258498 44.319216 45.497157 46.783468 48.169468 49.646809 51.207586 36.376517 37.631718 39.012108 40.504891 42.098112 43.780806 45.543059 
40.000000 56.568542 0.000000 40.000000 30.045063 27.919124 25.867978 23.910883 22.072870 20.386172 18.891365 34.673351 32.848332 31.123749 29.517212 28.049011 26.741942 25.620677 22.984683 20.444824 17.905006 15.365248 12.825586 10.286091 7.746926 24.286806 21.898497 19.548467 17.252367 15.034925 12.936653 11.025796 
56.568542 40.000000 40.000000 0.000000 35.144577 33.345359 31.647872 30.069351 28.629479 27.350165 26.254889 30.415075 28.316928 26.296830 24.374193 22.573935 20.927660 19.474460 45.934530 44.717740 43.615074 42.635388 41.787332 41.079059 40.517901 39.521316 38.100257 36.799837 35.633266 34.614078 33.755628 33.070434 
21.459304 28.159141 30.045063 35.144577 0.000000 2.540000 5.080000 7.620000 10.160000 12.700000 15.240000 7.620000 8.032185 9.158100 10.776307 12.700000 14.810618 17.038838 15.821495 16.422389 17.377377 18.632090 20.130562 21.822638 23.666826 8.390589 9.475080 11.047873 12.932017 15.010724 17.213651 19.498742 
23.248083 29.545032 27.919124 33.345359 2.540000 0.000000 2.540000 5.080000 7.620000 10.160000 12.700000 8.032185 7.620000 8.032185 9.158100 10.776307 12.700000 14.810618 15.615625 15.821495 16.422389 17.377377 18.632090 20.130562 21.822638 7.995625 8.390589 9.475080 11.047873 12.932017 15.010724 17.213651 
25.166411 31.077061 25.867978 31.647872 5.080000 2.540000 0.000000 2.540000 5.080000 7.620000 10.160000 9.158100 8.032185 7.620000 8.032185 9.158100 10.776307 12.700000 15.820208 15.615625 15.821495 16.422389 17.377377 18.632090 20.130562 8.388162 7.995625 8.390589 9.475080 11.047873 12.932017 15.010724 
27.186877 32.734718 23.910883 30.069351 7.620000 5.080000 2.540000 0.000000 2.540000 5.080000 7.620000 10.776307 9.158100 8.032185 7.620000 8.032185 9.158100 10.776307 16.419909 15.820208 15.615625 15.821495 16.422389 17.377377 18.632090 9.470781 8.388162 7.995625 8.390589 9.475080 11.047873 12.932017 
29.288351 34.499899 22.072870 28.629479 10.160000 7.620000 5.080000 2.540000 0.000000 2.540000 5.080000 12.700000 10.776307 9.158100 8.032185 7.620000 8.032185 9.158100 17.373861 16.419909 15.820208 15.615625 15.821495 16.422389 17.377377 11.042343 9.470781 8.388162 7.995625 8.390589 9.475080 11.047873 
31.454601 36.356945 20.386172 27.350165 12.700000 10.160000 7.620000 5.080000 2.540000 0.000000 2.540000 14.810618 12.700000 10.776307 9.158100 8.032185 7.620000 8.032185 18.627718 17.373861 16.419909 15.820208 15.615625 15.821495 16.422389 12.925717 11.042343 9.470781 8.388162 7.995625 8.390589 9.475080 
33.673129 38.292494 18.891365 26.254889 15.240000 12.700000 10.160000 7.620000 5.080000 2.540000 0.000000 17.038838 14.810618 12.700000 10.776307 9.158100 8.032185 7.620000 20.125504 18.627718 17.373861 16.419909 15.820208 15.615625 15.821495 15.003940 12.925717 11.042343 9.470781 8.388162 7.995625 8.390589 
27.568772 21.974364 34.673351 30.415075 7.620000 8.032185 9.158100 10.776307 12.700000 14.810618 17.038838 0.000000 2.540000 5.080000 7.620000 10.160000 12.700000 15.240000 23.374478 23.785318 24.454442 25.361413 26.481806 27.789819 29.260300 15.821495 16.422389 17.377377 18.632090 20.130562 21.822638 23.666826 
28.982906 23.724340 32.848332 28.316928 8.032185 7.620000 8.032185 9.158100 10.776307 12.700000 14.810618 2.540000 0.000000 2.540000 5.080000 7.620000 10.160000 12.700000 23.235624 23.374478 23.785318 24.454442 25.361413 26.481806 27.789819 15.615625 15.821495 16.422389 17.377377 18.632090 20.130562 21.822638 
30.543144 25.607014 31.123749 26.296830 9.158100 8.032185 7.620000 8.032185 9.158100 10.776307 12.700000 5.080000 2.540000 0.000000 2.540000 5.080000 7.620000 10.160000 23.373607 23.235624 23.374478 23.785318 24.454442 25.361413 26.481806 15.820208 15.615625 15.821495 16.422389 17.377377 18.632090 20.130562 
32.228275 27.595239 29.517212 24.374193 10.776307 9.158100 8.032185 7.620000 8.032185 9.158100 10.776307 7.620000 5.080000 2.540000 0.000000 2.540000 5.080000 7.620000 23.783606 23.373607 23.235624 23.374478 23.785318 24.454442 25.361413 16.419909 15.820208 15.615625 15.821495 16.422389 17.377377 18.632090 
34.019743 29.667802 28.049011 22.573935 12.700000 10.776307 9.158100 8.032185 7.620000 8.032185 9.158100 10.160000 7.620000 5.080000 2.540000 0.000000 2.540000 5.080000 24.451944 23.783606 23.373607 23.235624 23.374478 23.785318 24.454442 17.373861 16.419909 15.820208 15.615625 15.821495 16.422389 17.377377 
35.901635 31.808220 26.741942 20.927660 14.810618 12.700000 10.776307 9.158100 8.032185 7.620000 8.032185 12.700000 10.160000 7.620000 5.080000 2.540000 0.000000 2.540000 25.358202 24.451944 23.783606 23.373607 23.235624 23.374478 23.785318 18.627718 17.373861 16.419909 15.820208 15.615625 15.821495 16.422389 
37.860468 34.003684 25.620677 19.474460 17.038838 14.810618 12.700000 10.776307 9.158100 8.032185 7.620000 15.240000 12.700000 10.160000 7.620000 5.080000 2.540000 0.000000 26.477961 25.358202 24.451944 23.783606 23.373607 23.235624 23.374478 20.125504 18.627718 17.373861 16.419909 15.820208 15.615625 15.821495 
17.017997 43.258498 22.984683 45.934530 15.821495 15.615625 15.820208 16.419909 17.373861 18.627718 20.125504 23.374478 23.235624 23.373607 23.783606 24.451944 25.358202 26.477961 0.000000 2.540000 5.080000 7.620000 10.160000 12.700000 15.240000 7.620000 8.032185 9.158100 10.776307 12.700000 14.810618 17.038838 
19.557797 44.319216 20.444824 44.717740 16.422389 15.821495 15.615625 15.820208 16.419909 17.373861 18.627718 23.785318 23.374478 23.235624 23.373607 23.783606 24.451944 25.358202 2.540000 0.000000 2.540000 5.080000 7.620000 10.160000 12.700000 8.032185 7.620000 8.032185 9.158100 10.776307 12.700000 14.810618 
22.097643 45.497157 17.905006 43.615074 17.377377 16.422389 15.821495 15.615625 15.820208 16.419909 17.373861 24.454442 23.785318 23.374478 23.235624 23.373607 23.783606 24.451944 5.080000 2.540000 0.000000 2.540000 5.080000 7.620000 10.160000 9.158100 8.032185 7.620000 8.032185 9.158100 10.776307 12.700000 
24.637521 46.783468 15.365248 42.635388 18.632090 17.377377 16.422389 15.821495 15.615625 15.820208 16.419909 25.361413 24.454442 23.785318 23.374478 23.235624 23.373607 23.783606 7.620000 5.080000 2.540000 0.000000 2.540000 5.080000 7.620000 10.776307 9.158100 8.032185 7.620000 8.032185 9.158100 10.776307 
27.177422 48.169468 12.825586 41.787332 20.130562 18.632090 17.377377 16.422389 15.821495 15.615625 15.820208 26.481806 25.361413 24.454442 23.785318 23.374478 23.235624 23.373607 10.160000 7.620000 5.080000 2.540000 0.000000 2.540000 5.080000 12.700000 10.776307 9.158100 8.032185 7.620000 8.032185 9.158100 
29.717339 49.646809 10.286091 41.079059 21.822638 20.130562 18.632090 17.377377 16.422389 15.821495 15.615625 27.789819 26.481806 25.361413 24.454442 23.785318 23.374478 23.235624 12.700000 10.160000 7.620000 5.080000 2.540000 0.000000 2.540000 14.810618 12.700000 10.776307 9.158100 8.032185 7.620000 8.032185 
32.257270 51.207586 7.746926 40.517901 23.666826 21.822638 20.130562 18.632090 17.377377 16.422389 15.821495 29.260300 27.789819 26.481806 25.361413 24.454442 23.785318 23.374478 15.240000 12.700000 10.160000 7.620000 5.080000 2.540000 0.000000 17.038838 14.810618 12.700000 10.776307 9.158100 8.032185 7.620000 
18.739412 36.376517 24.286806 39.521316 8.390589 7.995625 8.388162 9.470781 11.042343 12.925717 15.003940 15.821495 15.615625 15.820208 16.419909 17.373861 18.627718 20.125504 7.620000 8.032185 9.158100 10.776307 12.700000 14.810618 17.038838 0.000000 2.540000 5.080000 7.620000 10.160000 12.700000 15.240000 
21.072749 37.631718 21.898497 38.100257 9.475080 8.390589 7.995625 8.388162 9.470781 11.042343 12.925717 16.422389 15.821495 15.615625 15.820208 16.419909 17.373861 18.627718 8.032185 7.620000 8.032185 9.158100 10.776307 12.700000 14.810618 2.540000 0.000000 2.540000 5.080000 7.620000 10.160000 12.700000 
23.449076 39.012108 19.548467 36.799837 11.047873 9.475080 8.390589 7.995625 8.388162 9.470781 11.042343 17.377377 16.422389 15.821495 15.615625 15.820208 16.419909 17.373861 9.158100 8.032185 7.620000 8.032185 9.158100 10.776307 12.700000 5.080000 2.540000 0.000000 2.540000 5.080000 7.620000 10.160000 
25.856542 40.504891 17.252367 35.633266 12.932017 11.047873 9.475080 8.390589 7.995625 8.388162 9.470781 18.632090 17.377377 16.422389 15.821495 15.615625 15.820208 16.419909 10.776307 9.158100 8.032185 7.620000 8.032185 9.158100 10.776307 7.620000 5.080000 2.540000 0.000000 2.540000 5.080000 7.620000 
28.287198 42.098112 15.034925 34.614078 15.010724 12.932017 11.047873 9.475080 8.390589 7.995625 8.388162 20.130562 18.632090 17.377377 16.422389 15.821495 15.615625 15.820208 12.700000 10.776307 9.158100 8.032185 7.620000 8.032185 9.158100 10.160000 7.620000 5.080000 2.540000 0.000000 2.540000 5.080000 
30.735543 43.780806 12.936653 33.755628 17.213651 15.010724 12.932017 11.047873 9.475080 8.390589 7.995625 21.822638 20.130562 18.632090 17.377377 16.422389 15.821495 15.615625 14.810618 12.700000 10.776307 9.158100 8.032185 7.620000 8.032185 12.700000 10.160000 7.620000 5.080000 2.540000 0.000000 2.540000 
33.197662 45.543059 11.025796 33.070434 19.498742 17.213651 15.010724 12.932017 11.047873 9.475080 8.390589 23.666826 21.822638 20.130562 18.632090 17.377377 16.422389 15.821495 17.038838 14.810618 12.700000 10.776307 9.158100 8.032185 7.620000 15.240000 12.700000 10.160000 7.620000 5.080000 2.540000 0.000000 
