25
# Circuit board instance
Size: medium
Nodes: 25
0.000000 65.000000 65.000000 91.923882 41.025698 42.124530 43.232741 44.349628 43.825545 44.855841 45.898151 46.951677 59.162914 59.508870 59.879768 60.275148 64.078684 64.398237 64.741131 65.106995 27.861770 28.365352 29.082837 29.998880 31.095939 
65.000000 0.000000 91.923882 65.000000 56.555537 57.357622 58.176375 59.011103 52.684904 53.545002 54.421145 55.312573 17.427643 18.568198 19.724579 20.894158 15.784488 17.035413 18.288968 19.544646 66.646693 64.342029 62.055740 59.789935 57.547032 
65.000000 91.923882 0.000000 65.000000 36.253826 35.222265 34.206751 33.208756 39.394293 38.447086 37.518959 36.611363 75.541698 74.716152 73.903210 73.103291 79.450459 78.665944 77.894234 77.135715 37.718986 38.092478 38.629718 39.323994 40.167164 
91.923882 65.000000 65.000000 0.000000 53.195495 52.497893 51.822028 51.168763 49.060485 48.303201 47.567773 46.855232 50.100104 48.846450 47.593663 46.341812 49.552475 48.284605 47.016849 45.749218 71.331798 69.183382 67.062348 64.971378 62.913469 
41.025698 56.555537 36.253826 53.195495 0.000000 1.270000 2.540000 3.810000 5.080000 5.236344 5.679613 6.350000 41.305201 40.711420 40.149042 39.619405 45.827753 45.293300 44.788490 44.314338 18.290086 16.029979 13.867098 11.854779 10.083570 
42.124530 57.357622 35.222265 52.497893 1.270000 0.000000 1.270000 2.540000 5.236344 5.080000 5.236344 5.679613 41.929051 41.305201 40.711420 40.149042 46.390825 45.827753 45.293300 44.788490 18.867321 16.685587 14.620020 12.727308 11.096258 
43.232741 58.176375 34.206751 51.822028 2.540000 1.270000 0.000000 1.270000 5.679613 5.236344 5.080000 5.236344 42.581649 41.929051 41.305201 40.711420 46.981487 46.390825 45.827753 45.293300 19.510259 17.409284 15.440834 13.662311 12.157357 
44.349628 59.011103 33.208756 51.168763 3.810000 2.540000 1.270000 0.000000 6.350000 5.679613 5.236344 5.080000 43.261694 42.581649 41.929051 41.305201 47.598713 46.981487 46.390825 45.827753 20.212629 18.192948 16.319299 14.647830 13.255244 
43.825545 52.684904 39.394293 49.060485 5.080000 5.236344 5.679613 6.350000 0.000000 1.270000 2.540000 3.810000 36.927891 36.262504 35.629974 35.032082 41.305201 40.711420 40.149042 39.619405 22.986319 20.615466 18.290086 16.029979 13.867098 
44.855841 53.545002 38.447086 48.303201 5.236344 5.080000 5.236344 5.679613 1.270000 0.000000 1.270000 2.540000 37.624392 36.927891 36.262504 35.629974 41.929051 41.305201 40.711420 40.149042 23.448229 21.129269 18.867321 16.685587 14.620020 
45.898151 54.421145 37.518959 47.567773 5.679613 5.236344 5.080000 5.236344 2.540000 1.270000 0.000000 1.270000 38.350311 37.624392 36.927891 36.262504 42.581649 41.929051 41.305201 40.711420 23.968601 21.705308 19.510259 17.409284 15.440834 
46.951677 55.312573 36.611363 46.855232 6.350000 5.679613 5.236344 5.080000 3.810000 2.540000 1.270000 0.000000 39.104011 38.350311 37.624392 36.927891 43.261694 42.581649 41.929051 41.305201 24.543716 22.338769 20.212629 18.192948 16.319299 
59.162914 17.427643 75.541698 50.100104 41.305201 41.929051 42.581649 43.261694 36.927891 37.624392 38.350311 39.104011 0.000000 1.270000 2.540000 3.810000 5.080000 5.236344 5.679613 6.350000 54.131451 51.657705 49.190713 46.731543 44.281501 
59.508870 18.568198 74.716152 48.846450 40.711420 41.305201 41.929051 42.581649 36.262504 36.927891 37.624392 38.350311 1.270000 0.000000 1.270000 2.540000 5.236344 5.080000 5.236344 5.679613 53.864178 51.377565 48.896441 46.421686 43.954375 
59.879768 19.724579 73.903210 47.593663 40.149042 40.711420 41.305201 41.929051 35.629974 36.262504 36.927891 37.624392 2.540000 1.270000 0.000000 1.270000 5.679613 5.236344 5.080000 5.236344 53.625658 51.127446 48.633564 46.144712 43.661752 
60.275148 20.894158 73.103291 46.341812 39.619405 40.149042 40.711420 41.305201 35.032082 35.629974 36.262504 36.927891 3.810000 2.540000 1.270000 0.000000 6.350000 5.679613 5.236344 5.080000 53.416277 50.907791 48.402592 45.901218 43.404331 
64.078684 15.784488 79.450459 49.552475 45.827753 46.390825 46.981487 47.598713 41.305201 41.929051 42.581649 43.261694 5.080000 5.236344 5.679613 6.350000 0.000000 1.270000 2.540000 3.810000 59.095808 56.611064 54.131451 51.657705 49.190713 
64.398237 17.035413 78.665944 48.284605 45.293300 45.827753 46.390825 46.981487 40.711420 41.305201 41.929051 42.581649 5.236344 5.080000 5.236344 5.679613 1.270000 0.000000 1.270000 2.540000 58.851085 56.355553 53.864178 51.377565 48.896441 
64.741131 18.288968 77.894234 47.016849 44.788490 45.293300 45.827753 46.390825 40.149042 40.711420 41.305201 41.929051 5.679613 5.236344 5.080000 5.236344 2.540000 1.270000 0.000000 1.270000 58.632856 56.127622 53.625658 51.127446 48.633564 
65.106995 19.544646 77.135715 45.749218 44.314338 44.788490 45.293300 45.827753 39.619405 40.149042 40.711420 41.305201 6.350000 5.679613 5.236344 5.080000 3.810000 2.540000 1.270000 0.000000 58.441416 55.927607 53.416277 50.907791 48.402592 
27.861770 66.646693 37.718986 71.331798 18.290086 18.867321 19.510259 20.212629 22.986319 23.448229 23.968601 24.543716 54.131451 53.864178 53.625658 53.416277 59.095808 58.851085 58.632856 58.441416 0.000000 2.540000 5.080000 7.620000 10.160000 
28.365352 64.342029 38.092478 69.183382 16.029979 16.685587 17.409284 18.192948 20.615466 21.129269 21.705308 22.338769 51.657705 51.377565 51.127446 50.907791 56.611064 56.355553 56.127622 55.927607 2.540000 0.000000 2.540000 5.080000 7.620000 
29.082837 62.055740 38.629718 67.062348 13.867098 14.620020 15.440834 16.319299 18.290086 18.867321 19.510259 20.212629 49.190713 48.896441 48.633564 48.402592 54.131451 53.864178 53.625658 53.416277 5.080000 2.540000 0.000000 2.540000 5.080000 
29.998880 59.789935 39.323994 64.971378 11.854779 12.727308 13.662311 14.647830 16.029979 16.685587 17.409284 18.192948 46.731543 46.421686 46.144712 45.901218 51.657705 51.377565 51.127446 50.907791 7.620000 5.080000 2.540000 0.000000 2.540000 
31.095939 57.547032 40.167164 62.913469 10.083570 11.096258 12.157357 13.255244 13.867098 14.620020 15.440834 16.319299 44.281501 43.954375 43.661752 43.404331 49.190713 48.896441 48.633564 48.402592 10.160000 7.620000 5.080000 2.540000 0.000000 
