32
# Circuit board instance
Size: medium
Nodes: 32
0.000000 40.000000 40.000000 56.568542 29.967814 31.956003 34.017724 36.140396 38.313889 40.530027 42.782185 35.348854 37.049396 38.841694 40.713632 42.654726 44.655960 46.709603 10.517795 12.965392 15.442862 17.937832 20.443894 22.957417 25.476193 14.704894 16.544223 18.549714 20.673067 22.881493 25.152592 27.470826 
40.000000 0.000000 56.568542 40.000000 30.949547 32.878423 34.885672 36.958528 39.086553 41.261212 43.475509 26.452714 28.685577 30.965816 33.283696 35.631871 38.004727 40.397915 38.223570 38.968175 39.861000 40.892335 42.051993 43.329670 44.715251 30.936244 31.851665 32.937960 34.178838 35.558121 37.060359 38.671224 
40.000000 56.568542 0.000000 40.000000 25.706641 24.098706 22.662019 21.431046 20.442984 19.734351 19.335896 31.816710 30.532266 29.411541 28.473872 27.737830 27.219777 26.932295 30.117571 27.592490 25.070423 22.552381 20.039883 17.535310 15.042623 31.822602 29.444107 27.094944 24.783458 22.521252 20.324788 18.217860 
56.568542 40.000000 40.000000 0.000000 26.844663 25.309133 23.945180 22.783641 21.856810 21.195499 20.825019 21.505990 19.555660 17.755092 16.154440 14.818629 13.824645 13.249643 47.513002 45.953920 44.485317 43.116438 41.857069 40.717372 39.707654 41.874757 40.097041 38.405121 36.810829 35.327385 33.969314 32.752217 
29.967814 30.949547 25.706641 26.844663 0.000000 2.540000 5.080000 7.620000 10.160000 12.700000 15.240000 7.620000 8.032185 9.158100 10.776307 12.700000 14.810618 17.038838 20.669198 19.184069 17.937237 16.981273 16.367223 16.134173 16.298475 15.473152 13.425021 11.573554 10.028275 8.949227 8.515528 8.822867 
31.956003 32.878423 24.098706 25.309133 2.540000 0.000000 2.540000 5.080000 7.620000 10.160000 12.700000 8.032185 7.620000 8.032185 9.158100 10.776307 12.700000 14.810618 22.345161 20.669198 19.184069 17.937237 16.981273 16.367223 16.134173 17.649614 15.473152 13.425021 11.573554 10.028275 8.949227 8.515528 
34.017724 34.885672 22.662019 23.945180 5.080000 2.540000 0.000000 2.540000 5.080000 7.620000 10.160000 9.158100 8.032185 7.620000 8.032185 9.158100 10.776307 12.700000 24.172295 22.345161 20.669198 19.184069 17.937237 16.981273 16.367223 19.912371 17.649614 15.473152 13.425021 11.573554 10.028275 8.949227 
36.140396 36.958528 21.431046 22.783641 7.620000 5.080000 2.540000 0.000000 2.540000 5.080000 7.620000 10.776307 9.158100 8.032185 7.620000 8.032185 9.158100 10.776307 26.118895 24.172295 22.345161 20.669198 19.184069 17.937237 16.981273 22.235093 19.912371 17.649614 15.473152 13.425021 11.573554 10.028275 
38.313889 39.086553 20.442984 21.856810 10.160000 7.620000 5.080000 2.540000 0.000000 2.540000 5.080000 12.700000 10.776307 9.158100 8.032185 7.620000 8.032185 9.158100 28.160198 26.118895 24.172295 22.345161 20.669198 19.184069 17.937237 24.600801 22.235093 19.912371 17.649614 15.473152 13.425021 11.573554 
40.530027 41.261212 19.734351 21.195499 12.700000 10.160000 7.620000 5.080000 2.540000 0.000000 2.540000 14.810618 12.700000 10.776307 9.158100 8.032185 7.620000 8.032185 30.277054 28.160198 26.118895 24.172295 22.345161 20.669198 19.184069 26.998197 24.600801 22.235093 19.912371 17.649614 15.473152 13.425021 
42.782185 43.475509 19.335896 20.825019 15.240000 12.700000 10.160000 7.620000 5.080000 2.540000 0.000000 17.038838 14.810618 12.700000 10.776307 9.158100 8.032185 7.620000 32.454683 30.277054 28.160198 26.118895 24.172295 22.345161 20.669198 29.419536 26.998197 24.600801 22.235093 19.912371 17.649614 15.473152 
35.348854 26.452714 31.816710 21.505990 7.620000 8.032185 9.158100 10.776307 12.700000 14.810618 17.038838 0.000000 2.540000 5.080000 7.620000 10.160000 12.700000 15.240000 27.039636 25.922088 25.013408 24.337004 23.912593 23.753688 23.865591 20.669198 19.184069 17.937237 16.981273 16.367223 16.134173 16.298475 
37.049396 28.685577 30.532266 19.555660 8.032185 7.620000 8.032185 9.158100 10.776307 12.700000 14.810618 2.540000 0.000000 2.540000 5.080000 7.620000 10.160000 12.700000 28.341354 27.039636 25.922088 25.013408 24.337004 23.912593 23.753688 22.345161 20.669198 19.184069 17.937237 16.981273 16.367223 16.134173 
38.841694 30.965816 29.411541 17.755092 9.158100 8.032185 7.620000 8.032185 9.158100 10.776307 12.700000 5.080000 2.540000 0.000000 2.540000 5.080000 7.620000 10.160000 29.803120 28.341354 27.039636 25.922088 25.013408 24.337004 23.912593 24.172295 22.345161 20.669198 19.184069 17.937237 16.981273 16.367223 
40.713632 33.283696 28.473872 16.154440 10.776307 9.158100 8.032185 7.620000 8.032185 9.158100 10.776307 7.620000 5.080000 2.540000 0.000000 2.540000 5.080000 7.620000 31.402593 29.803120 28.341354 27.039636 25.922088 25.013408 24.337004 26.118895 24.172295 22.345161 20.669198 19.184069 17.937237 16.981273 
42.654726 35.631871 27.737830 14.818629 12.700000 10.776307 9.158100 8.032185 7.620000 8.032185 9.158100 10.160000 7.620000 5.080000 2.540000 0.000000 2.540000 5.080000 33.119826 31.402593 29.803120 28.341354 27.039636 25.922088 25.013408 28.160198 26.118895 24.172295 22.345161 20.669198 19.184069 17.937237 
44.655960 38.004727 27.219777 13.824645 14.810618 12.700000 10.776307 9.158100 8.032185 7.620000 8.032185 12.700000 10.160000 7.620000 5.080000 2.540000 0.000000 2.540000 34.937460 33.119826 31.402593 29.803120 28.341354 27.039636 25.922088 30.277054 28.160198 26.118895 24.172295 22.345161 20.669198 19.184069 
46.709603 40.397915 26.932295 13.249643 17.038838 14.810618 12.700000 10.776307 9.158100 8.032185 7.620000 15.240000 12.700000 10.160000 7.620000 5.080000 2.540000 0.000000 36.840637 34.937460 33.119826 31.402593 29.803120 28.341354 27.039636 32.454683 30.277054 28.160198 26.118895 24.172295 22.345161 20.669198 
10.517795 38.223570 30.117571 47.513002 20.669198 22.345161 24.172295 26.118895 28.160198 30.277054 32.454683 27.039636 28.341354 29.803120 31.402593 33.119826 34.937460 36.840637 0.000000 2.540000 5.080000 7.620000 10.160000 12.700000 15.240000 7.620000 8.032185 9.158100 10.776307 12.700000 14.810618 17.038838 
12.965392 38.968175 27.592490 45.953920 19.184069 20.669198 22.345161 24.172295 26.118895 28.160198 30.277054 25.922088 27.039636 28.341354 29.803120 31.402593 33.119826 34.937460 2.540000 0.000000 2.540000 5.080000 7.620000 10.160000 12.700000 8.032185 7.620000 8.032185 9.158100 10.776307 12.700000 14.810618 
15.442862 39.861000 25.070423 44.485317 17.937237 19.184069 20.669198 22.345161 24.172295 26.118895 28.160198 25.013408 25.922088 27.039636 28.341354 29.803120 31.402593 33.119826 5.080000 2.540000 0.000000 2.540000 5.080000 7.620000 10.160000 9.158100 8.032185 7.620000 8.032185 9.158100 10.776307 12.700000 
17.937832 40.892335 22.552381 43.116438 16.981273 17.937237 19.184069 20.669198 22.345161 24.172295 26.118895 24.337004 25.013408 25.922088 27.039636 28.341354 29.803120 31.402593 7.620000 5.080000 2.540000 0.000000 2.540000 5.080000 7.620000 10.776307 9.158100 8.032185 7.620000 8.032185 9.158100 10.776307 
20.443894 42.051993 20.039883 41.857069 16.367223 16.981273 17.937237 19.184069 20.669198 22.345161 24.172295 23.912593 24.337004 25.013408 25.922088 27.039636 28.341354 29.803120 10.160000 7.620000 5.080000 2.540000 0.000000 2.540000 5.080000 12.700000 10.776307 9.158100 8.032185 7.620000 8.032185 9.158100 
22.957417 43.329670 17.535310 40.717372 16.134173 16.367223 16.981273 17.937237 19.184069 20.669198 22.345161 23.753688 23.912593 24.337004 25.013408 25.922088 27.039636 28.341354 12.700000 10.160000 7.620000 5.080000 2.540000 0.000000 2.540000 14.810618 12.700000 10.776307 9.158100 8.032185 7.620000 8.032185 
25.476193 44.715251 15.042623 39.707654 16.298475 16.134173 16.367223 16.981273 17.937237 19.184069 20.669198 23.865591 23.753688 23.912593 24.337004 25.013408 25.922088 27.039636 15.240000 12.700000 10.160000 7.620000 5.080000 2.540000 0.000000 17.038838 14.810618 12.700000 10.776307 9.158100 8.032185 7.620000 
14.704894 30.936244 31.822602 41.874757 15.473152 17.649614 19.912371 22.235093 24.600801 26.998197 29.419536 20.669198 22.345161 24.172295 26.118895 28.160198 30.277054 32.454683 7.620000 8.032185 9.158100 10.776307 12.700000 14.810618 17.038838 0.000000 2.540000 5.080000 7.620000 10.160000 12.700000 15.240000 
16.544223 31.851665 29.444107 40.097041 13.425021 15.473152 17.649614 19.912371 22.235093 24.600801 26.998197 19.184069 20.669198 22.345161 24.172295 26.118895 28.160198 30.277054 8.032185 7.620000 8.032185 9.158100 10.776307 12.700000 14.810618 2.540000 0.000000 2.540000 5.080000 7.620000 10.160000 12.700000 
18.549714 32.937960 27.094944 38.405121 11.573554 13.425021 15.473152 17.649614 19.912371 22.235093 24.600801 17.937237 19.184069 20.669198 22.345161 24.172295 26.118895 28.160198 9.158100 8.032185 7.620000 8.032185 9.158100 10.776307 12.700000 5.080000 2.540000 0.000000 2.540000 5.080000 7.620000 10.160000 
20.673067 34.178838 24.783458 36.810829 10.028275 11.573554 13.425021 15.473152 17.649614 19.912371 22.235093 16.981273 17.937237 19.184069 20.669198 22.345161 24.172295 26.118895 10.776307 9.158100 8.032185 7.620000 8.032185 9.158100 10.776307 7.620000 5.080000 2.540000 0.000000 2.540000 5.080000 7.620000 
22.881493 35.558121 22.521252 35.327385 8.949227 10.028275 11.573554 13.425021 15.473152 17.649614 19.912371 16.367223 16.981273 17.937237 19.184069 20.669198 22.345161 24.172295 12.700000 10.776307 9.158100 8.032185 7.620000 8.032185 9.158100 10.160000 7.620000 5.080000 2.540000 0.000000 2.540000 5.080000 
25.152592 37.060359 20.324788 33.969314 8.515528 8.949227 10.028275 11.573554 13.425021 15.473152 17.649614 16.134173 16.367223 16.981273 17.937237 19.184069 20.669198 22.345161 14.810618 12.700000 10.776307 9.158100 8.032185 7.620000 8.032185 12.700000 10.160000 7.620000 5.080000 2.540000 0.000000 2.540000 
27.470826 38.671224 18.217860 32.752217 8.822867 8.515528 8.949227 10.028275 11.573554 13.425021 15.473152 16.298475 16.134173 16.367223 16.981273 17.937237 19.184069 20.669198 17.038838 14.810618 12.700000 10.776307 9.158100 8.032185 7.620000 15.240000 12.700000 10.160000 7.620000 5.080000 2.540000 0.000000 
