32
# Circuit board instance
Size: medium
Nodes: 32
0.000000 40.000000 40.000000 56.568542 28.940541 31.056225 33.231408 35.455142 37.718840 40.015720 42.340384 33.887640 35.711431 37.618396 39.596519 41.635659 43.727281 45.864205 9.221770 11.701182 14.202024 16.714679 19.234519 21.759047 24.286802 13.321575 15.144008 17.149950 19.282215 21.503256 23.788221 26.120338 
40.000000 0.000000 56.568542 40.000000 33.328193 35.180998 37.115226 39.118801 41.181603 43.295166 45.452410 28.495362 30.641799 32.844440 35.092703 37.378358 39.694945 42.037350 38.790196 39.453212 40.265814 41.219155 42.303723 43.509705 44.827302 31.424554 32.239405 33.228889 34.377930 35.671113 37.093365 38.630433 
40.000000 56.568542 0.000000 40.000000 23.242014 21.538928 20.014065 18.711050 17.679004 16.967445 16.617592 29.172049 27.834199 26.671708 25.708376 24.967267 24.468580 24.227290 31.139788 28.607044 26.075713 23.546249 21.019326 18.495985 15.977925 32.590024 30.179236 27.791476 25.433229 23.113532 20.845258 18.647182 
56.568542 40.000000 40.000000 0.000000 28.520251 27.150302 25.957201 24.966315 24.202494 23.687712 23.438385 22.685280 20.936956 19.364750 18.014831 16.940423 16.196448 15.829564 48.880718 47.307518 45.821186 44.430441 43.144528 41.973084 40.925938 43.268325 41.482823 39.779447 38.169195 36.664337 35.278365 34.025809 
28.940541 33.328193 23.242014 28.520251 0.000000 2.540000 5.080000 7.620000 10.160000 12.700000 15.240000 7.620000 8.032185 9.158100 10.776307 12.700000 14.810618 17.038838 20.583045 18.842923 17.301820 16.017285 15.055133 14.479774 14.337848 16.227514 13.954434 11.790821 9.809378 8.144171 7.023841 6.726394 
31.056225 35.180998 21.538928 27.150302 2.540000 0.000000 2.540000 5.080000 7.620000 10.160000 12.700000 8.032185 7.620000 8.032185 9.158100 10.776307 12.700000 14.810618 22.476007 20.583045 18.842923 17.301820 16.017285 15.055133 14.479774 18.569905 16.227514 13.954434 11.790821 9.809378 8.144171 7.023841 
33.231408 37.115226 20.014065 25.957201 5.080000 2.540000 0.000000 2.540000 5.080000 7.620000 10.160000 9.158100 8.032185 7.620000 8.032185 9.158100 10.776307 12.700000 24.486390 22.476007 20.583045 18.842923 17.301820 16.017285 15.055133 20.958382 18.569905 16.227514 13.954434 11.790821 9.809378 8.144171 
35.455142 39.118801 18.711050 24.966315 7.620000 5.080000 2.540000 0.000000 2.540000 5.080000 7.620000 10.776307 9.158100 8.032185 7.620000 8.032185 9.158100 10.776307 26.587570 24.486390 22.476007 20.583045 18.842923 17.301820 16.017285 23.378822 20.958382 18.569905 16.227514 13.954434 11.790821 9.809378 
37.718840 41.181603 17.679004 24.202494 10.160000 7.620000 5.080000 2.540000 0.000000 2.540000 5.080000 12.700000 10.776307 9.158100 8.032185 7.620000 8.032185 9.158100 28.759653 26.587570 24.486390 22.476007 20.583045 18.842923 17.301820 25.822241 23.378822 20.958382 18.569905 16.227514 13.954434 11.790821 
40.015720 43.295166 16.967445 23.687712 12.700000 10.160000 7.620000 5.080000 2.540000 0.000000 2.540000 14.810618 12.700000 10.776307 9.158100 8.032185 7.620000 8.032185 30.987733 28.759653 26.587570 24.486390 22.476007 20.583045 18.842923 28.282682 25.822241 23.378822 20.958382 18.569905 16.227514 13.954434 
42.340384 45.452410 16.617592 23.438385 15.240000 12.700000 10.160000 7.620000 5.080000 2.540000 0.000000 17.038838 14.810618 12.700000 10.776307 9.158100 8.032185 7.620000 33.260559 30.987733 28.759653 26.587570 24.486390 22.476007 20.583045 30.756060 28.282682 25.822241 23.378822 20.958382 18.569905 16.227514 
33.887640 28.495362 29.172049 22.685280 7.620000 8.032185 9.158100 10.776307 12.700000 14.810618 17.038838 0.000000 2.540000 5.080000 7.620000 10.160000 12.700000 15.240000 26.459782 25.129944 23.996068 23.087047 22.430233 22.048179 21.955232 20.583045 18.842923 17.301820 16.017285 15.055133 14.479774 14.337848 
35.711431 30.641799 27.834199 20.936956 8.032185 7.620000 8.032185 9.158100 10.776307 12.700000 14.810618 2.540000 0.000000 2.540000 5.080000 7.620000 10.160000 12.700000 27.957633 26.459782 25.129944 23.996068 23.087047 22.430233 22.048179 22.476007 20.583045 18.842923 17.301820 16.017285 15.055133 14.479774 
37.618396 32.844440 26.671708 19.364750 9.158100 8.032185 7.620000 8.032185 9.158100 10.776307 12.700000 5.080000 2.540000 0.000000 2.540000 5.080000 7.620000 10.160000 29.598000 27.957633 26.459782 25.129944 23.996068 23.087047 22.430233 24.486390 22.476007 20.583045 18.842923 17.301820 16.017285 15.055133 
39.596519 35.092703 25.708376 18.014831 10.776307 9.158100 8.032185 7.620000 8.032185 9.158100 10.776307 7.620000 5.080000 2.540000 0.000000 2.540000 5.080000 7.620000 31.358526 29.598000 27.957633 26.459782 25.129944 23.996068 23.087047 26.587570 24.486390 22.476007 20.583045 18.842923 17.301820 16.017285 
41.635659 37.378358 24.967267 16.940423 12.700000 10.776307 9.158100 8.032185 7.620000 8.032185 9.158100 10.160000 7.620000 5.080000 2.540000 0.000000 2.540000 5.080000 33.220114 31.358526 29.598000 27.957633 26.459782 25.129944 23.996068 28.759653 26.587570 24.486390 22.476007 20.583045 18.842923 17.301820 
43.727281 39.694945 24.468580 16.196448 14.810618 12.700000 10.776307 9.158100 8.032185 7.620000 8.032185 12.700000 10.160000 7.620000 5.080000 2.540000 0.000000 2.540000 35.166716 33.220114 31.358526 29.598000 27.957633 26.459782 25.129944 30.987733 28.759653 26.587570 24.486390 22.476007 20.583045 18.842923 
45.864205 42.037350 24.227290 15.829564 17.038838 14.810618 12.700000 10.776307 9.158100 8.032185 7.620000 15.240000 12.700000 10.160000 7.620000 5.080000 2.540000 0.000000 37.184985 35.166716 33.220114 31.358526 29.598000 27.957633 26.459782 33.260559 30.987733 28.759653 26.587570 24.486390 22.476007 20.583045 
9.221770 38.790196 31.139788 48.880718 20.583045 22.476007 24.486390 26.587570 28.759653 30.987733 33.260559 26.459782 27.957633 29.598000 31.358526 33.220114 35.166716 37.184985 0.000000 2.540000 5.080000 7.620000 10.160000 12.700000 15.240000 7.620000 8.032185 9.158100 10.776307 12.700000 14.810618 17.038838 
11.701182 39.453212 28.607044 47.307518 18.842923 20.583045 22.476007 24.486390 26.587570 28.759653 30.987733 25.129944 26.459782 27.957633 29.598000 31.358526 33.220114 35.166716 2.540000 0.000000 2.540000 5.080000 7.620000 10.160000 12.700000 8.032185 7.620000 8.032185 9.158100 10.776307 12.700000 14.810618 
14.202024 40.265814 26.075713 45.821186 17.301820 18.842923 20.583045 22.476007 24.486390 26.587570 28.759653 23.996068 25.129944 26.459782 27.957633 29.598000 31.358526 33.220114 5.080000 2.540000 0.000000 2.540000 5.080000 7.620000 10.160000 9.158100 8.032185 7.620000 8.032185 9.158100 10.776307 12.700000 
16.714679 41.219155 23.546249 44.430441 16.017285 17.301820 18.842923 20.583045 22.476007 24.486390 26.587570 23.087047 23.996068 25.129944 26.459782 27.957633 29.598000 31.358526 7.620000 5.080000 2.540000 0.000000 2.540000 5.080000 7.620000 10.776307 9.158100 8.032185 7.620000 8.032185 9.158100 10.776307 
19.234519 42.303723 21.019326 43.144528 15.055133 16.017285 17.301820 18.842923 20.583045 22.476007 24.486390 22.430233 23.087047 23.996068 25.129944 26.459782 27.957633 29.598000 10.160000 7.620000 5.080000 2.540000 0.000000 2.540000 5.080000 12.700000 10.776307 9.158100 8.032185 7.620000 8.032185 9.158100 
21.759047 43.509705 18.495985 41.973084 14.479774 15.055133 16.017285 17.301820 18.842923 20.583045 22.476007 22.048179 22.430233 23.087047 23.996068 25.129944 26.459782 27.957633 12.700000 10.160000 7.620000 5.080000 2.540000 0.000000 2.540000 14.810618 12.700000 10.776307 9.158100 8.032185 7.620000 8.032185 
24.286802 44.827302 15.977925 40.925938 14.337848 14.479774 15.055133 16.017285 17.301820 18.842923 20.583045 21.955232 22.048179 22.430233 23.087047 23.996068 25.129944 26.459782 15.240000 12.700000 10.160000 7.620000 5.080000 2.540000 0.000000 17.038838 14.810618 12.700000 10.776307 9.158100 8.032185 7.620000 
13.321575 31.424554 32.590024 43.268325 16.227514 18.569905 20.958382 23.378822 25.822241 28.282682 30.756060 20.583045 22.476007 24.486390 26.587570 28.759653 30.987733 33.260559 7.620000 8.032185 9.158100 10.776307 12.700000 14.810618 17.038838 0.000000 2.540000 5.080000 7.620000 10.160000 12.700000 15.240000 
15.144008 32.239405 30.179236 41.482823 13.954434 16.227514 18.569905 20.958382 23.378822 25.822241 28.282682 18.842923 20.583045 22.476007 24.486390 26.587570 28.759653 30.987733 8.032185 7.620000 8.032185 9.158100 10.776307 12.700000 14.810618 2.540000 0.000000 2.540000 5.080000 7.620000 10.160000 12.700000 
17.149950 33.228889 27.791476 39.779447 11.790821 13.954434 16.227514 18.569905 20.958382 23.378822 25.822241 17.301820 18.842923 20.583045 22.476007 24.486390 26.587570 28.759653 9.158100 8.032185 7.620000 8.032185 9.158100 10.776307 12.700000 5.080000 2.540000 0.000000 2.540000 5.080000 7.620000 10.160000 
19.282215 34.377930 25.433229 38.169195 9.809378 11.790821 13.954434 16.227514 18.569905 20.958382 23.378822 16.017285 17.301820 18.842923 20.583045 22.476007 24.486390 26.587570 10.776307 9.158100 8.032185 7.620000 8.032185 9.158100 10.776307 7.620000 5.080000 2.540000 0.000000 2.540000 5.080000 7.620000 
21.503256 35.671113 23.113532 36.664337 8.144171 9.809378 11.790821 13.954434 16.227514 18.569905 20.958382 15.055133 16.017285 17.301820 18.842923 20.583045 22.476007 24.486390 12.700000 10.776307 9.158100 8.032185 7.620000 8.032185 9.158100 10.160000 7.620000 5.080000 2.540000 0.000000 2.540000 5.080000 
23.788221 37.093365 20.845258 35.278365 7.023841 8.144171 9.809378 11.790821 13.954434 16.227514 18.569905 14.479774 15.055133 16.017285 17.301820 18.842923 20.583045 22.476007 14.810618 12.700000 10.776307 9.158100 8.032185 7.620000 8.032185 12.700000 10.160000 7.620000 5.080000 2.540000 0.000000 2.540000 
26.120338 38.630433 18.647182 34.025809 6.726394 7.023841 8.144171 9.809378 11.790821 13.954434 16.227514 14.337848 14.479774 15.055133 16.017285 17.301820 18.842923 20.583045 17.038838 14.810618 12.700000 10.776307 9.158100 8.032185 7.620000 15.240000 12.700000 10.160000 7.620000 5.080000 2.540000 0.000000 
