34
# Circuit board instance
Size: medium
Nodes: 34
0.000000 90.000000 90.000000 127.279221 61.380045 62.555847 63.811137 65.141321 66.541906 68.008545 69.537056 68.282576 69.341432 70.475963 71.682577 72.957697 74.297795 75.699421 113.172989 114.058565 114.951349 115.851176 116.881646 117.739331 118.604412 119.476729 34.485483 35.674569 36.869052 38.068424 36.608993 37.731217 38.862538 40.002185 
90.000000 0.000000 127.279221 90.000000 44.524618 46.132046 47.820423 49.581482 51.407752 53.292531 55.229828 38.805178 40.639462 42.546364 44.516553 46.541994 48.615779 50.731982 79.054964 80.317608 81.580480 82.843570 78.666900 79.935674 81.204486 82.473334 84.093912 84.588488 85.099145 85.625594 79.425159 79.948622 80.488722 81.045125 
90.000000 127.279221 0.000000 90.000000 83.262595 81.370657 79.514848 77.697757 75.922165 74.191050 72.507600 88.474064 86.695928 84.956525 83.258283 81.603770 79.995701 78.436931 82.231253 82.064668 81.917436 81.789661 87.264957 87.107999 86.969305 86.848963 59.088460 57.846975 56.606754 55.367884 60.352432 59.137487 57.924904 56.714834 
127.279221 90.000000 90.000000 0.000000 71.746717 69.542185 67.361285 65.206389 63.080162 60.985602 58.926086 68.344653 66.026628 63.725528 61.443253 59.181982 56.944217 54.732841 14.266779 13.272970 12.329975 11.450354 11.930414 10.722197 9.530061 8.360886 96.819335 96.066695 95.325034 94.594609 92.793068 92.007499 91.232845 90.469386 
61.380045 44.524618 83.262595 71.746717 0.000000 2.540000 5.080000 7.620000 10.160000 12.700000 15.240000 7.620000 8.032185 9.158100 10.776307 12.700000 14.810618 17.038838 57.636857 58.767353 59.903440 61.044805 60.143527 61.227759 62.319008 63.416913 42.866742 43.027290 43.224572 43.458087 37.822880 38.004741 38.227951 38.491791 
62.555847 46.132046 81.370657 69.542185 2.540000 0.000000 2.540000 5.080000 7.620000 10.160000 12.700000 8.032185 7.620000 8.032185 9.158100 10.776307 12.700000 14.810618 55.394004 56.512287 57.636857 58.767353 57.997692 59.066701 60.143527 61.227759 42.657411 42.743342 42.866742 43.027290 37.585468 37.682966 37.822880 38.004741 
63.811137 47.820423 79.514848 67.361285 5.080000 2.540000 0.000000 2.540000 5.080000 7.620000 10.160000 9.158100 8.032185 7.620000 8.032185 9.158100 10.776307 12.700000 53.177883 54.282396 55.394004 56.512287 55.884916 56.936940 57.997692 59.066701 42.598769 42.609178 42.657411 42.743342 37.518899 37.530716 37.585468 37.682966 
65.141321 49.581482 77.697757 65.206389 7.620000 5.080000 2.540000 0.000000 2.540000 5.080000 7.620000 10.776307 9.158100 8.032185 7.620000 8.032185 9.158100 10.776307 50.991979 52.080915 53.177883 54.282396 53.809094 54.842121 55.884916 56.936940 42.691436 42.626213 42.598769 42.609178 37.624079 37.550055 37.518899 37.530716 
66.541906 51.407752 75.922165 63.080162 10.160000 7.620000 5.080000 2.540000 0.000000 2.540000 5.080000 12.700000 10.776307 9.158100 8.032185 7.620000 8.032185 9.158100 48.840351 49.911602 50.991979 52.080915 51.774670 52.786406 53.809094 54.842121 42.934432 42.794266 42.691436 42.626213 37.899579 37.740718 37.624079 37.550055 
68.008545 53.292531 74.191050 60.985602 12.700000 10.160000 7.620000 5.080000 2.540000 0.000000 2.540000 14.810618 12.700000 10.776307 9.158100 8.032185 7.620000 8.032185 46.727733 47.778840 48.840351 49.911602 49.786722 50.774543 51.774670 52.786406 43.325229 43.111571 42.934432 42.794266 38.341728 38.100134 37.899579 37.740718 
69.537056 55.229828 72.507600 58.926086 15.240000 12.700000 10.160000 7.620000 5.080000 2.540000 0.000000 17.038838 14.810618 12.700000 10.776307 9.158100 8.032185 7.620000 44.659662 45.687748 46.727733 47.778840 47.851040 48.811955 49.786722 50.774543 43.859875 43.574868 43.325229 43.111571 38.944849 38.623591 38.341728 38.100134 
68.282576 38.805178 88.474064 68.344653 7.620000 8.032185 9.158100 10.776307 12.700000 14.810618 17.038838 0.000000 2.540000 5.080000 7.620000 10.160000 12.700000 15.240000 54.552052 55.745143 56.941560 58.141099 56.513218 57.665746 58.823113 59.985038 50.446136 50.582632 50.750553 50.949586 45.391696 45.543344 45.729772 45.950558 
69.341432 40.639462 86.695928 66.026628 8.032185 7.620000 8.032185 9.158100 10.776307 12.700000 14.810618 2.540000 0.000000 2.540000 5.080000 7.620000 10.160000 12.700000 52.176764 53.362512 54.552052 55.745143 54.223907 55.365829 56.513218 57.665746 50.268377 50.341318 50.446136 50.582632 45.194062 45.275178 45.391696 45.543344 
70.475963 42.546364 84.956525 63.725528 9.158100 8.032185 7.620000 8.032185 9.158100 10.776307 12.700000 5.080000 2.540000 0.000000 2.540000 5.080000 7.620000 10.160000 49.817731 50.995074 52.176764 53.362512 51.957903 53.087805 54.223907 55.365829 50.218623 50.227453 50.268377 50.341318 45.138715 45.148538 45.194062 45.275178 
71.682577 44.516553 83.258283 61.443253 10.776307 9.158100 8.032185 7.620000 8.032185 9.158100 10.776307 7.620000 5.080000 2.540000 0.000000 2.540000 5.080000 7.620000 47.477374 48.645049 49.817731 50.995074 49.718391 50.834616 51.957903 53.087805 50.297253 50.241905 50.218623 50.227453 45.226178 45.164615 45.138715 45.148538 
72.957697 46.541994 81.603770 59.181982 12.700000 10.776307 9.158100 8.032185 7.620000 8.032185 9.158100 10.160000 7.620000 5.080000 2.540000 0.000000 2.540000 5.080000 45.158598 46.315085 47.477374 48.645049 47.509119 48.609716 49.718391 50.834616 50.503668 50.384563 50.297253 50.241905 45.455626 45.323257 45.226178 45.164615 
74.297795 48.615779 79.995701 56.944217 14.810618 12.700000 10.776307 9.158100 8.032185 7.620000 8.032185 12.700000 10.160000 7.620000 5.080000 2.540000 0.000000 2.540000 42.864906 44.008370 45.158598 46.315085 45.334507 46.417174 47.509119 48.609716 50.836310 50.654344 50.503668 50.384563 45.824927 45.622977 45.455626 45.323257 
75.699421 50.731982 78.436931 54.732841 17.038838 14.810618 12.700000 10.776307 9.158100 8.032185 7.620000 15.240000 12.700000 10.160000 7.620000 5.080000 2.540000 0.000000 40.600548 41.728760 42.864906 44.008370 43.199790 44.261799 45.334507 46.417174 51.292725 51.049232 50.836310 50.654344 46.330736 46.061020 45.824927 45.622977 
113.172989 79.054964 82.231253 14.266779 57.636857 55.394004 53.177883 50.991979 48.840351 46.727733 44.659662 54.552052 52.176764 49.817731 47.477374 45.158598 42.864906 40.600548 0.000000 1.270000 2.540000 3.810000 5.080000 5.236344 5.679613 6.350000 83.235632 82.534713 81.847499 81.174338 79.068026 78.329824 77.605384 76.895095 
114.058565 80.317608 82.064668 13.272970 58.767353 56.512287 54.282396 52.080915 49.911602 47.778840 45.687748 55.745143 53.362512 50.995074 48.645049 46.315085 44.008370 41.728760 1.270000 0.000000 1.270000 2.540000 5.236344 5.080000 5.236344 5.679613 83.949912 83.235632 82.534713 81.847499 79.819610 79.068026 78.329824 77.605384 
114.951349 81.580480 81.917436 12.329975 59.903440 57.636857 55.394004 53.177883 50.991979 48.840351 46.727733 56.941560 54.552052 52.176764 49.817731 47.477374 45.158598 42.864906 2.540000 1.270000 0.000000 1.270000 5.679613 5.236344 5.080000 5.236344 84.677215 83.949912 83.235632 82.534713 80.584200 79.819610 79.068026 78.329824 
115.851176 82.843570 81.789661 11.450354 61.044805 58.767353 56.512287 54.282396 52.080915 49.911602 47.778840 58.141099 55.745143 53.362512 50.995074 48.645049 46.315085 44.008370 3.810000 2.540000 1.270000 0.000000 6.350000 5.679613 5.236344 5.080000 85.417210 84.677215 83.949912 83.235632 81.361429 80.584200 79.819610 79.068026 
116.881646 78.666900 87.264957 11.930414 60.143527 57.997692 55.884916 53.809094 51.774670 49.786722 47.851040 56.513218 54.223907 51.957903 49.718391 47.509119 45.334507 43.199790 5.080000 5.236344 5.679613 6.350000 0.000000 1.270000 2.540000 3.810000 87.499718 86.833226 86.180296 85.541239 83.235632 82.534713 81.847499 81.174338 
117.739331 79.935674 87.107999 10.722197 61.227759 59.066701 56.936940 54.842121 52.786406 50.774543 48.811955 57.665746 55.365829 53.087805 50.834616 48.609716 46.417174 44.261799 5.236344 5.080000 5.236344 5.679613 1.270000 0.000000 1.270000 2.540000 88.179465 87.499718 86.833226 86.180296 83.949912 83.235632 82.534713 81.847499 
118.604412 81.204486 86.969305 9.530061 62.319008 60.143527 57.997692 55.884916 53.809094 51.774670 49.786722 58.823113 56.513218 54.223907 51.957903 49.718391 47.509119 45.334507 5.679613 5.236344 5.080000 5.236344 2.540000 1.270000 0.000000 1.270000 88.872162 88.179465 87.499718 86.833226 84.677215 83.949912 83.235632 82.534713 
119.476729 82.473334 86.848963 8.360886 63.416913 61.227759 59.066701 56.936940 54.842121 52.786406 50.774543 59.985038 57.665746 55.365829 53.087805 50.834616 48.609716 46.417174 6.350000 5.679613 5.236344 5.080000 3.810000 2.540000 1.270000 0.000000 89.577509 88.872162 88.179465 87.499718 85.417210 84.677215 83.949912 83.235632 
34.485483 84.093912 59.088460 96.819335 42.866742 42.657411 42.598769 42.691436 42.934432 43.325229 43.859875 50.446136 50.268377 50.218623 50.297253 50.503668 50.836310 51.292725 83.235632 83.949912 84.677215 85.417210 87.499718 88.179465 88.872162 89.577509 0.000000 1.270000 2.540000 3.810000 5.080000 5.236344 5.679613 6.350000 
35.674569 84.588488 57.846975 96.066695 43.027290 42.743342 42.609178 42.626213 42.794266 43.111571 43.574868 50.582632 50.341318 50.227453 50.241905 50.384563 50.654344 51.049232 82.534713 83.235632 83.949912 84.677215 86.833226 87.499718 88.179465 88.872162 1.270000 0.000000 1.270000 2.540000 5.236344 5.080000 5.236344 5.679613 
36.869052 85.099145 56.606754 95.325034 43.224572 42.866742 42.657411 42.598769 42.691436 42.934432 43.325229 50.750553 50.446136 50.268377 50.218623 50.297253 50.503668 50.836310 81.847499 82.534713 83.235632 83.949912 86.180296 86.833226 87.499718 88.179465 2.540000 1.270000 0.000000 1.270000 5.679613 5.236344 5.080000 5.236344 
38.068424 85.625594 55.367884 94.594609 43.458087 43.027290 42.743342 42.609178 42.626213 42.794266 43.111571 50.949586 50.582632 50.341318 50.227453 50.241905 50.384563 50.654344 81.174338 81.847499 82.534713 83.235632 85.541239 86.180296 86.833226 87.499718 3.810000 2.540000 1.270000 0.000000 6.350000 5.679613 5.236344 5.080000 
36.608993 79.425159 60.352432 92.793068 37.822880 37.585468 37.518899 37.624079 37.899579 38.341728 38.944849 45.391696 45.194062 45.138715 45.226178 45.455626 45.824927 46.330736 79.068026 79.819610 80.584200 81.361429 83.235632 83.949912 84.677215 85.417210 5.080000 5.236344 5.679613 6.350000 0.000000 1.270000 2.540000 3.810000 
37.731217 79.948622 59.137487 92.007499 38.004741 37.682966 37.530716 37.550055 37.740718 38.100134 38.623591 45.543344 45.275178 45.148538 45.164615 45.323257 45.622977 46.061020 78.329824 79.068026 79.819610 80.584200 82.534713 83.235632 83.949912 84.677215 5.236344 5.080000 5.236344 5.679613 1.270000 0.000000 1.270000 2.540000 
38.862538 80.488722 57.924904 91.232845 38.227951 37.822880 37.585468 37.518899 37.624079 37.899579 38.341728 45.729772 45.391696 45.194062 45.138715 45.226178 45.455626 45.824927 77.605384 78.329824 79.068026 79.819610 81.847499 82.534713 83.235632 83.949912 5.679613 5.236344 5.080000 5.236344 2.540000 1.270000 0.000000 1.270000 
40.002185 81.045125 56.714834 90.469386 38.491791 38.004741 37.682966 37.530716 37.550055 37.740718 38.100134 45.950558 45.543344 45.275178 45.148538 45.164615 45.323257 45.622977 76.895095 77.605384 78.329824 79.068026 81.174338 81.847499 82.534713 83.235632 6.350000 5.679613 5.236344 5.080000 3.810000 2.540000 1.270000 0.000000 
