22
# Circuit board instance
Size: medium
Nodes: 22
0.000000 65.000000 65.000000 91.923882 52.575500 54.838109 57.124044 59.430613 61.755505 57.740265 58.205700 58.777309 59.452029 60.226396 32.409645 33.458392 34.522003 35.599146 35.565030 36.523284 37.500066 38.493966 
65.000000 0.000000 91.923882 65.000000 30.575873 29.115614 27.811098 26.685174 25.761272 79.643175 77.889670 76.180504 74.518729 72.907584 53.489948 54.131815 54.795603 55.480525 49.145303 49.843151 50.563271 51.304726 
65.000000 91.923882 0.000000 65.000000 61.785177 63.721606 65.699173 67.714272 69.763653 12.322250 14.345842 16.512775 18.773478 21.097830 42.689595 41.549734 40.417633 39.293963 45.131893 44.055268 42.989200 41.934494 
91.923882 65.000000 65.000000 0.000000 44.588215 43.599815 42.739701 42.015753 41.435107 56.222193 53.709406 51.199305 48.692305 46.188911 60.275957 59.474111 58.688794 57.920679 56.455976 55.599065 54.758203 53.934138 
52.575500 30.575873 61.785177 44.588215 0.000000 2.540000 5.080000 7.620000 10.160000 49.463428 47.581642 45.763499 44.016885 42.350652 28.084113 28.210365 28.392917 28.630694 23.022529 23.176370 23.398231 23.686201 
54.838109 29.115614 63.721606 43.599815 2.540000 0.000000 2.540000 5.080000 7.620000 51.401867 49.463428 47.581642 45.763499 44.016885 30.617192 30.733040 30.900693 31.119314 25.552407 25.691104 25.891425 26.151955 
57.124044 27.811098 65.699173 42.739701 5.080000 2.540000 0.000000 2.540000 5.080000 53.390790 51.401867 49.463428 47.581642 45.763499 33.151331 33.258352 33.413337 33.615621 28.084113 28.210365 28.392917 28.630694 
59.430613 26.685174 67.714272 42.015753 7.620000 5.080000 2.540000 0.000000 2.540000 55.424760 53.390790 51.401867 49.463428 47.581642 35.686302 35.785744 35.929828 36.118021 30.617192 30.733040 30.900693 31.119314 
61.755505 25.761272 69.763653 41.435107 10.160000 7.620000 5.080000 2.540000 0.000000 57.498999 55.424760 53.390790 51.401867 49.463428 38.221942 38.314803 38.449411 38.625330 33.151331 33.258352 33.413337 33.615621 
57.740265 79.643175 12.322250 56.222193 49.463428 51.401867 53.390790 55.424760 57.498999 0.000000 2.540000 5.080000 7.620000 10.160000 31.782341 30.569146 29.360757 28.157791 33.609164 32.464311 31.329105 30.204635 
58.205700 77.889670 14.345842 53.709406 47.581642 49.463428 51.401867 53.390790 55.424760 2.540000 0.000000 2.540000 5.080000 7.620000 31.140690 29.901474 28.664952 27.431490 32.609737 31.428498 30.254451 29.088468 
58.777309 76.180504 16.512775 51.199305 45.763499 47.581642 49.463428 51.401867 53.390790 5.080000 2.540000 0.000000 2.540000 5.080000 30.696437 29.438525 28.181698 26.926107 31.782341 30.569146 29.360757 28.157791 
59.452029 74.518729 18.773478 48.692305 44.016885 45.763499 47.581642 49.463428 51.401867 7.620000 5.080000 2.540000 0.000000 2.540000 30.458218 29.190043 27.922033 26.654213 31.140690 29.901474 28.664952 27.431490 
60.226396 72.907584 21.097830 46.188911 42.350652 44.016885 45.763499 47.581642 49.463428 10.160000 7.620000 5.080000 2.540000 0.000000 30.430874 29.161509 27.892202 26.622962 30.696437 29.438525 28.181698 26.926107 
32.409645 53.489948 42.689595 60.275957 28.084113 30.617192 33.151331 35.686302 38.221942 31.782341 31.140690 30.696437 30.458218 30.430874 0.000000 1.270000 2.540000 3.810000 5.080000 5.236344 5.679613 6.350000 
33.458392 54.131815 41.549734 59.474111 28.210365 30.733040 33.258352 35.785744 38.314803 30.569146 29.901474 29.438525 29.190043 29.161509 1.270000 0.000000 1.270000 2.540000 5.236344 5.080000 5.236344 5.679613 
34.522003 54.795603 40.417633 58.688794 28.392917 30.900693 33.413337 35.929828 38.449411 29.360757 28.664952 28.181698 27.922033 27.892202 2.540000 1.270000 0.000000 1.270000 5.679613 5.236344 5.080000 5.236344 
35.599146 55.480525 39.293963 57.920679 28.630694 31.119314 33.615621 36.118021 38.625330 28.157791 27.431490 26.926107 26.654213 26.622962 3.810000 2.540000 1.270000 0.000000 6.350000 5.679613 5.236344 5.080000 
35.565030 49.145303 45.131893 56.455976 23.022529 25.552407 28.084113 30.617192 33.151331 33.609164 32.609737 31.782341 31.140690 30.696437 5.080000 5.236344 5.679613 6.350000 0.000000 1.270000 2.540000 3.810000 
36.523284 49.843151 44.055268 55.599065 23.176370 25.691104 28.210365 30.733040 33.258352 32.464311 31.428498 30.569146 29.901474 29.438525 5.236344 5.080000 5.236344 5.679613 1.270000 0.000000 1.270000 2.540000 
37.500066 50.563271 42.989200 54.758203 23.398231 25.891425 28.392917 30.900693 33.413337 31.329105 30.254451 29.360757 28.664952 28.181698 5.679613 5.236344 5.080000 5.236344 2.540000 1.270000 0.000000 1.270000 
38.493966 51.304726 41.934494 53.934138 23.686201 26.151955 28.630694 31.119314 33.615621 30.204635 29.088468 28.157791 27.431490 26.926107 6.350000 5.679613 5.236344 5.080000 3.810000 2.540000 1.270000 0.000000 
