27
# Circuit board instance
Size: medium
Nodes: 27
0.000000 115.000000 115.000000 162.634560 86.925273 88.291021 89.707908 91.173551 92.685637 36.842606 37.148891 37.495712 37.881955 41.808042 42.078199 42.384704 42.726774 75.469189 75.719234 76.053333 76.470384 76.969040 59.170548 61.133780 63.138161 65.179898 67.255586 
115.000000 0.000000 162.634560 115.000000 101.185955 99.467073 97.783962 96.138498 94.532649 79.534472 79.676814 79.839107 80.021229 74.484005 74.635980 74.809209 75.003546 132.291751 130.210258 128.145302 126.097694 124.068296 79.528791 77.309856 75.111266 72.934861 70.782686 
115.000000 162.634560 0.000000 115.000000 61.592594 63.505503 65.461082 67.455622 69.485767 112.589132 111.386153 110.184679 108.984758 114.310312 113.125638 111.942834 110.761962 40.259456 40.726252 41.344100 42.106352 43.005329 89.161943 90.476723 91.842941 93.258337 94.720706 
162.634560 115.000000 115.000000 0.000000 80.475102 78.302894 76.153448 74.028747 71.930982 132.833231 131.815135 130.801445 129.792265 129.872253 128.830759 127.793399 126.760273 115.872053 113.489808 111.114552 108.746742 106.386875 103.795602 102.105397 100.450986 98.834165 97.256810 
86.925273 101.185955 61.592594 80.475102 0.000000 2.540000 5.080000 7.620000 10.160000 66.319674 65.064292 63.809489 62.555299 65.750548 64.484087 63.217769 61.951601 39.688098 37.149688 34.611511 32.073622 29.536097 35.705503 35.752182 35.978567 36.381303 36.954626 
88.291021 99.467073 63.505503 78.302894 2.540000 0.000000 2.540000 5.080000 7.620000 66.747556 65.500375 64.254089 63.008750 65.986856 64.725020 63.463509 62.202344 42.226699 39.688098 37.149688 34.611511 32.073622 35.839232 35.705503 35.752182 35.978567 36.381303 
89.707908 97.783962 65.461082 76.153448 5.080000 2.540000 0.000000 2.540000 5.080000 67.268689 66.031352 64.795280 63.560545 66.319674 65.064292 63.809489 62.555299 44.765459 42.226699 39.688098 37.149688 34.611511 36.151368 35.839232 35.705503 35.752182 35.978567 
91.173551 96.138498 67.455622 74.028747 7.620000 5.080000 2.540000 0.000000 2.540000 67.880925 66.654954 65.430664 64.208149 66.747556 65.500375 64.254089 63.008750 47.304352 44.765459 42.226699 39.688098 37.149688 36.637351 36.151368 35.839232 35.705503 35.752182 
92.685637 94.532649 69.485767 71.930982 10.160000 7.620000 5.080000 2.540000 0.000000 68.581824 67.368610 66.157527 64.948695 67.268689 66.031352 64.795280 63.560545 49.843358 47.304352 44.765459 42.226699 39.688098 37.290383 36.637351 36.151368 35.839232 35.705503 
36.842606 79.534472 112.589132 132.833231 66.319674 66.747556 67.268689 67.880925 68.581824 0.000000 1.270000 2.540000 3.810000 5.080000 5.236344 5.679613 6.350000 73.233833 72.240113 71.323046 70.485622 69.730712 31.292209 32.140681 33.162443 34.342031 35.663788 
37.148891 79.676814 111.386153 131.815135 65.064292 65.500375 66.031352 66.654954 67.368610 1.270000 0.000000 1.270000 2.540000 5.236344 5.080000 5.236344 5.679613 72.075010 71.065088 70.132658 69.280847 68.512663 30.082286 30.963930 32.023261 33.243295 34.607042 
37.495712 79.839107 110.184679 130.801445 63.809489 64.254089 64.795280 65.430664 66.157527 2.540000 1.270000 0.000000 1.270000 5.679613 5.236344 5.080000 5.236344 70.919995 69.893386 68.945110 68.078442 67.296535 28.877523 29.794838 30.894281 32.157178 33.565082 
37.881955 80.021229 108.984758 129.792265 62.555299 63.008750 63.560545 64.208149 64.948695 3.810000 2.540000 1.270000 0.000000 6.350000 5.679613 5.236344 5.080000 69.768977 68.725176 67.760554 66.878537 66.082433 27.678593 28.634342 29.776666 31.085001 32.539329 
41.808042 74.484005 114.310312 129.872253 65.750548 65.986856 66.319674 66.747556 67.268689 5.080000 5.236344 5.679613 6.350000 0.000000 1.270000 2.540000 3.810000 75.438880 74.301129 73.233833 72.240113 71.323046 30.170678 30.631430 31.292209 32.140681 33.162443 
42.078199 74.635980 113.125638 128.830759 64.484087 64.725020 65.064292 65.500375 66.031352 5.236344 5.080000 5.236344 5.679613 1.270000 0.000000 1.270000 2.540000 74.314449 73.159214 72.075010 71.065088 70.132658 28.913862 29.394321 30.082286 30.963930 32.023261 
42.384704 74.809209 111.942834 127.793399 63.217769 63.463509 63.809489 64.254089 64.795280 5.679613 5.236344 5.080000 5.236344 2.540000 1.270000 0.000000 1.270000 73.194781 72.021589 70.919995 69.893386 68.945110 27.658251 28.160140 28.877523 29.794838 30.894281 
42.726774 75.003546 110.761962 126.760273 61.951601 62.202344 62.555299 63.008750 63.560545 6.350000 5.679613 5.236344 5.080000 3.810000 2.540000 1.270000 0.000000 72.080097 70.888459 69.768977 68.725176 67.760554 26.404015 26.929290 27.678593 28.634342 29.776666 
75.469189 132.291751 40.259456 115.872053 39.688098 42.226699 44.765459 47.304352 49.843358 73.233833 72.075010 70.919995 69.768977 75.438880 74.314449 73.194781 72.080097 0.000000 2.540000 5.080000 7.620000 10.160000 53.836365 55.706258 57.627453 59.594989 61.604426 
75.719234 130.210258 40.726252 113.489808 37.149688 39.688098 42.226699 44.765459 47.304352 72.240113 71.065088 69.893386 68.725176 74.301129 73.159214 72.021589 70.888459 2.540000 0.000000 2.540000 5.080000 7.620000 52.023306 53.836365 55.706258 57.627453 59.594989 
76.053333 128.145302 41.344100 111.114552 34.611511 37.149688 39.688098 42.226699 44.765459 71.323046 70.132658 68.945110 67.760554 73.233833 72.075010 70.919995 69.768977 5.080000 2.540000 0.000000 2.540000 5.080000 50.273232 52.023306 53.836365 55.706258 57.627453 
76.470384 126.097694 42.106352 108.746742 32.073622 34.611511 37.149688 39.688098 42.226699 70.485622 69.280847 68.078442 66.878537 72.240113 71.065088 69.893386 68.725176 7.620000 5.080000 2.540000 0.000000 2.540000 48.592947 50.273232 52.023306 53.836365 55.706258 
76.969040 124.068296 43.005329 106.386875 29.536097 32.073622 34.611511 37.149688 39.688098 69.730712 68.512663 67.296535 66.082433 71.323046 70.132658 68.945110 67.760554 10.160000 7.620000 5.080000 2.540000 0.000000 46.989938 48.592947 50.273232 52.023306 53.836365 
59.170548 79.528791 89.161943 103.795602 35.705503 35.839232 36.151368 36.637351 37.290383 31.292209 30.082286 28.877523 27.678593 30.170678 28.913862 27.658251 26.404015 53.836365 52.023306 50.273232 48.592947 46.989938 0.000000 2.540000 5.080000 7.620000 10.160000 
61.133780 77.309856 90.476723 102.105397 35.752182 35.705503 35.839232 36.151368 36.637351 32.140681 30.963930 29.794838 28.634342 30.631430 29.394321 28.160140 26.929290 55.706258 53.836365 52.023306 50.273232 48.592947 2.540000 0.000000 2.540000 5.080000 7.620000 
63.138161 75.111266 91.842941 100.450986 35.978567 35.752182 35.705503 35.839232 36.151368 33.162443 32.023261 30.894281 29.776666 31.292209 30.082286 28.877523 27.678593 57.627453 55.706258 53.836365 52.023306 50.273232 5.080000 2.540000 0.000000 2.540000 5.080000 
65.179898 72.934861 93.258337 98.834165 36.381303 35.978567 35.752182 35.705503 35.839232 34.342031 33.243295 32.157178 31.085001 32.140681 30.963930 29.794838 28.634342 59.594989 57.627453 55.706258 53.836365 52.023306 7.620000 5.080000 2.540000 0.000000 2.540000 
67.255586 70.782686 94.720706 97.256810 36.954626 36.381303 35.978567 35.752182 35.705503 35.663788 34.607042 33.565082 32.539329 33.162443 32.023261 30.894281 29.776666 61.604426 59.594989 57.627453 55.706258 53.836365 10.160000 7.620000 5.080000 2.540000 0.000000 
