28
# Circuit board instance
Size: medium
Nodes: 28
0.000000 90.000000 90.000000 127.279221 75.166604 75.737995 76.326241 76.930957 79.752275 80.291038 80.846163 81.417315 100.478481 101.535895 102.598132 103.665044 103.392987 104.420892 105.454073 106.492375 82.301649 83.224470 84.156338 85.096955 85.889778 86.774449 87.668590 88.571916 
90.000000 0.000000 127.279221 90.000000 40.264969 41.321825 42.390382 43.469777 37.646709 38.774994 39.911796 41.056406 90.145613 91.322749 92.502342 93.684298 88.351662 89.552382 90.754988 91.959406 68.109937 69.222211 70.339827 71.462535 65.787963 66.938831 68.093934 69.253061 
90.000000 127.279221 0.000000 90.000000 88.055963 87.243786 86.442636 85.652825 92.001411 91.224367 90.458479 89.704033 56.323194 56.189991 56.085237 56.009092 61.371711 61.249488 61.153401 61.083574 64.521217 63.930731 63.360202 62.810173 69.039699 68.488182 67.955926 67.443387 
127.279221 90.000000 90.000000 0.000000 61.033614 59.855889 58.682014 57.512223 59.338933 58.126882 56.917359 55.710527 34.678648 34.461886 34.290819 34.166135 29.705106 29.451761 29.251409 29.105145 45.037646 44.187561 43.358013 42.550205 41.442516 40.517072 39.610730 38.724831 
75.166604 40.264969 88.055963 61.033614 0.000000 1.270000 2.540000 3.810000 5.080000 5.236344 5.679613 6.350000 51.440575 52.679532 53.919933 55.161682 50.554098 51.814256 53.074884 54.335948 28.226082 29.408335 30.597621 31.793151 26.750770 27.995395 29.242202 30.490924 
75.737995 41.321825 87.243786 59.855889 1.270000 0.000000 1.270000 2.540000 5.236344 5.080000 5.236344 5.679613 50.203169 51.440575 52.679532 53.919933 49.294444 50.554098 51.814256 53.074884 27.051785 28.226082 29.408335 30.597621 25.508647 26.750770 27.995395 29.242202 
76.326241 42.390382 86.442636 58.682014 2.540000 1.270000 0.000000 1.270000 5.679613 5.236344 5.080000 5.236344 48.967432 50.203169 51.440575 52.679532 48.035336 49.294444 50.554098 51.814256 25.886526 27.051785 28.226082 29.408335 24.269409 25.508647 26.750770 27.995395 
76.930957 43.469777 85.652825 57.512223 3.810000 2.540000 1.270000 0.000000 6.350000 5.679613 5.236344 5.080000 47.733494 48.967432 50.203169 51.440575 46.776816 48.035336 49.294444 50.554098 24.731583 25.886526 27.051785 28.226082 23.033523 24.269409 25.508647 26.750770 
79.752275 37.646709 92.001411 59.338933 5.080000 5.236344 5.679613 6.350000 0.000000 1.270000 2.540000 3.810000 52.803044 54.010756 55.221264 56.434386 51.440575 52.679532 53.919933 55.161682 30.486596 31.584347 32.694574 33.816050 28.226082 29.408335 30.597621 31.793151 
80.291038 38.774994 91.224367 58.126882 5.236344 5.080000 5.236344 5.679613 1.270000 0.000000 1.270000 2.540000 51.598323 52.803044 54.010756 55.221264 50.203169 51.440575 52.679532 53.919933 29.402719 30.486596 31.584347 32.694574 27.051785 28.226082 29.408335 30.597621 
80.846163 39.911796 90.458479 56.917359 5.679613 5.236344 5.080000 5.236344 2.540000 1.270000 0.000000 1.270000 50.396807 51.598323 52.803044 54.010756 48.967432 50.203169 51.440575 52.679532 28.334308 29.402719 30.486596 31.584347 25.886526 27.051785 28.226082 29.408335 
81.417315 41.056406 89.704033 55.710527 6.350000 5.679613 5.236344 5.080000 3.810000 2.540000 1.270000 0.000000 49.198732 50.396807 51.598323 52.803044 47.733494 48.967432 50.203169 51.440575 27.283182 28.334308 29.402719 30.486596 24.731583 25.886526 27.051785 28.226082 
100.478481 90.145613 56.323194 34.678648 51.440575 50.203169 48.967432 47.733494 52.803044 51.598323 50.396807 49.198732 0.000000 1.270000 2.540000 3.810000 5.080000 5.236344 5.679613 6.350000 23.978891 22.709870 21.440965 20.172198 24.700233 23.470248 22.244759 21.024555 
101.535895 91.322749 56.189991 34.461886 52.679532 51.440575 50.203169 48.967432 54.010756 52.803044 51.598323 50.396807 1.270000 0.000000 1.270000 2.540000 5.236344 5.080000 5.236344 5.679613 25.248010 23.978891 22.709870 21.440965 25.934077 24.700233 23.470248 22.244759 
102.598132 92.502342 56.085237 34.290819 53.919933 52.679532 51.440575 50.203169 55.221264 54.010756 52.803044 51.598323 2.540000 1.270000 0.000000 1.270000 5.679613 5.236344 5.080000 5.236344 26.517214 25.248010 23.978891 22.709870 27.171252 25.934077 24.700233 23.470248 
103.665044 93.684298 56.009092 34.166135 55.161682 53.919933 52.679532 51.440575 56.434386 55.221264 54.010756 52.803044 3.810000 2.540000 1.270000 0.000000 6.350000 5.679613 5.236344 5.080000 27.786490 26.517214 25.248010 23.978891 28.411325 27.171252 25.934077 24.700233 
103.392987 88.351662 61.371711 29.705106 50.554098 49.294444 48.035336 46.776816 51.440575 50.203169 48.967432 47.733494 5.080000 5.236344 5.679613 6.350000 0.000000 1.270000 2.540000 3.810000 24.320478 23.070255 21.822315 20.577075 23.978891 22.709870 21.440965 20.172198 
104.420892 89.552382 61.249488 29.451761 51.814256 50.554098 49.294444 48.035336 52.679532 51.440575 50.203169 48.967432 5.236344 5.080000 5.236344 5.679613 1.270000 0.000000 1.270000 2.540000 25.572651 24.320478 23.070255 21.822315 25.248010 23.978891 22.709870 21.440965 
105.454073 90.754988 61.153401 29.251409 53.074884 51.814256 50.554098 49.294444 53.919933 52.679532 51.440575 50.203169 5.679613 5.236344 5.080000 5.236344 2.540000 1.270000 0.000000 1.270000 26.826500 25.572651 24.320478 23.070255 26.517214 25.248010 23.978891 22.709870 
106.492375 91.959406 61.083574 29.105145 54.335948 53.074884 51.814256 50.554098 55.161682 53.919933 52.679532 51.440575 6.350000 5.679613 5.236344 5.080000 3.810000 2.540000 1.270000 0.000000 28.081800 26.826500 25.572651 24.320478 27.786490 26.517214 25.248010 23.978891 
82.301649 68.109937 64.521217 45.037646 28.226082 27.051785 25.886526 24.731583 30.486596 29.402719 28.334308 27.283182 23.978891 25.248010 26.517214 27.786490 24.320478 25.572651 26.826500 28.081800 0.000000 1.270000 2.540000 3.810000 5.080000 5.236344 5.679613 6.350000 
83.224470 69.222211 63.930731 44.187561 29.408335 28.226082 27.051785 25.886526 31.584347 30.486596 29.402719 28.334308 22.709870 23.978891 25.248010 26.517214 23.070255 24.320478 25.572651 26.826500 1.270000 0.000000 1.270000 2.540000 5.236344 5.080000 5.236344 5.679613 
84.156338 70.339827 63.360202 43.358013 30.597621 29.408335 28.226082 27.051785 32.694574 31.584347 30.486596 29.402719 21.440965 22.709870 23.978891 25.248010 21.822315 23.070255 24.320478 25.572651 2.540000 1.270000 0.000000 1.270000 5.679613 5.236344 5.080000 5.236344 
85.096955 71.462535 62.810173 42.550205 31.793151 30.597621 29.408335 28.226082 33.816050 32.694574 31.584347 30.486596 20.172198 21.440965 22.709870 23.978891 20.577075 21.822315 23.070255 24.320478 3.810000 2.540000 1.270000 0.000000 6.350000 5.679613 5.236344 5.080000 
85.889778 65.787963 69.039699 41.442516 26.750770 25.508647 24.269409 23.033523 28.226082 27.051785 25.886526 24.731583 24.700233 25.934077 27.171252 28.411325 23.978891 25.248010 26.517214 27.786490 5.080000 5.236344 5.679613 6.350000 0.000000 1.270000 2.540000 3.810000 
86.774449 66.938831 68.488182 40.517072 27.995395 26.750770 25.508647 24.269409 29.408335 28.226082 27.051785 25.886526 23.470248 24.700233 25.934077 27.171252 22.709870 23.978891 25.248010 26.517214 5.236344 5.080000 5.236344 5.679613 1.270000 0.000000 1.270000 2.540000 
87.668590 68.093934 67.955926 39.610730 29.242202 27.995395 26.750770 25.508647 30.597621 29.408335 28.226082 27.051785 22.244759 23.470248 24.700233 25.934077 21.440965 22.709870 23.978891 25.248010 5.679613 5.236344 5.080000 5.236344 2.540000 1.270000 0.000000 1.270000 
88.571916 69.253061 67.443387 38.724831 30.490924 29.242202 27.995395 26.750770 31.793151 30.597621 29.408335 28.226082 21.024555 22.244759 23.470248 24.700233 20.172198 21.440965 22.709870 23.978891 6.350000 5.679613 5.236344 5.080000 3.810000 2.540000 1.270000 0.000000 
