26
# Circuit board instance
Size: medium
Nodes: 26
0.000000 40.000000 40.000000 56.568542 21.810645 23.051259 24.294911 25.541156 23.457020 24.614795 25.783139 26.960679 36.352216 37.674684 39.117557 40.668020 42.314249 44.045507 45.852164 43.137699 44.257872 45.492425 46.832311 48.268759 49.793415 51.398428 
40.000000 0.000000 56.568542 40.000000 41.134815 41.805853 42.504253 43.228688 36.880897 37.627874 38.402332 39.202641 19.872241 22.199193 24.568387 26.968690 29.392483 31.834401 34.290572 18.018973 20.556790 23.095087 25.633722 28.172602 30.711668 33.250876 
40.000000 56.568542 0.000000 40.000000 19.327403 18.099857 16.878595 15.665086 21.167807 20.053239 18.958232 17.886377 38.488690 37.095518 35.828465 34.701348 33.728198 32.922673 32.297316 44.952828 43.765911 42.697264 41.755969 40.950810 40.289947 39.780574 
56.568542 40.000000 40.000000 0.000000 39.873767 39.293430 38.746042 38.233019 35.468928 34.815244 34.196248 33.613856 23.554227 21.201412 18.897124 16.661510 14.526312 12.542917 10.795322 22.013157 19.475043 16.937495 14.400811 11.865546 9.332856 6.805617 
21.810645 41.134815 19.327403 39.873767 0.000000 1.270000 2.540000 3.810000 5.080000 5.236344 5.679613 6.350000 26.986369 26.796930 26.847532 27.136834 27.657344 28.396352 29.337351 34.562405 34.414694 34.454110 34.680015 35.088807 35.674199 36.427680 
23.051259 41.805853 18.099857 39.293430 1.270000 0.000000 1.270000 2.540000 5.236344 5.080000 5.236344 5.679613 27.169784 26.861811 26.792160 26.962677 27.368875 28.000497 28.842739 34.705804 34.465237 34.410980 34.543909 34.861885 35.359914 36.030533 
24.294911 42.504253 16.878595 38.746042 2.540000 1.270000 0.000000 1.270000 5.679613 5.236344 5.080000 5.236344 27.410874 26.986369 26.796930 26.847532 27.136834 27.657344 28.396352 34.894866 34.562405 34.414694 34.454110 34.680015 35.088807 35.674199 
25.541156 43.228688 15.665086 38.233019 3.810000 2.540000 1.270000 0.000000 6.350000 5.679613 5.236344 5.080000 27.708133 27.169784 26.861811 26.792160 26.962677 27.368875 28.000497 35.128853 34.705804 34.465237 34.410980 34.543909 34.861885 35.359914 
23.457020 36.880897 21.167807 35.468928 5.080000 5.236344 5.679613 6.350000 0.000000 1.270000 2.540000 3.810000 21.952593 21.719292 21.781694 22.137297 22.772371 23.664425 24.785729 29.509199 29.336056 29.382285 29.646862 30.124033 30.803920 31.673472 
24.614795 37.627874 20.053239 34.815244 5.236344 5.080000 5.236344 5.679613 1.270000 0.000000 1.270000 2.540000 22.177677 21.799291 21.713407 21.923462 22.421140 23.187929 24.198260 29.677026 29.395333 29.331698 29.487534 29.859404 30.439391 31.215898 
25.783139 38.402332 18.958232 34.196248 5.679613 5.236344 5.080000 5.236344 2.540000 1.270000 0.000000 1.270000 22.472387 21.952593 21.719292 21.781694 22.137297 22.772371 23.664425 29.897904 29.509199 29.336056 29.382285 29.646862 30.124033 30.803920 
26.960679 39.202641 17.886377 33.613856 6.350000 5.679613 5.236344 5.080000 3.810000 2.540000 1.270000 0.000000 22.834028 22.177677 21.799291 21.713407 21.923462 22.421140 23.187929 30.170670 29.677026 29.395333 29.331698 29.487534 29.859404 30.439391 
36.352216 19.872241 38.488690 23.554227 26.986369 27.169784 27.410874 27.708133 21.952593 22.177677 22.472387 22.834028 0.000000 2.540000 5.080000 7.620000 10.160000 12.700000 15.240000 7.620000 8.032185 9.158100 10.776307 12.700000 14.810618 17.038838 
37.674684 22.199193 37.095518 21.201412 26.796930 26.861811 26.986369 27.169784 21.719292 21.799291 21.952593 22.177677 2.540000 0.000000 2.540000 5.080000 7.620000 10.160000 12.700000 8.032185 7.620000 8.032185 9.158100 10.776307 12.700000 14.810618 
39.117557 24.568387 35.828465 18.897124 26.847532 26.792160 26.796930 26.861811 21.781694 21.713407 21.719292 21.799291 5.080000 2.540000 0.000000 2.540000 5.080000 7.620000 10.160000 9.158100 8.032185 7.620000 8.032185 9.158100 10.776307 12.700000 
40.668020 26.968690 34.701348 16.661510 27.136834 26.962677 26.847532 26.792160 22.137297 21.923462 21.781694 21.713407 7.620000 5.080000 2.540000 0.000000 2.540000 5.080000 7.620000 10.776307 9.158100 8.032185 7.620000 8.032185 9.158100 10.776307 
42.314249 29.392483 33.728198 14.526312 27.657344 27.368875 27.136834 26.962677 22.772371 22.421140 22.137297 21.923462 10.160000 7.620000 5.080000 2.540000 0.000000 2.540000 5.080000 12.700000 10.776307 9.158100 8.032185 7.620000 8.032185 9.158100 
44.045507 31.834401 32.922673 12.542917 28.396352 28.000497 27.657344 27.368875 23.664425 23.187929 22.772371 22.421140 12.700000 10.160000 7.620000 5.080000 2.540000 0.000000 2.540000 14.810618 12.700000 10.776307 9.158100 8.032185 7.620000 8.032185 
45.852164 34.290572 32.297316 10.795322 29.337351 28.842739 28.396352 28.000497 24.785729 24.198260 23.664425 23.187929 15.240000 12.700000 10.160000 7.620000 5.080000 2.540000 0.000000 17.038838 14.810618 12.700000 10.776307 9.158100 8.032185 7.620000 
43.137699 18.018973 44.952828 22.013157 34.562405 34.705804 34.894866 35.128853 29.509199 29.677026 29.897904 30.170670 7.620000 8.032185 9.158100 10.776307 12.700000 14.810618 17.038838 0.000000 2.540000 5.080000 7.620000 10.160000 12.700000 15.240000 
44.257872 20.556790 43.765911 19.475043 34.414694 34.465237 34.562405 34.705804 29.336056 29.395333 29.509199 29.677026 8.032185 7.620000 8.032185 9.158100 10.776307 12.700000 14.810618 2.540000 0.000000 2.540000 5.080000 7.620000 10.160000 12.700000 
45.492425 23.095087 42.697264 16.937495 34.454110 34.410980 34.414694 34.465237 29.382285 29.331698 29.336056 29.395333 9.158100 8.032185 7.620000 8.032185 9.158100 10.776307 12.700000 5.080000 2.540000 0.000000 2.540000 5.080000 7.620000 10.160000 
46.832311 25.633722 41.755969 14.400811 34.680015 34.543909 34.454110 34.410980 29.646862 29.487534 29.382285 29.331698 10.776307 9.158100 8.032185 7.620000 8.032185 9.158100 10.776307 7.620000 5.080000 2.540000 0.000000 2.540000 5.080000 7.620000 
48.268759 28.172602 40.950810 11.865546 35.088807 34.861885 34.680015 34.543909 30.124033 29.859404 29.646862 29.487534 12.700000 10.776307 9.158100 8.032185 7.620000 8.032185 9.158100 10.160000 7.620000 5.080000 2.540000 0.000000 2.540000 5.080000 
49.793415 30.711668 40.289947 9.332856 35.674199 35.359914 35.088807 34.861885 30.803920 30.439391 30.124033 29.859404 14.810618 12.700000 10.776307 9.158100 8.032185 7.620000 8.032185 12.700000 10.160000 7.620000 5.080000 2.540000 0.000000 2.540000 
51.398428 33.250876 39.780574 6.805617 36.427680 36.030533 35.674199 35.359914 31.673472 31.215898 30.803920 30.439391 17.038838 14.810618 12.700000 10.776307 9.158100 8.032185 7.620000 15.240000 12.700000 10.160000 7.620000 5.080000 2.540000 0.000000 
