31
# Circuit board instance
Size: medium
Nodes: 31
0.000000 90.000000 90.000000 127.279221 7.343733 8.586135 10.315823 12.329392 14.509128 47.479406 49.227716 51.042583 52.917159 54.845322 56.821618 58.841195 53.354838 54.916416 56.549006 58.246635 60.003784 61.815378 63.676770 90.350246 91.516284 92.685054 93.856454 92.493559 93.632909 94.775581 95.921455 
90.000000 0.000000 127.279221 90.000000 87.642821 85.110841 82.579355 80.048407 77.518052 63.582349 64.898298 66.285491 67.739551 69.256266 70.831612 72.461765 57.127575 58.588684 60.121636 61.721079 63.381978 65.099632 66.869665 98.880775 99.947340 101.018611 102.094440 96.202386 97.298316 98.398432 99.502594 
90.000000 127.279221 0.000000 90.000000 83.183256 83.302133 83.498143 83.770744 84.119192 67.764896 65.604537 63.472297 61.371108 59.304271 57.275505 55.289000 72.003652 69.974281 67.979241 66.021646 64.104924 62.232855 60.409587 36.733683 36.507899 36.325139 36.186055 41.728347 41.529726 41.369158 41.247085 
127.279221 90.000000 90.000000 0.000000 120.610064 118.782907 116.982364 115.209683 113.466171 79.878046 78.053676 76.270266 74.530759 72.838298 71.196239 69.608150 74.842147 72.891845 70.978858 69.106286 67.277503 65.496177 63.766287 54.438994 54.286898 54.164161 54.070983 49.407445 49.239809 49.104459 49.001660 
7.343733 87.642821 83.183256 120.610064 0.000000 2.540000 5.080000 7.620000 10.160000 41.048487 42.652229 44.343548 46.112808 47.951382 49.851602 51.806685 47.301205 48.699470 50.187408 51.757286 53.401879 55.114498 56.888999 83.014441 84.178624 85.345826 86.515923 85.185735 86.320640 87.459260 88.601451 
8.586135 85.110841 83.302133 118.782907 2.540000 0.000000 2.540000 5.080000 7.620000 39.072277 40.753861 42.520757 44.362772 46.270936 48.237400 50.255319 45.170332 46.632534 48.184342 49.817383 51.523932 53.296930 55.129966 82.025278 83.203303 84.383996 85.567247 84.068733 85.218515 86.371665 87.528050 
10.315823 82.579355 83.498143 116.982364 5.080000 2.540000 0.000000 2.540000 5.080000 37.164641 38.928716 40.774778 42.692192 44.671772 46.705615 48.786933 43.083837 44.614475 46.234067 47.933597 49.704866 51.540478 53.433803 81.103626 82.294845 83.488387 84.684153 83.014441 84.178624 85.345826 86.515923 
12.329392 80.048407 83.770744 115.209683 7.620000 5.080000 2.540000 0.000000 2.540000 35.336687 37.187576 39.115897 41.110755 43.162926 45.264615 47.409237 41.048487 42.652229 44.343548 46.112808 47.951382 49.851602 51.806685 80.251812 81.455489 82.661151 83.868712 82.025278 83.203303 84.383996 85.567247 
14.509128 77.518052 84.119192 113.466171 10.160000 7.620000 5.080000 2.540000 0.000000 33.601422 35.542790 37.555659 39.629134 41.754189 43.923336 46.130357 39.072277 40.753861 42.520757 44.362772 46.270936 48.237400 50.255319 79.472081 80.687391 81.904360 83.122916 81.103626 82.294845 83.488387 84.684153 
47.479406 63.582349 67.764896 79.878046 41.048487 39.072277 37.164641 35.336687 33.601422 0.000000 2.540000 5.080000 7.620000 10.160000 12.700000 15.240000 7.620000 8.032185 9.158100 10.776307 12.700000 14.810618 17.038838 50.851378 52.121154 53.390940 54.660736 51.200592 52.461916 53.723649 54.985762 
49.227716 64.898298 65.604537 78.053676 42.652229 40.753861 38.928716 37.187576 35.542790 2.540000 0.000000 2.540000 5.080000 7.620000 10.160000 12.700000 8.032185 7.620000 8.032185 9.158100 10.776307 12.700000 14.810618 48.311862 49.581614 50.851378 52.121154 48.679297 49.939707 51.200592 52.461916 
51.042583 66.285491 63.472297 76.270266 44.343548 42.520757 40.774778 39.115897 37.555659 5.080000 2.540000 0.000000 2.540000 5.080000 7.620000 10.160000 9.158100 8.032185 7.620000 8.032185 9.158100 10.776307 12.700000 45.772400 47.042124 48.311862 49.581614 46.160053 47.419398 48.679297 49.939707 
52.917159 67.739551 61.371108 74.530759 46.112808 44.362772 42.692192 41.110755 39.629134 7.620000 5.080000 2.540000 0.000000 2.540000 5.080000 7.620000 10.776307 9.158100 8.032185 7.620000 8.032185 9.158100 10.776307 43.233001 44.502692 45.772400 47.042124 43.643216 44.901309 46.160053 47.419398 
54.845322 69.256266 59.304271 72.838298 47.951382 46.270936 44.671772 43.162926 41.754189 10.160000 7.620000 5.080000 2.540000 0.000000 2.540000 5.080000 12.700000 10.776307 9.158100 8.032185 7.620000 8.032185 9.158100 40.693677 41.963329 43.233001 44.502692 41.129227 42.385834 43.643216 44.901309 
56.821618 70.831612 57.275505 71.196239 49.851602 48.237400 46.705615 45.264615 43.923336 12.700000 10.160000 7.620000 5.080000 2.540000 0.000000 2.540000 14.810618 12.700000 10.776307 9.158100 8.032185 7.620000 8.032185 38.154443 39.424048 40.693677 41.963329 38.618641 39.873468 41.129227 42.385834 
58.841195 72.461765 55.289000 69.608150 51.806685 50.255319 48.786933 47.409237 46.130357 15.240000 12.700000 10.160000 7.620000 5.080000 2.540000 0.000000 17.038838 14.810618 12.700000 10.776307 9.158100 8.032185 7.620000 35.615319 36.884866 38.154443 39.424048 36.112170 37.364840 38.618641 39.873468 
53.354838 57.127575 72.003652 74.842147 47.301205 45.170332 43.083837 41.048487 39.072277 7.620000 8.032185 9.158100 10.776307 12.700000 14.810618 17.038838 0.000000 2.540000 5.080000 7.620000 10.160000 12.700000 15.240000 51.275528 52.535053 53.795071 55.055547 50.866477 52.135885 53.405321 54.674784 
54.916416 58.588684 69.974281 72.891845 48.699470 46.632534 44.614475 42.652229 40.753861 8.032185 7.620000 8.032185 9.158100 10.776307 12.700000 14.810618 2.540000 0.000000 2.540000 5.080000 7.620000 10.160000 12.700000 48.758109 50.016533 51.275528 52.535053 48.327755 49.597100 50.866477 52.135885 
56.549006 60.121636 67.979241 70.978858 50.187408 48.184342 46.234067 44.343548 42.520757 9.158100 8.032185 7.620000 8.032185 9.158100 10.776307 12.700000 5.080000 2.540000 0.000000 2.540000 5.080000 7.620000 10.160000 46.243159 47.500301 48.758109 50.016533 45.789174 47.058445 48.327755 49.597100 
58.246635 61.721079 66.021646 69.106286 51.757286 49.817383 47.933597 46.112808 44.362772 10.776307 9.158100 8.032185 7.620000 8.032185 9.158100 10.776307 7.620000 5.080000 2.540000 0.000000 2.540000 5.080000 7.620000 43.731105 44.986740 46.243159 47.500301 43.250760 44.519944 45.789174 47.058445 
60.003784 63.381978 64.104924 67.277503 53.401879 51.523932 49.704866 47.951382 46.270936 12.700000 10.776307 9.158100 8.032185 7.620000 8.032185 9.158100 10.160000 7.620000 5.080000 2.540000 0.000000 2.540000 5.080000 41.222476 42.476324 43.731105 44.986740 40.712544 41.981625 43.250760 44.519944 
61.815378 65.099632 62.232855 65.496177 55.114498 53.296930 51.540478 49.851602 48.237400 14.810618 12.700000 10.776307 9.158100 8.032185 7.620000 8.032185 12.700000 10.160000 7.620000 5.080000 2.540000 0.000000 2.540000 38.717937 39.969647 41.222476 42.476324 38.174565 39.443522 40.712544 41.981625 
63.676770 66.869665 60.409587 63.766287 56.888999 55.129966 53.433803 51.806685 50.255319 17.038838 14.810618 12.700000 10.776307 9.158100 8.032185 7.620000 15.240000 12.700000 10.160000 7.620000 5.080000 2.540000 0.000000 36.218339 37.467459 38.717937 39.969647 35.636874 36.905679 38.174565 39.443522 
90.350246 98.880775 36.733683 54.438994 83.014441 82.025278 81.103626 80.251812 79.472081 50.851378 48.311862 45.772400 43.233001 40.693677 38.154443 35.615319 51.275528 48.758109 46.243159 43.731105 41.222476 38.717937 36.218339 0.000000 1.270000 2.540000 3.810000 5.080000 5.236344 5.679613 6.350000 
91.516284 99.947340 36.507899 54.286898 84.178624 83.203303 82.294845 81.455489 80.687391 52.121154 49.581614 47.042124 44.502692 41.963329 39.424048 36.884866 52.535053 50.016533 47.500301 44.986740 42.476324 39.969647 37.467459 1.270000 0.000000 1.270000 2.540000 5.236344 5.080000 5.236344 5.679613 
92.685054 101.018611 36.325139 54.164161 85.345826 84.383996 83.488387 82.661151 81.904360 53.390940 50.851378 48.311862 45.772400 43.233001 40.693677 38.154443 53.795071 51.275528 48.758109 46.243159 43.731105 41.222476 38.717937 2.540000 1.270000 0.000000 1.270000 5.679613 5.236344 5.080000 5.236344 
93.856454 102.094440 36.186055 54.070983 86.515923 85.567247 84.684153 83.868712 83.122916 54.660736 52.121154 49.581614 47.042124 44.502692 41.963329 39.424048 55.055547 52.535053 50.016533 47.500301 44.986740 42.476324 39.969647 3.810000 2.540000 1.270000 0.000000 6.350000 5.679613 5.236344 5.080000 
92.493559 96.202386 41.728347 49.407445 85.185735 84.068733 83.014441 82.025278 81.103626 51.200592 48.679297 46.160053 43.643216 41.129227 38.618641 36.112170 50.866477 48.327755 45.789174 43.250760 40.712544 38.174565 35.636874 5.080000 5.236344 5.679613 6.350000 0.000000 1.270000 2.540000 3.810000 
93.632909 97.298316 41.529726 49.239809 86.320640 85.218515 84.178624 83.203303 82.294845 52.461916 49.939707 47.419398 44.901309 42.385834 39.873468 37.364840 52.135885 49.597100 47.058445 44.519944 41.981625 39.443522 36.905679 5.236344 5.080000 5.236344 5.679613 1.270000 0.000000 1.270000 2.540000 
94.775581 98.398432 41.369158 49.104459 87.459260 86.371665 85.345826 84.383996 83.488387 53.723649 51.200592 48.679297 46.160053 43.643216 41.129227 38.618641 53.405321 50.866477 48.327755 45.789174 43.250760 40.712544 38.174565 5.679613 5.236344 5.080000 5.236344 2.540000 1.270000 0.000000 1.270000 
95.921455 99.502594 41.247085 49.001660 88.601451 87.528050 86.515923 85.567247 84.684153 54.985762 52.461916 49.939707 47.419398 44.901309 42.385834 39.873468 54.674784 52.135885 49.597100 47.058445 44.519944 41.981625 39.443522 6.350000 5.679613 5.236344 5.080000 3.810000 2.540000 1.270000 0.000000 
