26
# Circuit board instance
Size: medium
Nodes: 26
0.000000 40.000000 40.000000 56.568542 31.080951 32.339838 33.599561 34.860030 32.161342 33.379507 34.601400 35.826639 8.100107 9.762178 11.742730 13.906347 16.179755 18.522572 20.911482 15.018486 15.976336 17.257894 18.797066 20.536009 22.428305 24.438356 
40.000000 0.000000 56.568542 40.000000 47.235820 48.073509 48.929824 49.803804 43.510333 44.418337 45.343732 46.285475 33.627592 34.066161 34.685659 35.476608 36.427842 37.527175 38.762008 26.099006 26.661705 27.448827 28.441746 29.619772 30.961784 32.447442 
40.000000 56.568542 0.000000 40.000000 10.109058 8.968424 7.867529 6.825628 13.058308 12.196680 11.411590 10.719867 36.051048 33.558403 31.073430 28.598126 26.135241 23.688647 21.263969 38.204990 35.862371 33.548491 31.269730 29.034359 26.853215 24.740646 
56.568542 40.000000 40.000000 0.000000 36.978240 36.682827 36.429318 36.218592 32.082964 31.742025 31.448713 31.204370 48.630045 46.812067 45.063968 43.394194 41.812128 40.328095 38.953300 43.763277 41.733833 39.763104 37.860259 36.036054 34.303038 32.675722 
31.080951 47.235820 10.109058 36.978240 0.000000 1.270000 2.540000 3.810000 5.080000 5.236344 5.679613 6.350000 26.342625 23.815309 21.291011 18.770950 16.257097 13.752855 11.264637 28.108667 25.755236 23.440785 21.178098 18.985691 16.890953 14.935036 
32.339838 48.073509 8.968424 36.682827 1.270000 0.000000 1.270000 2.540000 5.236344 5.080000 5.236344 5.679613 27.607156 25.078647 22.552719 20.030351 17.513081 15.003473 12.506144 29.297070 26.927714 24.592446 22.301978 20.071653 17.923936 15.892353 
33.599561 48.929824 7.867529 36.429318 2.540000 1.270000 0.000000 1.270000 5.679613 5.236344 5.080000 5.236344 28.872168 26.342625 23.815309 21.291011 18.770950 16.257097 13.752855 30.492053 28.108667 25.755236 23.440785 21.178098 18.985691 16.890953 
34.860030 49.803804 6.825628 36.218592 3.810000 2.540000 1.270000 0.000000 6.350000 5.679613 5.236344 5.080000 30.137599 27.607156 25.078647 22.552719 20.030351 17.513081 15.003473 31.692872 29.297070 26.927714 24.592446 22.301978 20.071653 17.923936 
32.161342 43.510333 13.058308 32.082964 5.080000 5.236344 5.679613 6.350000 0.000000 1.270000 2.540000 3.810000 26.350352 23.823856 21.300571 18.781793 16.269615 13.767650 11.282696 26.703654 24.214048 21.736107 19.274330 16.835808 14.432333 12.084836 
33.379507 44.418337 12.196680 31.742025 5.236344 5.080000 5.236344 5.679613 1.270000 0.000000 1.270000 2.540000 27.614530 25.086763 22.561744 20.040512 17.524701 15.017036 12.522412 27.951857 25.457606 22.973384 20.502833 18.051571 15.628673 13.249712 
34.601400 45.343732 11.411590 31.448713 5.679613 5.236344 5.080000 5.236344 2.540000 1.270000 0.000000 1.270000 28.879218 26.350352 23.823856 21.300571 18.781793 16.269615 13.767650 29.201940 26.703654 24.214048 21.736107 19.274330 16.835808 14.432333 
35.826639 46.285475 10.719867 31.204370 6.350000 5.679613 5.236344 5.080000 3.810000 2.540000 1.270000 0.000000 30.144353 27.614530 25.086763 22.561744 20.040512 17.524701 15.017036 30.453671 27.951857 25.457606 22.973384 20.502833 18.051571 15.628673 
8.100107 33.627592 36.051048 48.630045 26.342625 27.607156 28.872168 30.137599 26.350352 27.614530 28.879218 30.144353 0.000000 2.540000 5.080000 7.620000 10.160000 12.700000 15.240000 7.620000 8.032185 9.158100 10.776307 12.700000 14.810618 17.038838 
9.762178 34.066161 33.558403 46.812067 23.815309 25.078647 26.342625 27.607156 23.823856 25.086763 26.350352 27.614530 2.540000 0.000000 2.540000 5.080000 7.620000 10.160000 12.700000 8.032185 7.620000 8.032185 9.158100 10.776307 12.700000 14.810618 
11.742730 34.685659 31.073430 45.063968 21.291011 22.552719 23.815309 25.078647 21.300571 22.561744 23.823856 25.086763 5.080000 2.540000 0.000000 2.540000 5.080000 7.620000 10.160000 9.158100 8.032185 7.620000 8.032185 9.158100 10.776307 12.700000 
13.906347 35.476608 28.598126 43.394194 18.770950 20.030351 21.291011 22.552719 18.781793 20.040512 21.300571 22.561744 7.620000 5.080000 2.540000 0.000000 2.540000 5.080000 7.620000 10.776307 9.158100 8.032185 7.620000 8.032185 9.158100 10.776307 
16.179755 36.427842 26.135241 41.812128 16.257097 17.513081 18.770950 20.030351 16.269615 17.524701 18.781793 20.040512 10.160000 7.620000 5.080000 2.540000 0.000000 2.540000 5.080000 12.700000 10.776307 9.158100 8.032185 7.620000 8.032185 9.158100 
18.522572 37.527175 23.688647 40.328095 13.752855 15.003473 16.257097 17.513081 13.767650 15.017036 16.269615 17.524701 12.700000 10.160000 7.620000 5.080000 2.540000 0.000000 2.540000 14.810618 12.700000 10.776307 9.158100 8.032185 7.620000 8.032185 
20.911482 38.762008 21.263969 38.953300 11.264637 12.506144 13.752855 15.003473 11.282696 12.522412 13.767650 15.017036 15.240000 12.700000 10.160000 7.620000 5.080000 2.540000 0.000000 17.038838 14.810618 12.700000 10.776307 9.158100 8.032185 7.620000 
15.018486 26.099006 38.204990 43.763277 28.108667 29.297070 30.492053 31.692872 26.703654 27.951857 29.201940 30.453671 7.620000 8.032185 9.158100 10.776307 12.700000 14.810618 17.038838 0.000000 2.540000 5.080000 7.620000 10.160000 12.700000 15.240000 
15.976336 26.661705 35.862371 41.733833 25.755236 26.927714 28.108667 29.297070 24.214048 25.457606 26.703654 27.951857 8.032185 7.620000 8.032185 9.158100 10.776307 12.700000 14.810618 2.540000 0.000000 2.540000 5.080000 7.620000 10.160000 12.700000 
17.257894 27.448827 33.548491 39.763104 23.440785 24.592446 25.755236 26.927714 21.736107 22.973384 24.214048 25.457606 9.158100 8.032185 7.620000 8.032185 9.158100 10.776307 12.700000 5.080000 2.540000 0.000000 2.540000 5.080000 7.620000 10.160000 
18.797066 28.441746 31.269730 37.860259 21.178098 22.301978 23.440785 24.592446 19.274330 20.502833 21.736107 22.973384 10.776307 9.158100 8.032185 7.620000 8.032185 9.158100 10.776307 7.620000 5.080000 2.540000 0.000000 2.540000 5.080000 7.620000 
20.536009 29.619772 29.034359 36.036054 18.985691 20.071653 21.178098 22.301978 16.835808 18.051571 19.274330 20.502833 12.700000 10.776307 9.158100 8.032185 7.620000 8.032185 9.158100 10.160000 7.620000 5.080000 2.540000 0.000000 2.540000 5.080000 
22.428305 30.961784 26.853215 34.303038 16.890953 17.923936 18.985691 20.071653 14.432333 15.628673 16.835808 18.051571 14.810618 12.700000 10.776307 9.158100 8.032185 7.620000 8.032185 12.700000 10.160000 7.620000 5.080000 2.540000 0.000000 2.540000 
24.438356 32.447442 24.740646 32.675722 14.935036 15.892353 16.890953 17.923936 12.084836 13.249712 14.432333 15.628673 17.038838 14.810618 12.700000 10.776307 9.158100 8.032185 7.620000 15.240000 12.700000 10.160000 7.620000 5.080000 2.540000 0.000000 
