26
# Circuit board instance
Size: medium
Nodes: 26
0.000000 40.000000 40.000000 56.568542 11.392659 12.560490 13.746452 14.946229 14.260049 15.209281 16.202508 17.232124 20.846202 23.015864 25.254684 27.545805 29.877196 32.240123 34.628130 25.809275 27.591385 29.484803 31.469444 33.529112 35.650807 37.824092 
40.000000 0.000000 56.568542 40.000000 36.794144 37.172332 37.589643 38.044791 31.952548 32.387321 32.865447 33.385063 33.523945 34.914477 36.429244 38.053411 39.773579 41.577833 43.455703 27.309511 28.999573 30.806563 32.711108 34.697148 36.751473 38.863256 
40.000000 56.568542 0.000000 40.000000 29.992434 28.738812 27.486694 26.236295 31.194589 29.991259 28.793657 27.602527 25.248543 23.009885 20.840439 18.764226 16.815815 15.044943 13.521545 29.479543 27.586398 25.804620 24.158863 22.678760 21.398711 20.356491 
56.568542 40.000000 40.000000 0.000000 46.082127 45.276215 44.491962 43.730533 42.316885 41.437808 40.579441 39.743123 36.424987 34.910536 33.520361 32.270527 31.177915 30.259561 29.531727 30.801529 28.994828 27.305112 25.755415 24.372462 23.186107 22.227853 
11.392659 36.794144 29.992434 46.082127 0.000000 1.270000 2.540000 3.810000 5.080000 5.236344 5.679613 6.350000 9.740590 11.718545 13.880660 16.153152 18.495382 20.883897 23.304471 15.962729 17.241054 18.777709 20.514725 22.405552 24.414479 26.514675 
12.560490 37.172332 28.738812 45.276215 1.270000 0.000000 1.270000 2.540000 5.236344 5.080000 5.236344 5.679613 8.859750 10.699944 12.782238 15.006186 17.317299 19.684899 22.090832 15.441010 16.565579 17.980969 19.624354 21.443378 23.397113 25.454558 
13.746452 37.589643 27.486694 44.491962 2.540000 1.270000 0.000000 1.270000 5.679613 5.236344 5.080000 5.236344 8.083135 9.740590 11.718545 13.880660 16.153152 18.495382 20.883897 15.008887 15.962729 17.241054 18.777709 20.514725 22.405552 24.414479 
14.946229 38.044791 26.236295 43.730533 3.810000 2.540000 1.270000 0.000000 6.350000 5.679613 5.236344 5.080000 7.443437 8.859750 10.699944 12.782238 15.006186 17.317299 19.684899 14.674276 15.441010 16.565579 17.980969 19.624354 21.443378 23.397113 
14.260049 31.952548 31.194589 42.316885 5.080000 5.236344 5.679613 6.350000 0.000000 1.270000 2.540000 3.810000 7.264663 9.758102 12.270655 14.792585 17.319798 19.850275 22.382909 11.631241 13.331578 15.266938 17.358888 19.557245 21.829884 24.155849 
15.209281 32.387321 29.991259 41.437808 5.236344 5.080000 5.236344 5.679613 1.270000 0.000000 1.270000 2.540000 6.032531 8.507940 11.012804 13.530775 16.055687 18.584712 21.116371 10.904213 12.445701 14.275584 16.297003 18.447101 20.685791 22.987204 
16.202508 32.865447 28.793657 40.579441 5.679613 5.236344 5.080000 5.236344 2.540000 1.270000 0.000000 1.270000 4.820095 7.264663 9.758102 12.270655 14.792585 17.319798 19.850275 10.283178 11.631241 13.331578 15.266938 17.358888 19.557245 21.829884 
17.232124 33.385063 27.602527 39.743123 6.350000 5.679613 5.236344 5.080000 3.810000 2.540000 1.270000 0.000000 3.647055 6.032531 8.507940 11.012804 13.530775 16.055687 18.584712 9.788332 10.904213 12.445701 14.275584 16.297003 18.447101 20.685791 
20.846202 33.523945 25.248543 36.424987 9.740590 8.859750 8.083135 7.443437 7.264663 6.032531 4.820095 3.647055 0.000000 2.540000 5.080000 7.620000 10.160000 12.700000 15.240000 7.620000 8.032185 9.158100 10.776307 12.700000 14.810618 17.038838 
23.015864 34.914477 23.009885 34.910536 11.718545 10.699944 9.740590 8.859750 9.758102 8.507940 7.264663 6.032531 2.540000 0.000000 2.540000 5.080000 7.620000 10.160000 12.700000 8.032185 7.620000 8.032185 9.158100 10.776307 12.700000 14.810618 
25.254684 36.429244 20.840439 33.520361 13.880660 12.782238 11.718545 10.699944 12.270655 11.012804 9.758102 8.507940 5.080000 2.540000 0.000000 2.540000 5.080000 7.620000 10.160000 9.158100 8.032185 7.620000 8.032185 9.158100 10.776307 12.700000 
27.545805 38.053411 18.764226 32.270527 16.153152 15.006186 13.880660 12.782238 14.792585 13.530775 12.270655 11.012804 7.620000 5.080000 2.540000 0.000000 2.540000 5.080000 7.620000 10.776307 9.158100 8.032185 7.620000 8.032185 9.158100 10.776307 
29.877196 39.773579 16.815815 31.177915 18.495382 17.317299 16.153152 15.006186 17.319798 16.055687 14.792585 13.530775 10.160000 7.620000 5.080000 2.540000 0.000000 2.540000 5.080000 12.700000 10.776307 9.158100 8.032185 7.620000 8.032185 9.158100 
32.240123 41.577833 15.044943 30.259561 20.883897 19.684899 18.495382 17.317299 19.850275 18.584712 17.319798 16.055687 12.700000 10.160000 7.620000 5.080000 2.540000 0.000000 2.540000 14.810618 12.700000 10.776307 9.158100 8.032185 7.620000 8.032185 
34.628130 43.455703 13.521545 29.531727 23.304471 22.090832 20.883897 19.684899 22.382909 21.116371 19.850275 18.584712 15.240000 12.700000 10.160000 7.620000 5.080000 2.540000 0.000000 17.038838 14.810618 12.700000 10.776307 9.158100 8.032185 7.620000 
25.809275 27.309511 29.479543 30.801529 15.962729 15.441010 15.008887 14.674276 11.631241 10.904213 10.283178 9.788332 7.620000 8.032185 9.158100 10.776307 12.700000 14.810618 17.038838 0.000000 2.540000 5.080000 7.620000 10.160000 12.700000 15.240000 
27.591385 28.999573 27.586398 28.994828 17.241054 16.565579 15.962729 15.441010 13.331578 12.445701 11.631241 10.904213 8.032185 7.620000 8.032185 9.158100 10.776307 12.700000 14.810618 2.540000 0.000000 2.540000 5.080000 7.620000 10.160000 12.700000 
29.484803 30.806563 25.804620 27.305112 18.777709 17.980969 17.241054 16.565579 15.266938 14.275584 13.331578 12.445701 9.158100 8.032185 7.620000 8.032185 9.158100 10.776307 12.700000 5.080000 2.540000 0.000000 2.540000 5.080000 7.620000 10.160000 
31.469444 32.711108 24.158863 25.755415 20.514725 19.624354 18.777709 17.980969 17.358888 16.297003 15.266938 14.275584 10.776307 9.158100 8.032185 7.620000 8.032185 9.158100 10.776307 7.620000 5.080000 2.540000 0.000000 2.540000 5.080000 7.620000 
33.529112 34.697148 22.678760 24.372462 22.405552 21.443378 20.514725 19.624354 19.557245 18.447101 17.358888 16.297003 12.700000 10.776307 9.158100 8.032185 7.620000 8.032185 9.158100 10.160000 7.620000 5.080000 2.540000 0.000000 2.540000 5.080000 
35.650807 36.751473 21.398711 23.186107 24.414479 23.397113 22.405552 21.443378 21.829884 20.685791 19.557245 18.447101 14.810618 12.700000 10.776307 9.158100 8.032185 7.620000 8.032185 12.700000 10.160000 7.620000 5.080000 2.540000 0.000000 2.540000 
37.824092 38.863256 20.356491 22.227853 26.514675 25.454558 24.414479 23.397113 24.155849 22.987204 21.829884 20.685791 17.038838 14.810618 12.700000 10.776307 9.158100 8.032185 7.620000 15.240000 12.700000 10.160000 7.620000 5.080000 2.540000 0.000000 
