50
# Board dimensions: 150.000000x150.000000 mm
Added mounting holes at corners
Added 8-pin SOIC at (108.979567,70.613582)
Added 8-pin SOIC at (113.384827,77.269077)
Added 14-pin DIP IC at (49.507973,77.545546)
Added 8-pin SOIC at (105.409857,101.881269)
Added 8-pin SOIC at (72.090571,100.050959)

0.000000 140.000000 140.000000 197.989899 122.950773 123.633183 124.324821 125.025534 127.275808 127.935151 128.603655 129.281178 130.269299 130.978115 131.695363 132.420907 134.525412 135.211918 135.906824 136.610003 85.110610 87.285732 89.480082 91.692282 93.921068 96.165289 98.423888 89.331864 91.406591 93.504284 95.623430 97.762636 99.920612 102.096169 139.528204 140.413002 141.303674 142.200109 143.227408 144.089492 144.957576 145.831552 116.343584 117.383440 118.427784 119.476500 119.345198 120.359123 121.377867 122.401310 
140.000000 0.000000 197.989899 140.000000 74.850610 75.966342 77.086849 78.211926 72.542764 73.693446 74.847987 76.006211 78.881802 80.046955 81.215252 82.386559 76.986589 78.179993 79.375774 80.573826 119.923240 121.476608 123.062799 124.680560 126.328676 128.005977 129.711330 113.948889 115.582578 117.248533 118.945399 120.671871 122.426697 124.208676 104.658300 105.835018 107.013869 108.194783 102.844204 104.041442 105.240386 106.440977 119.793446 120.803609 121.818636 122.838406 116.771213 117.807294 118.847914 119.892955 
140.000000 197.989899 0.000000 140.000000 127.847916 127.113182 126.386938 125.669333 132.012607 131.301180 130.598227 129.903887 127.807467 127.138999 126.479750 125.829866 132.142896 131.496468 130.859174 130.231146 80.814993 78.707344 76.625924 74.572928 72.550769 70.562100 68.609831 85.249217 83.253900 81.288979 79.356710 77.459538 75.600105 73.781263 109.276550 108.781688 108.299459 107.830031 113.961989 113.487560 113.025410 112.575691 80.756183 80.056251 79.370470 78.699209 85.023571 84.359054 83.708531 83.072330 
197.989899 140.000000 140.000000 0.000000 82.648719 81.507559 80.370264 79.237001 80.564567 79.393456 78.225431 77.060633 74.746218 73.597374 72.452575 71.312016 72.743339 71.562348 70.384457 69.209825 116.913774 115.466937 114.058317 112.689347 111.361490 110.076234 108.835088 110.777238 109.249162 107.759294 106.309242 104.900655 103.535227 102.214687 58.537205 57.608122 56.692264 55.790283 55.228389 54.242661 53.268972 52.307994 85.651626 84.992020 84.346378 83.715025 81.371049 80.676453 79.995988 79.330020 
122.950773 74.850610 127.847916 82.648719 0.000000 1.270000 2.540000 3.810000 5.080000 5.236344 5.679613 6.350000 7.981348 9.067512 10.196246 11.354862 11.587310 12.360567 13.210877 14.124331 59.874223 60.221164 60.672545 61.226057 61.878960 62.628144 63.470201 52.312904 52.709637 53.224760 53.854874 54.595998 55.443681 56.393118 31.470797 32.732918 33.995625 35.258856 31.304141 32.572719 33.841405 35.110185 47.194885 47.997302 48.819572 49.660710 43.340182 44.212614 45.103934 46.013045 
123.633183 75.966342 127.113182 81.507559 1.270000 0.000000 1.270000 2.540000 5.236344 5.080000 5.236344 5.679613 6.957720 7.981348 9.067512 10.196246 10.907507 11.587310 12.360567 13.210877 59.740508 60.034512 60.433933 60.936697 61.540271 62.241724 63.037787 52.159808 52.496285 52.952597 53.525679 54.211828 55.006813 55.905991 30.209337 31.470797 32.732918 33.995625 30.035682 31.304141 32.572719 33.841405 46.413351 47.194885 47.997302 48.819572 42.487802 43.340182 44.212614 45.103934 
124.324821 77.086849 126.386938 80.370264 2.540000 1.270000 0.000000 1.270000 5.679613 5.236344 5.080000 5.236344 6.028566 6.957720 7.981348 9.067512 10.339606 10.907507 11.587310 12.360567 59.633546 59.874223 60.221164 60.672545 61.226057 61.878960 62.628144 52.037267 52.312904 52.709637 53.224760 53.854874 54.595998 55.443681 28.948624 30.209337 31.470797 32.732918 28.767360 30.035682 31.304141 32.572719 45.653772 46.413351 47.194885 47.997302 41.656705 42.487802 43.340182 44.212614 
125.025534 78.211926 125.669333 79.237001 3.810000 2.540000 1.270000 0.000000 6.350000 5.679613 5.236344 5.080000 5.244345 6.028566 6.957720 7.981348 9.902878 10.339606 10.907507 11.587310 59.553481 59.740508 60.034512 60.433933 60.936697 61.540271 62.241724 51.945495 52.159808 52.496285 52.952597 53.525679 54.211828 55.006813 27.688760 28.948624 30.209337 31.470797 27.499192 28.767360 30.035682 31.304141 44.917262 45.653772 46.413351 47.194885 40.848190 41.656705 42.487802 43.340182 
127.275808 72.542764 132.012607 80.564567 5.080000 5.236344 5.679613 6.350000 0.000000 1.270000 2.540000 3.810000 6.689610 7.954165 9.220217 10.487223 7.981348 9.067512 10.196246 11.354862 64.922726 65.242826 65.659695 66.171504 66.776070 67.470899 68.253236 57.352057 57.714162 58.184995 58.761944 59.441918 60.221428 61.096664 32.442037 33.667767 34.896664 36.128405 31.470797 32.732918 33.995625 35.258856 51.263591 52.003265 52.763143 53.542363 47.194885 47.997302 48.819572 49.660710 
127.935151 73.693446 131.301180 79.393456 5.236344 5.080000 5.236344 5.679613 1.270000 0.000000 1.270000 2.540000 5.427599 6.689610 7.954165 9.220217 6.957720 7.981348 9.067512 10.196246 64.799430 65.070581 65.439270 65.903860 66.462341 67.112368 67.851311 57.212448 57.519376 57.936139 58.460388 59.089262 59.819462 60.647329 31.219845 32.442037 33.667767 34.896664 30.209337 31.470797 32.732918 33.995625 50.545007 51.263591 52.003265 52.763143 46.413351 47.194885 47.997302 48.819572 
128.603655 74.847987 130.598227 78.225431 5.679613 5.236344 5.080000 5.236344 2.540000 1.270000 0.000000 1.270000 4.170440 5.427599 6.689610 7.954165 6.028566 6.957720 7.981348 9.067512 64.700832 64.922726 65.242826 65.659695 66.171504 66.776070 67.470899 57.100751 57.352057 57.714162 58.184995 58.761944 59.441918 60.221428 30.001625 31.219845 32.442037 33.667767 28.948624 30.209337 31.470797 32.732918 49.848425 50.545007 51.263591 52.003265 45.653772 46.413351 47.194885 47.997302 
129.281178 76.006211 129.903887 77.060633 6.350000 5.679613 5.236344 5.080000 3.810000 2.540000 1.270000 0.000000 2.924400 4.170440 5.427599 6.689610 5.244345 6.028566 6.957720 7.981348 64.627045 64.799430 65.070581 65.439270 65.903860 66.462341 67.112368 57.017129 57.212448 57.519376 57.936139 58.460388 59.089262 59.819462 28.787881 30.001625 31.219845 32.442037 27.688760 28.948624 30.209337 31.470797 49.174781 49.848425 50.545007 51.263591 44.917262 45.653772 46.413351 47.194885 
130.269299 78.881802 127.807467 74.746218 7.981348 6.957720 6.028566 5.244345 6.689610 5.427599 4.170440 2.924400 0.000000 1.270000 2.540000 3.810000 5.080000 5.236344 5.679613 6.350000 63.877452 63.938915 64.101046 64.363084 64.723815 65.181601 65.734414 56.257533 56.327312 56.511285 56.808342 57.216723 57.734065 58.357470 25.871995 27.082984 28.299146 29.519843 24.781866 26.043593 27.306087 28.569247 47.161740 47.788163 48.439790 49.115616 42.784184 43.473731 44.189026 44.928838 
130.978115 80.046955 127.138999 73.597374 9.067512 7.981348 6.957720 6.028566 7.954165 6.689610 5.427599 4.170440 1.270000 0.000000 1.270000 2.540000 5.236344 5.080000 5.236344 5.679613 63.884579 63.895571 64.007434 64.219642 64.531206 64.940694 65.446270 56.265626 56.278105 56.405077 56.645773 56.998752 57.461944 58.032710 24.666943 25.871995 27.082984 28.299146 23.521029 24.781866 26.043593 27.306087 46.561536 47.161740 47.788163 48.439790 42.121650 42.784184 43.473731 44.189026 
131.695363 81.215252 126.479750 72.452575 10.196246 9.067512 7.981348 6.957720 9.220217 7.954165 6.689610 5.427599 2.540000 1.270000 0.000000 1.270000 5.679613 5.236344 5.080000 5.236344 63.916946 63.877452 63.938915 64.101046 64.363084 64.723815 65.181601 56.302372 56.257533 56.327312 56.511285 56.808342 57.216723 57.734065 23.468741 24.666943 25.871995 27.082984 22.261234 23.521029 24.781866 26.043593 45.988578 46.561536 47.161740 47.788163 41.487421 42.121650 42.784184 43.473731 
132.420907 82.386559 125.829866 71.312016 11.354862 10.196246 9.067512 7.981348 10.487223 9.220217 7.954165 6.689610 3.810000 2.540000 1.270000 0.000000 6.350000 5.679613 5.236344 5.080000 63.974512 63.884579 63.895571 64.007434 64.219642 64.531206 64.940694 56.367716 56.265626 56.278105 56.405077 56.645773 56.998752 57.461944 22.278495 23.468741 24.666943 25.871995 21.002668 22.261234 23.521029 24.781866 45.443898 45.988578 46.561536 47.161740 40.882815 41.487421 42.121650 42.784184 
134.525412 76.986589 132.142896 72.743339 11.587310 10.907507 10.339606 9.902878 7.981348 6.957720 6.028566 5.244345 5.080000 5.236344 5.679613 6.350000 0.000000 1.270000 2.540000 3.810000 68.957407 69.014347 69.164582 69.407506 69.742150 70.167203 70.681033 61.337476 61.401483 61.570296 61.843058 62.218401 62.694484 63.269032 27.860227 28.988275 30.127625 31.277040 25.871995 27.082984 28.299146 29.519843 51.668034 52.240450 52.837196 53.457457 47.161740 47.788163 48.439790 49.115616 
135.211918 78.179993 131.496468 71.562348 12.360567 11.587310 10.907507 10.339606 9.067512 7.981348 6.957720 6.028566 5.236344 5.080000 5.236344 5.679613 1.270000 0.000000 1.270000 2.540000 68.964010 68.974192 69.077832 69.274510 69.563437 69.943470 70.413134 61.344899 61.356346 61.472830 61.693757 62.018011 62.443983 62.969607 26.744909 27.860227 28.988275 30.127625 24.666943 25.871995 27.082984 28.299146 51.120765 51.668034 52.240450 52.837196 46.561536 47.161740 47.788163 48.439790 
135.906824 79.375774 130.859174 70.384457 13.210877 12.360567 11.587310 10.907507 10.196246 9.067512 7.981348 6.957720 5.679613 5.236344 5.080000 5.236344 2.540000 1.270000 0.000000 1.270000 68.993994 68.957407 69.014347 69.164582 69.407506 69.742150 70.167203 61.378605 61.337476 61.401483 61.570296 61.843058 62.218401 62.694484 25.643984 26.744909 27.860227 28.988275 23.468741 24.666943 25.871995 27.082984 50.599460 51.120765 51.668034 52.240450 45.988578 46.561536 47.161740 47.788163 
136.610003 80.573826 130.231146 69.209825 14.124331 13.210877 12.360567 11.587310 11.354862 10.196246 9.067512 7.981348 6.350000 5.679613 5.236344 5.080000 3.810000 2.540000 1.270000 0.000000 69.047328 68.964010 68.974192 69.077832 69.274510 69.563437 69.943470 61.438550 61.344899 61.356346 61.472830 61.693757 62.018011 62.443983 24.559386 25.643984 26.744909 27.860227 22.278495 23.468741 24.666943 25.871995 50.104929 50.599460 51.120765 51.668034 45.443898 45.988578 46.561536 47.161740 
85.110610 119.923240 80.814993 116.913774 59.874223 59.740508 59.633546 59.553481 64.922726 64.799430 64.700832 64.627045 63.877452 63.884579 63.916946 63.974512 68.957407 68.964010 68.993994 69.047328 0.000000 2.540000 5.080000 7.620000 10.160000 12.700000 15.240000 7.620000 8.032185 9.158100 10.776307 12.700000 14.810618 17.038838 60.969238 61.487183 62.026809 62.587557 65.658339 66.139573 66.641538 67.163769 31.882085 32.790913 33.723085 34.676717 35.661084 36.475877 37.316110 38.180103 
87.285732 121.476608 78.707344 115.466937 60.221164 60.034512 59.874223 59.740508 65.242826 65.070581 64.922726 64.799430 63.938915 63.895571 63.877452 63.884579 69.014347 68.974192 68.957407 68.964010 2.540000 0.000000 2.540000 5.080000 7.620000 10.160000 12.700000 8.032185 7.620000 8.032185 9.158100 10.776307 12.700000 14.810618 60.000618 60.473533 60.969238 61.487183 64.759892 65.198295 65.658339 66.139573 30.142851 30.998653 31.882085 32.790913 34.115056 34.873516 35.661084 36.475877 
89.480082 123.062799 76.625924 114.058317 60.672545 60.433933 60.221164 60.034512 65.659695 65.439270 65.242826 65.070581 64.101046 64.007434 63.938915 63.895571 69.164582 69.077832 69.014347 68.974192 5.080000 2.540000 0.000000 2.540000 5.080000 7.620000 10.160000 9.158100 8.032185 7.620000 8.032185 9.158100 10.776307 12.700000 59.125320 59.551036 60.000618 60.473533 63.949769 64.343573 64.759892 65.198295 28.524003 29.317097 30.142851 30.998653 32.693491 33.387689 34.115056 34.873516 
91.692282 124.680560 74.572928 112.689347 61.226057 60.936697 60.672545 60.433933 66.171504 65.903860 65.659695 65.439270 64.363084 64.219642 64.101046 64.007434 69.407506 69.274510 69.164582 69.077832 7.620000 5.080000 2.540000 0.000000 2.540000 5.080000 7.620000 10.776307 9.158100 8.032185 7.620000 8.032185 9.158100 10.776307 58.347545 58.723988 59.125320 59.551036 63.231365 63.578899 63.949769 64.343573 27.047167 27.766366 28.524003 29.317097 31.413291 32.034617 32.693491 33.387689 
93.921068 126.328676 72.550769 111.361490 61.878960 61.540271 61.226057 60.936697 66.776070 66.462341 66.171504 65.903860 64.723815 64.531206 64.363084 64.219642 69.742150 69.563437 69.407506 69.274510 10.160000 7.620000 5.080000 2.540000 0.000000 2.540000 5.080000 12.700000 10.776307 9.158100 8.032185 7.620000 8.032185 9.158100 57.671238 57.996474 58.347545 58.723988 62.607837 62.907555 63.231365 63.578899 25.736801 26.369551 27.047167 27.766366 30.292384 30.831782 31.413291 32.034617 
96.165289 128.005977 70.562100 110.076234 62.628144 62.241724 61.878960 61.540271 67.470899 67.112368 66.776070 66.462341 65.181601 64.940694 64.723815 64.531206 70.167203 69.943470 69.742150 69.563437 12.700000 10.160000 7.620000 5.080000 2.540000 0.000000 2.540000 14.810618 12.700000 10.776307 9.158100 8.032185 7.620000 8.032185 57.100006 57.372278 57.671238 57.996474 62.082044 62.332558 62.607837 62.907555 24.619501 25.152306 25.736801 26.369551 29.349028 29.797384 30.292384 30.831782 
98.423888 129.711330 68.609831 108.835088 63.470201 63.037787 62.628144 62.241724 68.253236 67.851311 67.470899 67.112368 65.734414 65.446270 65.181601 64.940694 70.681033 70.413134 70.167203 69.943470 15.240000 12.700000 10.160000 7.620000 5.080000 2.540000 0.000000 17.038838 14.810618 12.700000 10.776307 9.158100 8.032185 7.620000 56.637026 56.854804 57.100006 57.372278 61.656486 61.856595 62.082044 62.332558 23.722562 24.141810 24.619501 25.152306 28.600796 28.949484 29.349028 29.797384 
89.331864 113.948889 85.249217 110.777238 52.312904 52.159808 52.037267 51.945495 57.352057 57.212448 57.100751 57.017129 56.257533 56.265626 56.302372 56.367716 61.337476 61.344899 61.378605 61.438550 7.620000 8.032185 9.158100 10.776307 12.700000 14.810618 17.038838 0.000000 2.540000 5.080000 7.620000 10.160000 12.700000 15.240000 54.068176 54.651563 55.257984 55.886689 58.649109 59.187361 59.747762 60.329697 27.025413 28.091807 29.174510 30.271774 30.136346 31.096238 32.077694 33.078795 
91.406591 115.582578 83.253900 109.249162 52.709637 52.496285 52.312904 52.159808 57.714162 57.519376 57.352057 57.212448 56.327312 56.278105 56.257533 56.265626 61.401483 61.356346 61.337476 61.344899 8.032185 7.620000 8.032185 9.158100 10.776307 12.700000 14.810618 2.540000 0.000000 2.540000 5.080000 7.620000 10.160000 12.700000 52.973520 53.508577 54.068176 54.651563 57.641514 58.133624 58.649109 59.187361 24.949891 25.977338 27.025413 28.091807 28.289988 29.200145 30.136346 31.096238 
93.504284 117.248533 81.288979 107.759294 53.224760 52.952597 52.709637 52.496285 58.184995 57.936139 57.714162 57.519376 56.511285 56.405077 56.327312 56.278105 61.570296 61.472830 61.401483 61.356346 9.158100 8.032185 7.620000 8.032185 9.158100 10.776307 12.700000 5.080000 2.540000 0.000000 2.540000 5.080000 7.620000 10.160000 51.980026 52.463755 52.973520 53.508577 56.729829 57.173385 57.641514 58.133624 22.967898 23.945726 24.949891 25.977338 26.558440 27.408469 28.289988 29.200145 
95.623430 118.945399 79.356710 106.309242 53.854874 53.525679 53.224760 52.952597 58.761944 58.460388 58.184995 57.936139 56.808342 56.645773 56.511285 56.405077 61.843058 61.693757 61.570296 61.472830 10.776307 9.158100 8.032185 7.620000 8.032185 9.158100 10.776307 7.620000 5.080000 2.540000 0.000000 2.540000 5.080000 7.620000 51.093597 51.523068 51.980026 52.463755 55.918745 56.311427 56.729829 57.173385 21.105801 22.019916 22.967898 23.945726 24.965601 25.743020 26.558440 27.408469 
97.762636 120.671871 77.459538 104.900655 54.595998 54.211828 53.854874 53.525679 59.441918 59.089262 58.761944 58.460388 57.216723 56.998752 56.808342 56.645773 62.218401 62.018011 61.843058 61.693757 12.700000 10.776307 9.158100 8.032185 7.620000 8.032185 9.158100 10.160000 7.620000 5.080000 2.540000 0.000000 2.540000 5.080000 50.319891 50.692313 51.093597 51.523068 55.212695 55.552326 55.918745 56.311427 19.398159 20.230146 21.105801 22.019916 23.539646 24.229841 24.965601 25.743020 
99.920612 122.426697 75.600105 103.535227 55.443681 55.006813 54.595998 54.211828 60.221428 59.819462 59.441918 59.089262 57.734065 57.461944 57.216723 56.998752 62.694484 62.443983 62.218401 62.018011 14.810618 12.700000 10.776307 9.158100 8.032185 7.620000 8.032185 12.700000 10.160000 7.620000 5.080000 2.540000 0.000000 2.540000 49.664175 49.976974 50.319891 50.692313 54.615755 54.900349 55.212695 55.552326 17.889255 18.615695 19.398159 20.230146 22.312594 22.899138 23.539646 24.229841 
102.096169 124.208676 73.781263 102.214687 56.393118 55.905991 55.443681 55.006813 61.096664 60.647329 60.221428 59.819462 58.357470 58.032710 57.734065 57.461944 63.269032 62.969607 62.694484 62.443983 17.038838 14.810618 12.700000 10.776307 9.158100 8.032185 7.620000 15.240000 12.700000 10.160000 7.620000 5.080000 2.540000 0.000000 49.131176 49.382066 49.664175 49.976974 54.131532 54.359349 54.615755 54.900349 16.633267 17.225928 17.889255 18.615695 21.318817 21.784375 22.312594 22.899138 
139.528204 104.658300 109.276550 58.537205 31.470797 30.209337 28.948624 27.688760 32.442037 31.219845 30.001625 28.787881 25.871995 24.666943 23.468741 22.278495 27.860227 26.744909 25.643984 24.559386 60.969238 60.000618 59.125320 58.347545 57.671238 57.100006 56.637026 54.068176 52.973520 51.980026 51.093597 50.319891 49.664175 49.131176 0.000000 1.270000 2.540000 3.810000 5.080000 5.236344 5.679613 6.350000 33.369519 33.323996 33.326843 33.378046 28.298539 28.244844 28.248202 28.308593 
140.413002 105.835018 108.781688 57.608122 32.732918 31.470797 30.209337 28.948624 33.667767 32.442037 31.219845 30.001625 27.082984 25.871995 24.666943 23.468741 28.988275 27.860227 26.744909 25.643984 61.487183 60.473533 59.551036 58.723988 57.996474 57.372278 56.854804 54.651563 53.508577 52.463755 51.523068 50.692313 49.976974 49.382066 1.270000 0.000000 1.270000 2.540000 5.236344 5.080000 5.236344 5.679613 33.463214 33.369519 33.323996 33.326843 28.408963 28.298539 28.244844 28.248202 
141.303674 107.013869 108.299459 56.692264 33.995625 32.732918 31.470797 30.209337 34.896664 33.667767 32.442037 31.219845 28.299146 27.082984 25.871995 24.666943 30.127625 28.988275 27.860227 26.744909 62.026809 60.969238 60.000618 59.125320 58.347545 57.671238 57.100006 55.257984 54.068176 52.973520 51.980026 51.093597 50.319891 49.664175 2.540000 1.270000 0.000000 1.270000 5.679613 5.236344 5.080000 5.236344 33.604678 33.463214 33.369519 33.323996 28.575459 28.408963 28.298539 28.244844 
142.200109 108.194783 107.830031 55.790283 35.258856 33.995625 32.732918 31.470797 36.128405 34.896664 33.667767 32.442037 29.519843 28.299146 27.082984 25.871995 31.277040 30.127625 28.988275 27.860227 62.587557 61.487183 60.473533 59.551036 58.723988 57.996474 57.372278 55.886689 54.651563 53.508577 52.463755 51.523068 50.692313 49.976974 3.810000 2.540000 1.270000 0.000000 6.350000 5.679613 5.236344 5.080000 33.793311 33.604678 33.463214 33.369519 28.797054 28.575459 28.408963 28.298539 
143.227408 102.844204 113.961989 55.228389 31.304141 30.035682 28.767360 27.499192 31.470797 30.209337 28.948624 27.688760 24.781866 23.521029 22.261234 21.002668 25.871995 24.666943 23.468741 22.278495 65.658339 64.759892 63.949769 63.231365 62.607837 62.082044 61.656486 58.649109 57.641514 56.729829 55.918745 55.212695 54.615755 54.131532 5.080000 5.236344 5.679613 6.350000 0.000000 1.270000 2.540000 3.810000 38.442882 38.403373 38.405843 38.450284 33.369519 33.323996 33.326843 33.378046 
144.089492 104.041442 113.487560 54.242661 32.572719 31.304141 30.035682 28.767360 32.732918 31.470797 30.209337 28.948624 26.043593 24.781866 23.521029 22.261234 27.082984 25.871995 24.666943 23.468741 66.139573 65.198295 64.343573 63.578899 62.907555 62.332558 61.856595 59.187361 58.133624 57.173385 56.311427 55.552326 54.900349 54.359349 5.236344 5.080000 5.236344 5.679613 1.270000 0.000000 1.270000 2.540000 38.524240 38.442882 38.403373 38.405843 33.463214 33.369519 33.323996 33.326843 
144.957576 105.240386 113.025410 53.268972 33.841405 32.572719 31.304141 30.035682 33.995625 32.732918 31.470797 30.209337 27.306087 26.043593 24.781866 23.521029 28.299146 27.082984 25.871995 24.666943 66.641538 65.658339 64.759892 63.949769 63.231365 62.607837 62.082044 59.747762 58.649109 57.641514 56.729829 55.918745 55.212695 54.615755 5.679613 5.236344 5.080000 5.236344 2.540000 1.270000 0.000000 1.270000 38.647183 38.524240 38.442882 38.403373 33.604678 33.463214 33.369519 33.323996 
145.831552 106.440977 112.575691 52.307994 35.110185 33.841405 32.572719 31.304141 35.258856 33.995625 32.732918 31.470797 28.569247 27.306087 26.043593 24.781866 29.519843 28.299146 27.082984 25.871995 67.163769 66.139573 65.198295 64.343573 63.578899 62.907555 62.332558 60.329697 59.187361 58.133624 57.173385 56.311427 55.552326 54.900349 6.350000 5.679613 5.236344 5.080000 3.810000 2.540000 1.270000 0.000000 38.811316 38.647183 38.524240 38.442882 33.793311 33.604678 33.463214 33.369519 
116.343584 119.793446 80.756183 85.651626 47.194885 46.413351 45.653772 44.917262 51.263591 50.545007 49.848425 49.174781 47.161740 46.561536 45.988578 45.443898 51.668034 51.120765 50.599460 50.104929 31.882085 30.142851 28.524003 27.047167 25.736801 24.619501 23.722562 27.025413 24.949891 22.967898 21.105801 19.398159 17.889255 16.633267 33.369519 33.463214 33.604678 33.793311 38.442882 38.524240 38.647183 38.811316 0.000000 1.270000 2.540000 3.810000 5.080000 5.236344 5.679613 6.350000 
117.383440 120.803609 80.056251 84.992020 47.997302 47.194885 46.413351 45.653772 52.003265 51.263591 50.545007 49.848425 47.788163 47.161740 46.561536 45.988578 52.240450 51.668034 51.120765 50.599460 32.790913 30.998653 29.317097 27.766366 26.369551 25.152306 24.141810 28.091807 25.977338 23.945726 22.019916 20.230146 18.615695 17.225928 33.323996 33.369519 33.463214 33.604678 38.403373 38.442882 38.524240 38.647183 1.270000 0.000000 1.270000 2.540000 5.236344 5.080000 5.236344 5.679613 
118.427784 121.818636 79.370470 84.346378 48.819572 47.997302 47.194885 46.413351 52.763143 52.003265 51.263591 50.545007 48.439790 47.788163 47.161740 46.561536 52.837196 52.240450 51.668034 51.120765 33.723085 31.882085 30.142851 28.524003 27.047167 25.736801 24.619501 29.174510 27.025413 24.949891 22.967898 21.105801 19.398159 17.889255 33.326843 33.323996 33.369519 33.463214 38.405843 38.403373 38.442882 38.524240 2.540000 1.270000 0.000000 1.270000 5.679613 5.236344 5.080000 5.236344 
119.476500 122.838406 78.699209 83.715025 49.660710 48.819572 47.997302 47.194885 53.542363 52.763143 52.003265 51.263591 49.115616 48.439790 47.788163 47.161740 53.457457 52.837196 52.240450 51.668034 34.676717 32.790913 30.998653 29.317097 27.766366 26.369551 25.152306 30.271774 28.091807 25.977338 23.945726 22.019916 20.230146 18.615695 33.378046 33.326843 33.323996 33.369519 38.450284 38.405843 38.403373 38.442882 3.810000 2.540000 1.270000 0.000000 6.350000 5.679613 5.236344 5.080000 
119.345198 116.771213 85.023571 81.371049 43.340182 42.487802 41.656705 40.848190 47.194885 46.413351 45.653772 44.917262 42.784184 42.121650 41.487421 40.882815 47.161740 46.561536 45.988578 45.443898 35.661084 34.115056 32.693491 31.413291 30.292384 29.349028 28.600796 30.136346 28.289988 26.558440 24.965601 23.539646 22.312594 21.318817 28.298539 28.408963 28.575459 28.797054 33.369519 33.463214 33.604678 33.793311 5.080000 5.236344 5.679613 6.350000 0.000000 1.270000 2.540000 3.810000 
120.359123 117.807294 84.359054 80.676453 44.212614 43.340182 42.487802 41.656705 47.997302 47.194885 46.413351 45.653772 43.473731 42.784184 42.121650 41.487421 47.788163 47.161740 46.561536 45.988578 36.475877 34.873516 33.387689 32.034617 30.831782 29.797384 28.949484 31.096238 29.200145 27.408469 25.743020 24.229841 22.899138 21.784375 28.244844 28.298539 28.408963 28.575459 33.323996 33.369519 33.463214 33.604678 5.236344 5.080000 5.236344 5.679613 1.270000 0.000000 1.270000 2.540000 
121.377867 118.847914 83.708531 79.995988 45.103934 44.212614 43.340182 42.487802 48.819572 47.997302 47.194885 46.413351 44.189026 43.473731 42.784184 42.121650 48.439790 47.788163 47.161740 46.561536 37.316110 35.661084 34.115056 32.693491 31.413291 30.292384 29.349028 32.077694 30.136346 28.289988 26.558440 24.965601 23.539646 22.312594 28.248202 28.244844 28.298539 28.408963 33.326843 33.323996 33.369519 33.463214 5.679613 5.236344 5.080000 5.236344 2.540000 1.270000 0.000000 1.270000 
122.401310 119.892955 83.072330 79.330020 46.013045 45.103934 44.212614 43.340182 49.660710 48.819572 47.997302 47.194885 44.928838 44.189026 43.473731 42.784184 49.115616 48.439790 47.788163 47.161740 38.180103 36.475877 34.873516 33.387689 32.034617 30.831782 29.797384 33.078795 31.096238 29.200145 27.408469 25.743020 24.229841 22.899138 28.308593 28.248202 28.244844 28.298539 33.378046 33.326843 33.323996 33.369519 6.350000 5.679613 5.236344 5.080000 3.810000 2.540000 1.270000 0.000000 
