59
# Board dimensions: 150.000000x150.000000 mm
Added mounting holes at corners
Added 8-pin SOIC at (88.984968,24.144389)
Added 14-pin DIP IC at (79.043140,30.105716)
Added 5-pin Edge Connector at (125.712761,74.067904)
Added 14-pin DIP IC at (18.236194,92.652875)
Added 14-pin DIP IC at (29.716163,93.101484)

0.000000 140.000000 140.000000 197.989899 86.139320 86.430447 86.739193 87.065371 91.099265 91.374591 91.666686 91.975391 78.183653 79.035892 79.959765 80.952820 82.012544 83.136387 84.321785 85.435154 86.215742 87.063459 87.976366 88.952455 89.989670 91.085923 139.075325 141.285591 143.506773 145.738371 147.979914 88.646621 91.158936 93.672744 96.187928 98.704384 101.222015 103.740737 90.099985 92.572866 95.049287 97.528978 100.011696 102.497221 104.985354 91.502788 93.950877 96.403722 98.860969 101.322298 103.787417 106.256064 93.848276 96.236719 98.632735 101.035786 103.445380 105.861072 108.282454 
140.000000 0.000000 197.989899 140.000000 59.196211 59.619050 60.065768 60.535839 54.414016 54.873716 55.358741 55.868430 70.573397 71.516382 72.536093 73.629341 74.792901 76.023546 77.318071 63.509733 64.555982 65.683839 66.889175 68.167880 69.515907 70.929303 71.710341 71.069300 70.513977 70.046412 69.668370 154.117128 155.575761 157.061926 158.574851 160.113776 161.677958 163.266673 147.913059 149.432263 150.978915 152.552179 154.151241 155.775307 157.423602 145.093882 146.650066 148.233438 149.843137 151.478323 153.138181 154.821915 139.116402 140.738696 142.387819 144.062849 145.762894 147.487088 149.234595 
140.000000 197.989899 0.000000 140.000000 147.171851 146.130740 145.093276 144.059536 150.128769 149.108306 148.091703 147.079039 136.686075 134.558061 132.444568 130.346303 128.264012 126.198488 124.150566 140.959444 138.896917 136.850449 134.820772 132.808655 130.814908 128.840385 140.010474 142.206207 144.413230 146.631033 148.859134 53.994614 51.535876 49.085414 46.644534 44.214820 41.798222 39.397151 56.348933 53.997505 51.663932 49.350750 47.060964 44.798162 42.566648 57.483429 55.201012 52.942064 50.709720 48.507653 46.340181 44.212391 61.148045 59.007546 56.899919 54.828956 52.798969 50.814870 48.882248 
197.989899 140.000000 140.000000 0.000000 133.205715 132.054542 130.905568 129.758849 131.150510 129.981137 128.813669 127.648159 132.480202 130.283508 128.099509 125.928866 123.772281 121.630502 119.504325 128.856066 126.596502 124.347763 122.110447 119.885193 117.672685 115.473657 73.507550 72.882318 72.340915 71.885233 71.516912 137.146943 136.197696 135.289481 134.423132 133.599461 132.819265 132.083312 130.136344 129.135573 128.177329 127.262572 126.392247 125.567277 124.788562 126.427130 125.405846 124.428038 123.494737 122.606961 121.765705 120.971939 119.519696 118.438866 117.403046 116.413439 115.471233 114.577596 113.733674 
86.139320 59.196211 147.171851 133.205715 0.000000 1.270000 2.540000 3.810000 5.080000 5.236344 5.679613 6.350000 11.592125 13.080998 14.857686 16.831292 18.940357 21.144386 23.416580 6.397523 8.812687 11.282810 13.778365 16.287666 18.805212 21.328084 61.978126 63.516272 65.117193 66.776373 68.489579 98.482495 100.266029 102.081607 103.927549 105.802268 107.704259 109.632103 93.159298 95.042778 96.956214 98.897869 100.866114 102.859421 104.876361 90.927841 92.868864 94.838193 96.834100 98.854975 100.899319 102.965733 86.154977 88.201098 90.272314 92.366935 94.483405 96.620289 98.776262 
86.430447 59.619050 146.130740 132.054542 1.270000 0.000000 1.270000 2.540000 5.236344 5.080000 5.236344 5.679613 10.993111 12.293577 13.939827 15.824308 17.871817 20.032429 22.273252 5.234447 7.594931 10.043392 12.528354 15.031727 17.545630 20.066108 60.959784 62.522988 64.148702 65.832296 67.569443 97.603295 99.370148 101.169919 103.000884 104.861407 106.749945 108.665035 92.229367 94.097180 95.995863 97.923619 99.878766 101.859726 103.865022 89.968518 91.894702 93.850101 95.832927 97.841512 99.874303 101.929851 85.141893 87.174790 89.233678 91.316799 93.422531 95.549381 97.695968 
86.739193 60.065768 145.093276 130.905568 2.540000 1.270000 0.000000 1.270000 5.679613 5.236344 5.080000 5.236344 10.514058 11.592125 13.080998 14.857686 16.831292 18.940357 21.144386 4.134775 6.397523 8.812687 11.282810 13.778365 16.287666 18.805212 59.951049 61.539882 63.190893 64.899339 66.660802 96.732778 98.482495 100.266029 102.081607 103.927549 105.802268 107.704259 91.307630 93.159298 95.042778 96.956214 98.897869 100.866114 102.859421 89.016975 90.927841 92.868864 94.838193 96.834100 98.854975 100.899319 84.135781 86.154977 88.201098 90.272314 92.366935 94.483405 96.620289 
87.065371 60.535839 144.059536 129.758849 3.810000 2.540000 1.270000 0.000000 6.350000 5.679613 5.236344 5.080000 10.171929 10.993111 12.293577 13.939827 15.824308 17.871817 20.032429 3.165295 5.234447 7.594931 10.043392 12.528354 15.031727 17.545630 58.952413 60.567448 62.244259 63.977988 65.764134 95.871180 97.603295 99.370148 101.169919 103.000884 104.861407 106.749945 90.394338 92.229367 94.097180 95.995863 97.923619 99.878766 101.859726 88.073466 89.968518 91.894702 93.850101 95.832927 97.841512 99.874303 83.136894 85.141893 87.174790 89.233678 91.316799 93.422531 95.549381 
91.099265 54.414016 150.128769 131.150510 5.080000 5.236344 5.679613 6.350000 0.000000 1.270000 2.540000 3.810000 16.161458 17.260587 18.643128 20.251117 22.035256 23.956219 25.983679 9.503919 11.272073 13.292779 15.467369 17.739342 20.075662 22.456254 59.109560 60.507541 61.978126 63.516272 65.117193 102.193032 103.912898 105.665833 107.450219 109.264513 111.107251 112.977042 96.673934 98.490224 100.337940 102.215377 104.120928 106.053077 108.010397 94.317813 96.190454 98.093120 100.024099 101.981780 103.964657 105.971315 89.292992 91.268790 93.271908 95.300624 97.353337 99.428560 101.524914 
91.374591 54.873716 149.108306 129.981137 5.236344 5.080000 5.236344 5.679613 1.270000 0.000000 1.270000 2.540000 15.737340 16.671755 17.920216 19.422258 21.123855 22.980722 24.958227 8.763310 10.347905 12.258299 14.365091 16.593643 18.900934 21.261347 58.040910 59.464020 60.959784 62.522988 64.148702 101.346026 103.048727 104.785335 106.554193 108.353720 110.182415 112.038849 95.778134 97.578041 99.410263 101.273046 103.164735 105.083769 107.028677 93.393317 95.250269 97.138144 99.055173 100.999698 102.970160 104.965099 88.315912 90.277363 92.267045 94.283169 96.324076 98.388223 100.474178 
91.666686 55.358741 148.091703 128.813669 5.679613 5.236344 5.080000 5.236344 2.540000 1.270000 0.000000 1.270000 15.406518 16.161458 17.260587 18.643128 20.251117 22.035256 23.956219 8.154295 9.503919 11.272073 13.292779 15.467369 17.739342 20.075662 56.980525 58.429467 59.951049 61.539882 63.190893 100.507931 102.193032 103.912898 105.665833 107.450219 109.264513 111.107251 94.890875 96.673934 98.490224 100.337940 102.215377 104.120928 106.053077 92.477021 94.317813 96.190454 98.093120 100.024099 101.981780 103.964657 87.346368 89.292992 91.268790 93.271908 95.300624 97.353337 99.428560 
91.975391 55.868430 147.079039 127.648159 6.350000 5.679613 5.236344 5.080000 3.810000 2.540000 1.270000 0.000000 15.175095 15.737340 16.671755 17.920216 19.422258 21.123855 22.980722 7.708130 8.763310 10.347905 12.258299 14.365091 16.593643 18.900934 55.928875 57.404368 58.952413 60.567448 62.244259 99.678971 101.346026 103.048727 104.785335 106.554193 108.353720 110.182415 94.012398 95.778134 97.578041 99.410263 101.273046 103.164735 105.083769 91.569169 93.393317 95.250269 97.138144 99.055173 100.999698 102.970160 86.384613 88.315912 90.277363 92.267045 94.283169 96.324076 98.388223 
78.183653 70.573397 136.686075 132.480202 11.592125 10.993111 10.514058 10.171929 16.161458 15.737340 15.406518 15.175095 0.000000 2.540000 5.080000 7.620000 10.160000 12.700000 15.240000 7.620000 8.032185 9.158100 10.776307 12.700000 14.810618 17.038838 64.114955 65.986822 67.902114 69.857260 71.849006 87.233204 89.072010 90.944584 92.848882 94.782993 96.745128 98.733616 82.103583 84.054682 86.036527 88.047041 90.084307 92.146548 94.232125 80.010109 82.024921 84.068192 86.137898 88.232177 90.349322 92.487762 75.550902 77.681458 79.835971 82.012552 84.209491 86.425235 88.658375 
79.035892 71.516382 134.558061 130.283508 13.080998 12.293577 11.592125 10.993111 17.260587 16.671755 16.161458 15.737340 2.540000 0.000000 2.540000 5.080000 7.620000 10.160000 12.700000 8.032185 7.620000 8.032185 9.158100 10.776307 12.700000 14.810618 62.400730 64.322503 66.285902 68.287338 70.323562 85.430345 87.233204 89.072010 90.944584 92.848882 94.782993 96.745128 80.185475 82.103583 84.054682 86.036527 88.047041 90.084307 92.146548 78.025961 80.010109 82.024921 84.068192 86.137898 88.232177 90.349322 73.446388 75.550902 77.681458 79.835971 82.012552 84.209491 86.425235 
79.959765 72.536093 132.444568 128.099509 14.857686 13.939827 13.080998 12.293577 18.643128 17.920216 17.260587 16.671755 5.080000 2.540000 0.000000 2.540000 5.080000 7.620000 10.160000 9.158100 8.032185 7.620000 8.032185 9.158100 10.776307 12.700000 60.744366 62.716914 64.729033 66.777147 68.858044 83.665758 85.430345 87.233204 89.072010 90.944584 92.848882 94.782993 78.302782 80.185475 82.103583 84.054682 86.036527 88.047041 90.084307 76.074877 78.025961 80.010109 82.024921 84.068192 86.137898 88.232177 71.370219 73.446388 75.550902 77.681458 79.835971 82.012552 84.209491 
80.952820 73.629341 130.346303 125.928866 16.831292 15.824308 14.857686 13.939827 20.251117 19.422258 18.643128 17.920216 7.620000 5.080000 2.540000 0.000000 2.540000 5.080000 7.620000 10.776307 9.158100 8.032185 7.620000 8.032185 9.158100 10.776307 59.150723 61.174679 63.235890 65.330831 67.456359 81.941916 83.665758 85.430345 87.233204 89.072010 90.944584 92.848882 76.458120 78.302782 80.185475 82.103583 84.054682 86.036527 88.047041 74.159466 76.074877 78.025961 80.010109 82.024921 84.068192 86.137898 69.324943 71.370219 73.446388 75.550902 77.681458 79.835971 82.012552 
82.012544 74.792901 128.264012 123.772281 18.940357 17.871817 16.831292 15.824308 22.035256 21.123855 20.251117 19.422258 10.160000 7.620000 5.080000 2.540000 0.000000 2.540000 5.080000 12.700000 10.776307 9.158100 8.032185 7.620000 8.032185 9.158100 57.625006 59.700709 61.811092 63.952723 66.122565 80.261443 81.941916 83.665758 85.430345 87.233204 89.072010 90.944584 74.654308 76.458120 78.302782 80.185475 82.103583 84.054682 86.036527 72.282564 74.159466 76.074877 78.025961 80.010109 82.024921 84.068192 67.313374 69.324943 71.370219 73.446388 75.550902 77.681458 79.835971 
83.136387 76.023546 126.198488 121.630502 21.144386 20.032429 18.940357 17.871817 23.956219 22.980722 22.035256 21.123855 12.700000 10.160000 7.620000 5.080000 2.540000 0.000000 2.540000 14.810618 12.700000 10.776307 9.158100 8.032185 7.620000 8.032185 56.172750 58.300181 60.459471 62.647324 64.860852 78.627120 80.261443 81.941916 83.665758 85.430345 87.233204 89.072010 72.894380 74.654308 76.458120 78.302782 80.185475 82.103583 84.054682 70.447250 72.282564 74.159466 76.074877 78.025961 80.010109 82.024921 65.338628 67.313374 69.324943 71.370219 73.446388 75.550902 77.681458 
84.321785 77.318071 124.150566 119.504325 23.416580 22.273252 21.144386 20.032429 25.983679 24.958227 23.956219 22.980722 15.240000 12.700000 10.160000 7.620000 5.080000 2.540000 0.000000 17.038838 14.810618 12.700000 10.776307 9.158100 8.032185 7.620000 54.799795 56.978512 59.186039 61.419272 63.675504 77.041885 78.627120 80.261443 81.941916 83.665758 85.430345 87.233204 71.181589 72.894380 74.654308 76.458120 78.302782 80.185475 82.103583 68.656858 70.447250 72.282564 74.159466 76.074877 78.025961 80.010109 63.404143 65.338628 67.313374 69.324943 71.370219 73.446388 75.550902 
85.435154 63.509733 140.959444 128.856066 6.397523 5.234447 4.134775 3.165295 9.503919 8.763310 8.154295 7.708130 7.620000 8.032185 9.158100 10.776307 12.700000 14.810618 17.038838 0.000000 2.540000 5.080000 7.620000 10.160000 12.700000 15.240000 58.800908 60.517522 62.290427 64.114955 65.986822 92.705955 94.438262 96.206443 98.008557 99.842766 101.707335 103.600623 87.233204 89.072010 90.944584 92.848882 94.782993 96.745128 98.733616 84.920110 86.821053 88.753977 90.716840 92.707738 94.724905 96.766697 80.010109 82.024921 84.068192 86.137898 88.232177 90.349322 92.487762 
86.215742 64.555982 138.896917 126.596502 8.812687 7.594931 6.397523 5.234447 11.272073 10.347905 9.503919 8.763310 8.032185 7.620000 8.032185 9.158100 10.776307 12.700000 14.810618 2.540000 0.000000 2.540000 5.080000 7.620000 10.160000 12.700000 56.926887 58.698332 60.524549 62.400730 64.322503 91.011572 92.705955 94.438262 96.206443 98.008557 99.842766 101.707335 85.430345 87.233204 89.072010 90.944584 92.848882 94.782993 96.745128 83.053345 84.920110 86.821053 88.753977 90.716840 92.707738 94.724905 78.025961 80.010109 82.024921 84.068192 86.137898 88.232177 90.349322 
87.063459 65.683839 136.850449 124.347763 11.282810 10.043392 8.812687 7.594931 13.292779 12.258299 11.272073 10.347905 9.158100 8.032185 7.620000 8.032185 9.158100 10.776307 12.700000 5.080000 2.540000 0.000000 2.540000 5.080000 7.620000 10.160000 55.106237 56.934357 58.815371 60.744366 62.716914 89.357268 91.011572 92.705955 94.438262 96.206443 98.008557 99.842766 83.665758 85.430345 87.233204 89.072010 90.944584 92.848882 94.782993 81.223115 83.053345 84.920110 86.821053 88.753977 90.716840 92.707738 76.074877 78.025961 80.010109 82.024921 84.068192 86.137898 88.232177 
87.976366 66.889175 134.820772 122.110447 13.778365 12.528354 11.282810 10.043392 15.467369 14.365091 13.292779 12.258299 10.776307 9.158100 8.032185 7.620000 8.032185 9.158100 10.776307 7.620000 5.080000 2.540000 0.000000 2.540000 5.080000 7.620000 53.344423 55.230889 57.167981 59.150723 61.174679 87.745312 89.357268 91.011572 92.705955 94.438262 96.206443 98.008557 81.941916 83.665758 85.430345 87.233204 89.072010 90.944584 92.848882 79.431946 81.223115 83.053345 84.920110 86.821053 88.753977 90.716840 74.159466 76.074877 78.025961 80.010109 82.024921 84.068192 86.137898 
88.952455 68.167880 132.808655 119.885193 16.287666 15.031727 13.778365 12.528354 17.739342 16.593643 15.467369 14.365091 12.700000 10.776307 9.158100 8.032185 7.620000 8.032185 9.158100 10.160000 7.620000 5.080000 2.540000 0.000000 2.540000 5.080000 51.647466 53.593697 55.587870 57.625006 59.700709 86.178080 87.745312 89.357268 91.011572 92.705955 94.438262 96.206443 80.261443 81.941916 83.665758 85.430345 87.233204 89.072010 90.944584 77.682538 79.431946 81.223115 83.053345 84.920110 86.821053 88.753977 72.282564 74.159466 76.074877 78.025961 80.010109 82.024921 84.068192 
89.989670 69.515907 130.814908 117.672685 18.805212 17.545630 16.287666 15.031727 20.075662 18.900934 17.739342 16.593643 14.810618 12.700000 10.776307 9.158100 8.032185 7.620000 8.032185 12.700000 10.160000 7.620000 5.080000 2.540000 0.000000 2.540000 50.021967 52.029039 54.080937 56.172750 58.300181 84.658055 86.178080 87.745312 89.357268 91.011572 92.705955 94.438262 78.627120 80.261443 81.941916 83.665758 85.430345 87.233204 89.072010 75.977777 77.682538 79.431946 81.223115 83.053345 84.920110 86.821053 70.447250 72.282564 74.159466 76.074877 78.025961 80.010109 82.024921 
91.085923 70.929303 128.840385 115.473657 21.328084 20.066108 18.805212 17.545630 22.456254 21.261347 20.075662 18.900934 17.038838 14.810618 12.700000 10.776307 9.158100 8.032185 7.620000 15.240000 12.700000 10.160000 7.620000 5.080000 2.540000 0.000000 48.475116 50.543650 52.653466 54.799795 56.978512 83.187826 84.658055 86.178080 87.745312 89.357268 91.011572 92.705955 77.041885 78.627120 80.261443 81.941916 83.665758 85.430345 87.233204 74.320735 75.977777 77.682538 79.431946 81.223115 83.053345 84.920110 68.656858 70.447250 72.282564 74.159466 76.074877 78.025961 80.010109 
139.075325 71.710341 140.010474 73.507550 61.978126 60.959784 59.951049 58.952413 59.109560 58.040910 56.980525 55.928875 64.114955 62.400730 60.744366 59.150723 57.625006 56.172750 54.799795 58.800908 56.926887 55.106237 53.344423 51.647466 50.021967 48.475116 0.000000 2.540000 5.080000 7.620000 10.160000 109.071599 109.532994 110.051094 110.625101 111.254150 111.937312 112.673604 101.571330 102.066637 102.622438 103.237757 103.911536 104.642646 105.429894 97.865336 98.390885 98.978844 99.628109 100.337490 101.105722 101.931473 90.402988 90.971657 91.607248 92.308377 93.073563 93.901242 94.789775 
141.285591 71.069300 142.206207 72.882318 63.516272 62.522988 61.539882 60.567448 60.507541 59.464020 58.429467 57.404368 65.986822 64.322503 62.716914 61.174679 59.700709 58.300181 56.978512 60.517522 58.698332 56.934357 55.230889 53.593697 52.029039 50.543650 2.540000 0.000000 2.540000 5.080000 7.620000 111.575294 112.026378 112.532999 113.094410 113.709799 114.378295 115.098973 104.069487 104.552959 105.095613 105.696535 106.354738 107.069166 107.838702 100.358051 100.870613 101.444201 102.077786 102.770260 103.520439 104.327079 92.887593 93.441143 94.060048 94.743027 95.488706 96.295628 97.162267 
143.506773 70.513977 144.413230 72.340915 65.117193 64.148702 63.190893 62.244259 61.978126 60.959784 59.951049 58.952413 67.902114 66.285902 64.729033 63.235890 61.811092 60.459471 59.186039 62.290427 60.524549 58.815371 57.167981 55.587870 54.080937 52.653466 5.080000 2.540000 0.000000 2.540000 5.080000 114.080594 114.521811 115.017441 115.566783 116.169076 116.823500 117.529186 106.569622 107.041803 107.571901 108.159066 108.802373 109.500833 110.253398 102.853079 103.353268 103.913153 104.531775 105.208098 105.941016 106.729363 95.375117 95.914311 96.517358 97.183070 97.910167 98.697294 99.543026 
145.738371 70.046412 146.631033 71.885233 66.776373 65.832296 64.899339 63.977988 63.516272 62.522988 61.539882 60.567448 69.857260 68.287338 66.777147 65.330831 63.952723 62.647324 61.419272 64.114955 62.400730 60.744366 59.150723 57.625006 56.172750 54.799795 7.620000 5.080000 2.540000 0.000000 2.540000 116.587396 117.019161 117.504258 118.042027 118.631754 119.272667 119.963946 109.071599 109.532994 110.051094 110.625101 111.254150 111.937312 112.673604 105.350257 105.838645 106.385451 106.989779 107.650660 108.367059 109.137884 97.865336 98.390885 98.978844 99.628109 100.337490 101.105722 101.931473 
147.979914 69.668370 148.859134 71.516912 68.489579 67.569443 66.660802 65.764134 65.117193 64.148702 63.190893 62.244259 71.849006 70.323562 68.858044 67.456359 66.122565 64.860852 63.675504 65.986822 64.322503 62.716914 61.174679 59.700709 58.300181 56.978512 10.160000 7.620000 5.080000 2.540000 0.000000 119.095605 119.518309 119.993303 120.519967 121.097627 121.725557 122.402984 111.575294 112.026378 112.532999 113.094410 113.709799 114.378295 115.098973 107.849434 108.326556 108.860866 109.451526 110.097631 110.798210 111.552237 100.358051 100.870613 101.444201 102.077786 102.770260 103.520439 104.327079 
88.646621 154.117128 53.994614 137.146943 98.482495 97.603295 96.732778 95.871180 102.193032 101.346026 100.507931 99.678971 87.233204 85.430345 83.665758 81.941916 80.261443 78.627120 77.041885 92.705955 91.011572 89.357268 87.745312 86.178080 84.658055 83.187826 109.071599 111.575294 114.080594 116.587396 119.095605 0.000000 2.540000 5.080000 7.620000 10.160000 12.700000 15.240000 7.620000 8.032185 9.158100 10.776307 12.700000 14.810618 17.038838 11.488731 11.862608 12.741868 14.031826 15.631132 17.454959 19.440220 19.105237 19.332372 19.884022 20.734302 21.848373 23.188246 24.717226 
91.158936 155.575761 51.535876 136.197696 100.266029 99.370148 98.482495 97.603295 103.912898 103.048727 102.193032 101.346026 89.072010 87.233204 85.430345 83.665758 81.941916 80.261443 78.627120 94.438262 92.705955 91.011572 89.357268 87.745312 86.178080 84.658055 109.532994 112.026378 114.521811 117.019161 119.518309 2.540000 0.000000 2.540000 5.080000 7.620000 10.160000 12.700000 8.032185 7.620000 8.032185 9.158100 10.776307 12.700000 14.810618 11.668916 11.488731 11.862608 12.741868 14.031826 15.631132 17.454959 19.214128 19.105237 19.332372 19.884022 20.734302 21.848373 23.188246 
93.672744 157.061926 49.085414 135.289481 102.081607 101.169919 100.266029 99.370148 105.665833 104.785335 103.912898 103.048727 90.944584 89.072010 87.233204 85.430345 83.665758 81.941916 80.261443 96.206443 94.438262 92.705955 91.011572 89.357268 87.745312 86.178080 110.051094 112.532999 115.017441 117.504258 119.993303 5.080000 2.540000 0.000000 2.540000 5.080000 7.620000 10.160000 9.158100 8.032185 7.620000 8.032185 9.158100 10.776307 12.700000 12.378993 11.668916 11.488731 11.862608 12.741868 14.031826 15.631132 19.653463 19.214128 19.105237 19.332372 19.884022 20.734302 21.848373 
96.187928 158.574851 46.644534 134.423132 103.927549 103.000884 102.081607 101.169919 107.450219 106.554193 105.665833 104.785335 92.848882 90.944584 89.072010 87.233204 85.430345 83.665758 81.941916 98.008557 96.206443 94.438262 92.705955 91.011572 89.357268 87.745312 110.625101 113.094410 115.566783 118.042027 120.519967 7.620000 5.080000 2.540000 0.000000 2.540000 5.080000 7.620000 10.776307 9.158100 8.032185 7.620000 8.032185 9.158100 10.776307 13.535824 12.378993 11.668916 11.488731 11.862608 12.741868 14.031826 20.401903 19.653463 19.214128 19.105237 19.332372 19.884022 20.734302 
98.704384 160.113776 44.214820 133.599461 105.802268 104.861407 103.927549 103.000884 109.264513 108.353720 107.450219 106.554193 94.782993 92.848882 90.944584 89.072010 87.233204 85.430345 83.665758 99.842766 98.008557 96.206443 94.438262 92.705955 91.011572 89.357268 111.254150 113.709799 116.169076 118.631754 121.097627 10.160000 7.620000 5.080000 2.540000 0.000000 2.540000 5.080000 12.700000 10.776307 9.158100 8.032185 7.620000 8.032185 9.158100 15.036649 13.535824 12.378993 11.668916 11.488731 11.862608 12.741868 21.427084 20.401903 19.653463 19.214128 19.105237 19.332372 19.884022 
101.222015 161.677958 41.798222 132.819265 107.704259 106.749945 105.802268 104.861407 111.107251 110.182415 109.264513 108.353720 96.745128 94.782993 92.848882 90.944584 89.072010 87.233204 85.430345 101.707335 99.842766 98.008557 96.206443 94.438262 92.705955 91.011572 111.937312 114.378295 116.823500 119.272667 121.725557 12.700000 10.160000 7.620000 5.080000 2.540000 0.000000 2.540000 14.810618 12.700000 10.776307 9.158100 8.032185 7.620000 8.032185 16.789469 15.036649 13.535824 12.378993 11.668916 11.488731 11.862608 22.691527 21.427084 20.401903 19.653463 19.214128 19.105237 19.332372 
103.740737 163.266673 39.397151 132.083312 109.632103 108.665035 107.704259 106.749945 112.977042 112.038849 111.107251 110.182415 98.733616 96.745128 94.782993 92.848882 90.944584 89.072010 87.233204 103.600623 101.707335 99.842766 98.008557 96.206443 94.438262 92.705955 112.673604 115.098973 117.529186 119.963946 122.402984 15.240000 12.700000 10.160000 7.620000 5.080000 2.540000 0.000000 17.038838 14.810618 12.700000 10.776307 9.158100 8.032185 7.620000 18.723646 16.789469 15.036649 13.535824 12.378993 11.668916 11.488731 24.157692 22.691527 21.427084 20.401903 19.653463 19.214128 19.105237 
90.099985 147.913059 56.348933 130.136344 93.159298 92.229367 91.307630 90.394338 96.673934 95.778134 94.890875 94.012398 82.103583 80.185475 78.302782 76.458120 74.654308 72.894380 71.181589 87.233204 85.430345 83.665758 81.941916 80.261443 78.627120 77.041885 101.571330 104.069487 106.569622 109.071599 111.575294 7.620000 8.032185 9.158100 10.776307 12.700000 14.810618 17.038838 0.000000 2.540000 5.080000 7.620000 10.160000 12.700000 15.240000 3.885950 4.881715 6.742765 8.944373 11.289019 13.703477 16.156479 11.488731 11.862608 12.741868 14.031826 15.631132 17.454959 19.440220 
92.572866 149.432263 53.997505 129.135573 95.042778 94.097180 93.159298 92.229367 98.490224 97.578041 96.673934 95.778134 84.054682 82.103583 80.185475 78.302782 76.458120 74.654308 72.894380 89.072010 87.233204 85.430345 83.665758 81.941916 80.261443 78.627120 102.066637 104.552959 107.041803 109.532994 112.026378 8.032185 7.620000 8.032185 9.158100 10.776307 12.700000 14.810618 2.540000 0.000000 2.540000 5.080000 7.620000 10.160000 12.700000 4.390134 3.885950 4.881715 6.742765 8.944373 11.289019 13.703477 11.668916 11.488731 11.862608 12.741868 14.031826 15.631132 17.454959 
95.049287 150.978915 51.663932 128.177329 96.956214 95.995863 95.042778 94.097180 100.337940 99.410263 98.490224 97.578041 86.036527 84.054682 82.103583 80.185475 78.302782 76.458120 74.654308 90.944584 89.072010 87.233204 85.430345 83.665758 81.941916 80.261443 102.622438 105.095613 107.571901 110.051094 112.532999 9.158100 8.032185 7.620000 8.032185 9.158100 10.776307 12.700000 5.080000 2.540000 0.000000 2.540000 5.080000 7.620000 10.160000 6.029025 4.390134 3.885950 4.881715 6.742765 8.944373 11.289019 12.378993 11.668916 11.488731 11.862608 12.741868 14.031826 15.631132 
97.528978 152.552179 49.350750 127.262572 98.897869 97.923619 96.956214 95.995863 102.215377 101.273046 100.337940 99.410263 88.047041 86.036527 84.054682 82.103583 80.185475 78.302782 76.458120 92.848882 90.944584 89.072010 87.233204 85.430345 83.665758 81.941916 103.237757 105.696535 108.159066 110.625101 113.094410 10.776307 9.158100 8.032185 7.620000 8.032185 9.158100 10.776307 7.620000 5.080000 2.540000 0.000000 2.540000 5.080000 7.620000 8.144213 6.029025 4.390134 3.885950 4.881715 6.742765 8.944373 13.535824 12.378993 11.668916 11.488731 11.862608 12.741868 14.031826 
100.011696 154.151241 47.060964 126.392247 100.866114 99.878766 98.897869 97.923619 104.120928 103.164735 102.215377 101.273046 90.084307 88.047041 86.036527 84.054682 82.103583 80.185475 78.302782 94.782993 92.848882 90.944584 89.072010 87.233204 85.430345 83.665758 103.911536 106.354738 108.802373 111.254150 113.709799 12.700000 10.776307 9.158100 8.032185 7.620000 8.032185 9.158100 10.160000 7.620000 5.080000 2.540000 0.000000 2.540000 5.080000 10.450382 8.144213 6.029025 4.390134 3.885950 4.881715 6.742765 15.036649 13.535824 12.378993 11.668916 11.488731 11.862608 12.741868 
102.497221 155.775307 44.798162 125.567277 102.859421 101.859726 100.866114 99.878766 106.053077 105.083769 104.120928 103.164735 92.146548 90.084307 88.047041 86.036527 84.054682 82.103583 80.185475 96.745128 94.782993 92.848882 90.944584 89.072010 87.233204 85.430345 104.642646 107.069166 109.500833 111.937312 114.378295 14.810618 12.700000 10.776307 9.158100 8.032185 7.620000 8.032185 12.700000 10.160000 7.620000 5.080000 2.540000 0.000000 2.540000 12.845075 10.450382 8.144213 6.029025 4.390134 3.885950 4.881715 16.789469 15.036649 13.535824 12.378993 11.668916 11.488731 11.862608 
104.985354 157.423602 42.566648 124.788562 104.876361 103.865022 102.859421 101.859726 108.010397 107.028677 106.053077 105.083769 94.232125 92.146548 90.084307 88.047041 86.036527 84.054682 82.103583 98.733616 96.745128 94.782993 92.848882 90.944584 89.072010 87.233204 105.429894 107.838702 110.253398 112.673604 115.098973 17.038838 14.810618 12.700000 10.776307 9.158100 8.032185 7.620000 15.240000 12.700000 10.160000 7.620000 5.080000 2.540000 0.000000 15.286746 12.845075 10.450382 8.144213 6.029025 4.390134 3.885950 18.723646 16.789469 15.036649 13.535824 12.378993 11.668916 11.488731 
91.502788 145.093882 57.483429 126.427130 90.927841 89.968518 89.016975 88.073466 94.317813 93.393317 92.477021 91.569169 80.010109 78.025961 76.074877 74.159466 72.282564 70.447250 68.656858 84.920110 83.053345 81.223115 79.431946 77.682538 75.977777 74.320735 97.865336 100.358051 102.853079 105.350257 107.849434 11.488731 11.668916 12.378993 13.535824 15.036649 16.789469 18.723646 3.885950 4.390134 6.029025 8.144213 10.450382 12.845075 15.286746 0.000000 2.540000 5.080000 7.620000 10.160000 12.700000 15.240000 7.620000 8.032185 9.158100 10.776307 12.700000 14.810618 17.038838 
93.950877 146.650066 55.201012 125.405846 92.868864 91.894702 90.927841 89.968518 96.190454 95.250269 94.317813 93.393317 82.024921 80.010109 78.025961 76.074877 74.159466 72.282564 70.447250 86.821053 84.920110 83.053345 81.223115 79.431946 77.682538 75.977777 98.390885 100.870613 103.353268 105.838645 108.326556 11.862608 11.488731 11.668916 12.378993 13.535824 15.036649 16.789469 4.881715 3.885950 4.390134 6.029025 8.144213 10.450382 12.845075 2.540000 0.000000 2.540000 5.080000 7.620000 10.160000 12.700000 8.032185 7.620000 8.032185 9.158100 10.776307 12.700000 14.810618 
96.403722 148.233438 52.942064 124.428038 94.838193 93.850101 92.868864 91.894702 98.093120 97.138144 96.190454 95.250269 84.068192 82.024921 80.010109 78.025961 76.074877 74.159466 72.282564 88.753977 86.821053 84.920110 83.053345 81.223115 79.431946 77.682538 98.978844 101.444201 103.913153 106.385451 108.860866 12.741868 11.862608 11.488731 11.668916 12.378993 13.535824 15.036649 6.742765 4.881715 3.885950 4.390134 6.029025 8.144213 10.450382 5.080000 2.540000 0.000000 2.540000 5.080000 7.620000 10.160000 9.158100 8.032185 7.620000 8.032185 9.158100 10.776307 12.700000 
98.860969 149.843137 50.709720 123.494737 96.834100 95.832927 94.838193 93.850101 100.024099 99.055173 98.093120 97.138144 86.137898 84.068192 82.024921 80.010109 78.025961 76.074877 74.159466 90.716840 88.753977 86.821053 84.920110 83.053345 81.223115 79.431946 99.628109 102.077786 104.531775 106.989779 109.451526 14.031826 12.741868 11.862608 11.488731 11.668916 12.378993 13.535824 8.944373 6.742765 4.881715 3.885950 4.390134 6.029025 8.144213 7.620000 5.080000 2.540000 0.000000 2.540000 5.080000 7.620000 10.776307 9.158100 8.032185 7.620000 8.032185 9.158100 10.776307 
101.322298 151.478323 48.507653 122.606961 98.854975 97.841512 96.834100 95.832927 101.981780 100.999698 100.024099 99.055173 88.232177 86.137898 84.068192 82.024921 80.010109 78.025961 76.074877 92.707738 90.716840 88.753977 86.821053 84.920110 83.053345 81.223115 100.337490 102.770260 105.208098 107.650660 110.097631 15.631132 14.031826 12.741868 11.862608 11.488731 11.668916 12.378993 11.289019 8.944373 6.742765 4.881715 3.885950 4.390134 6.029025 10.160000 7.620000 5.080000 2.540000 0.000000 2.540000 5.080000 12.700000 10.776307 9.158100 8.032185 7.620000 8.032185 9.158100 
103.787417 153.138181 46.340181 121.765705 100.899319 99.874303 98.854975 97.841512 103.964657 102.970160 101.981780 100.999698 90.349322 88.232177 86.137898 84.068192 82.024921 80.010109 78.025961 94.724905 92.707738 90.716840 88.753977 86.821053 84.920110 83.053345 101.105722 103.520439 105.941016 108.367059 110.798210 17.454959 15.631132 14.031826 12.741868 11.862608 11.488731 11.668916 13.703477 11.289019 8.944373 6.742765 4.881715 3.885950 4.390134 12.700000 10.160000 7.620000 5.080000 2.540000 0.000000 2.540000 14.810618 12.700000 10.776307 9.158100 8.032185 7.620000 8.032185 
106.256064 154.821915 44.212391 120.971939 102.965733 101.929851 100.899319 99.874303 105.971315 104.965099 103.964657 102.970160 92.487762 90.349322 88.232177 86.137898 84.068192 82.024921 80.010109 96.766697 94.724905 92.707738 90.716840 88.753977 86.821053 84.920110 101.931473 104.327079 106.729363 109.137884 111.552237 19.440220 17.454959 15.631132 14.031826 12.741868 11.862608 11.488731 16.156479 13.703477 11.289019 8.944373 6.742765 4.881715 3.885950 15.240000 12.700000 10.160000 7.620000 5.080000 2.540000 0.000000 17.038838 14.810618 12.700000 10.776307 9.158100 8.032185 7.620000 
93.848276 139.116402 61.148045 119.519696 86.154977 85.141893 84.135781 83.136894 89.292992 88.315912 87.346368 86.384613 75.550902 73.446388 71.370219 69.324943 67.313374 65.338628 63.404143 80.010109 78.025961 76.074877 74.159466 72.282564 70.447250 68.656858 90.402988 92.887593 95.375117 97.865336 100.358051 19.105237 19.214128 19.653463 20.401903 21.427084 22.691527 24.157692 11.488731 11.668916 12.378993 13.535824 15.036649 16.789469 18.723646 7.620000 8.032185 9.158100 10.776307 12.700000 14.810618 17.038838 0.000000 2.540000 5.080000 7.620000 10.160000 12.700000 15.240000 
96.236719 140.738696 59.007546 118.438866 88.201098 87.174790 86.154977 85.141893 91.268790 90.277363 89.292992 88.315912 77.681458 75.550902 73.446388 71.370219 69.324943 67.313374 65.338628 82.024921 80.010109 78.025961 76.074877 74.159466 72.282564 70.447250 90.971657 93.441143 95.914311 98.390885 100.870613 19.332372 19.105237 19.214128 19.653463 20.401903 21.427084 22.691527 11.862608 11.488731 11.668916 12.378993 13.535824 15.036649 16.789469 8.032185 7.620000 8.032185 9.158100 10.776307 12.700000 14.810618 2.540000 0.000000 2.540000 5.080000 7.620000 10.160000 12.700000 
98.632735 142.387819 56.899919 117.403046 90.272314 89.233678 88.201098 87.174790 93.271908 92.267045 91.268790 90.277363 79.835971 77.681458 75.550902 73.446388 71.370219 69.324943 67.313374 84.068192 82.024921 80.010109 78.025961 76.074877 74.159466 72.282564 91.607248 94.060048 96.517358 98.978844 101.444201 19.884022 19.332372 19.105237 19.214128 19.653463 20.401903 21.427084 12.741868 11.862608 11.488731 11.668916 12.378993 13.535824 15.036649 9.158100 8.032185 7.620000 8.032185 9.158100 10.776307 12.700000 5.080000 2.540000 0.000000 2.540000 5.080000 7.620000 10.160000 
101.035786 144.062849 54.828956 116.413439 92.366935 91.316799 90.272314 89.233678 95.300624 94.283169 93.271908 92.267045 82.012552 79.835971 77.681458 75.550902 73.446388 71.370219 69.324943 86.137898 84.068192 82.024921 80.010109 78.025961 76.074877 74.159466 92.308377 94.743027 97.183070 99.628109 102.077786 20.734302 19.884022 19.332372 19.105237 19.214128 19.653463 20.401903 14.031826 12.741868 11.862608 11.488731 11.668916 12.378993 13.535824 10.776307 9.158100 8.032185 7.620000 8.032185 9.158100 10.776307 7.620000 5.080000 2.540000 0.000000 2.540000 5.080000 7.620000 
103.445380 145.762894 52.798969 115.471233 94.483405 93.422531 92.366935 91.316799 97.353337 96.324076 95.300624 94.283169 84.209491 82.012552 79.835971 77.681458 75.550902 73.446388 71.370219 88.232177 86.137898 84.068192 82.024921 80.010109 78.025961 76.074877 93.073563 95.488706 97.910167 100.337490 102.770260 21.848373 20.734302 19.884022 19.332372 19.105237 19.214128 19.653463 15.631132 14.031826 12.741868 11.862608 11.488731 11.668916 12.378993 12.700000 10.776307 9.158100 8.032185 7.620000 8.032185 9.158100 10.160000 7.620000 5.080000 2.540000 0.000000 2.540000 5.080000 
105.861072 147.487088 50.814870 114.577596 96.620289 95.549381 94.483405 93.422531 99.428560 98.388223 97.353337 96.324076 86.425235 84.209491 82.012552 79.835971 77.681458 75.550902 73.446388 90.349322 88.232177 86.137898 84.068192 82.024921 80.010109 78.025961 93.901242 96.295628 98.697294 101.105722 103.520439 23.188246 21.848373 20.734302 19.884022 19.332372 19.105237 19.214128 17.454959 15.631132 14.031826 12.741868 11.862608 11.488731 11.668916 14.810618 12.700000 10.776307 9.158100 8.032185 7.620000 8.032185 12.700000 10.160000 7.620000 5.080000 2.540000 0.000000 2.540000 
108.282454 149.234595 48.882248 113.733674 98.776262 97.695968 96.620289 95.549381 101.524914 100.474178 99.428560 98.388223 88.658375 86.425235 84.209491 82.012552 79.835971 77.681458 75.550902 92.487762 90.349322 88.232177 86.137898 84.068192 82.024921 80.010109 94.789775 97.162267 99.543026 101.931473 104.327079 24.717226 23.188246 21.848373 20.734302 19.884022 19.332372 19.105237 19.440220 17.454959 15.631132 14.031826 12.741868 11.862608 11.488731 17.038838 14.810618 12.700000 10.776307 9.158100 8.032185 7.620000 15.240000 12.700000 10.160000 7.620000 5.080000 2.540000 0.000000 
