38
# Board dimensions: 150.000000x150.000000 mm
Added mounting holes at corners
Added 8-pin SOIC at (133.704509,6.815316)
Added 5-pin Edge Connector at (126.442729,91.651416)
Added 8-pin SOIC at (23.639510,67.438176)
Added 8-pin SOIC at (49.494134,108.047449)
Added 5-pin Edge Connector at (39.892290,129.745732)

0.000000 140.000000 140.000000 197.989899 128.717310 128.741484 128.778179 128.827384 133.796824 133.820081 133.855383 133.902722 149.187146 151.261975 153.350804 155.453067 157.568228 65.161009 66.378935 67.598777 68.820434 66.791773 67.980488 69.172093 70.366440 112.243061 113.410133 114.579393 115.750777 114.351963 115.497727 116.646064 117.796898 129.533662 130.240831 130.993441 131.790714 132.631845 
140.000000 0.000000 197.989899 140.000000 11.440432 11.709283 12.106069 12.618728 6.475160 6.939129 7.589540 8.383109 88.616253 88.119356 87.693243 87.338948 87.057350 136.480381 137.066043 137.660931 138.264924 131.983628 132.589155 133.204038 133.828148 140.499634 141.433732 142.373031 143.317427 137.097097 138.054219 139.016354 139.983398 163.123046 161.498089 159.896968 158.320407 156.769146 
140.000000 197.989899 0.000000 140.000000 188.838178 187.910833 186.987515 186.068284 192.336428 191.426031 190.519750 189.617643 132.643914 134.973288 137.310132 139.654071 142.004753 79.770094 78.535812 77.302687 76.070776 81.107655 79.894040 78.682204 77.472232 57.837868 57.034835 56.249014 55.481138 61.831107 61.080596 60.347481 59.632403 38.081027 40.421146 42.784070 45.166221 47.564709 
197.989899 140.000000 140.000000 0.000000 138.645573 137.379834 136.114174 134.848596 138.324398 137.055693 135.787012 134.518355 56.484012 55.701206 55.024614 54.458197 54.005421 144.028487 143.348565 142.676707 142.013028 139.774780 139.074063 138.381453 137.697073 102.405378 101.953984 101.516472 101.093022 97.684841 97.211531 96.752576 96.308182 106.208867 103.695843 101.184166 98.673939 96.165276 
128.717310 11.440432 188.838178 138.645573 0.000000 1.270000 2.540000 3.810000 5.080000 5.236344 5.679613 6.350000 85.146329 84.967400 84.864151 84.836857 84.885591 125.656019 126.273632 126.900949 127.537827 121.231106 121.871145 122.521006 123.180532 131.678897 132.657734 133.641471 134.630000 128.489536 129.492484 130.500084 131.512227 154.637057 153.109454 151.609016 150.136557 148.692908 
128.741484 11.709283 187.910833 137.379834 1.270000 0.000000 1.270000 2.540000 5.236344 5.080000 5.236344 5.679613 83.881026 83.699393 83.594577 83.566868 83.616343 125.048254 125.656019 126.273632 126.900949 120.601044 121.231106 121.871145 122.521006 130.705070 131.678897 132.657734 133.641471 127.491350 128.489536 129.492484 130.500084 153.629389 152.091665 150.581086 149.098475 147.644676 
128.778179 12.106069 186.987515 136.114174 2.540000 1.270000 0.000000 1.270000 5.679613 5.236344 5.080000 5.236344 82.615867 82.431446 82.325016 82.296880 82.347118 124.450482 125.048254 125.656019 126.273632 119.981117 120.601044 121.231106 121.871145 129.736365 130.705070 131.678897 132.657734 126.498037 127.491350 128.489536 129.492484 152.625635 151.077695 149.556875 148.064009 146.599952 
128.827384 12.618728 186.068284 134.848596 3.810000 2.540000 1.270000 0.000000 6.350000 5.679613 5.236344 5.080000 81.350860 81.163564 81.055469 81.026892 81.077917 123.862847 124.450482 125.048254 125.656019 119.371483 119.981117 120.601044 121.231106 128.772898 129.736365 130.705070 131.678897 125.509714 126.498037 127.491350 128.489536 151.625874 150.067622 148.536460 147.033234 145.558810 
133.796824 6.475160 192.336428 138.324398 5.080000 5.236344 5.679613 6.350000 0.000000 1.270000 2.540000 3.810000 85.729128 85.400461 85.146329 84.967400 84.864151 130.128789 130.725272 131.331327 131.946823 125.656019 126.273632 126.900949 127.537827 134.984132 135.939171 136.899330 137.864501 131.678897 132.657734 133.641471 134.630000 157.770587 156.191028 154.637057 153.109454 151.609016 
133.820081 6.939129 191.426031 137.055693 5.236344 5.080000 5.236344 5.679613 1.270000 0.000000 1.270000 2.540000 84.472555 84.138980 83.881026 83.699393 83.594577 129.542011 130.128789 130.725272 131.331327 125.048254 125.656019 126.273632 126.900949 134.034320 134.984132 135.939171 136.899330 130.705070 131.678897 132.657734 133.641471 156.783059 155.193449 153.629389 152.091665 150.581086 
133.855383 7.589540 190.519750 135.787012 5.679613 5.236344 5.080000 5.236344 2.540000 1.270000 0.000000 1.270000 83.216390 82.877759 82.615867 82.431446 82.325016 128.965070 129.542011 130.128789 130.725272 124.450482 125.048254 125.656019 126.273632 133.089850 134.034320 134.984132 135.939171 129.736365 130.705070 131.678897 132.657734 155.799625 154.199877 152.625635 151.077695 149.556875 
133.902722 8.383109 189.617643 134.518355 6.350000 5.679613 5.236344 5.080000 3.810000 2.540000 1.270000 0.000000 81.960652 81.616811 81.350860 81.163564 81.055469 128.398099 128.965070 129.542011 130.128789 123.862847 124.450482 125.048254 125.656019 132.150834 133.089850 134.034320 134.984132 128.772898 129.736365 130.705070 131.678897 154.820361 153.210389 151.625874 150.067622 148.536460 
149.187146 88.616253 132.643914 56.484012 85.146329 83.881026 82.615867 81.350860 85.729128 84.472555 83.216390 81.960652 0.000000 2.540000 5.080000 7.620000 10.160000 105.616206 105.332304 105.062987 104.808369 100.678243 100.380376 100.097737 99.830456 78.676021 78.950459 79.244304 79.557338 73.715161 74.007998 74.321385 74.655065 94.562970 92.243866 89.936696 87.642405 85.362029 
151.261975 88.119356 134.973288 55.701206 84.967400 83.699393 82.431446 81.163564 85.400461 84.138980 82.877759 81.616811 2.540000 0.000000 2.540000 5.080000 7.620000 108.090124 107.812737 107.549632 107.300914 103.145500 102.854779 102.578958 102.318158 81.161978 81.428039 81.712974 82.016587 76.193628 76.476975 76.780287 77.103326 96.893154 94.562970 92.243866 89.936696 87.642405 
153.350804 87.693243 137.310132 55.024614 84.864151 83.594577 82.325016 81.055469 85.146329 83.881026 82.615867 81.350860 5.080000 2.540000 0.000000 2.540000 5.080000 110.567039 110.295881 110.038713 109.795634 105.616206 105.332304 105.062987 104.808369 83.651183 83.909351 84.185888 84.480614 78.676021 78.950459 79.244304 79.557338 99.233635 96.893154 94.562970 92.243866 89.936696 
155.453067 87.338948 139.654071 54.458197 84.836857 83.566868 82.296880 81.026892 84.967400 83.699393 82.431446 81.163564 7.620000 5.080000 2.540000 0.000000 2.540000 113.046753 112.781557 112.530071 112.292385 108.090124 107.812737 107.549632 107.300914 86.143353 86.394074 86.662683 86.949014 81.161978 81.428039 81.712974 82.016587 101.583702 99.233635 96.893154 94.562970 92.243866 
157.568228 87.057350 142.004753 54.005421 84.885591 83.616343 82.347118 81.077917 84.864151 83.594577 82.325016 81.055469 10.160000 7.620000 5.080000 2.540000 0.000000 115.529087 115.269603 115.023556 114.791033 110.567039 110.295881 110.038713 109.795634 88.638238 88.881922 89.143035 89.421424 83.651183 83.909351 84.185888 84.480614 103.942705 101.583702 99.233635 96.893154 94.562970 
65.161009 136.480381 79.770094 144.028487 125.656019 125.048254 124.450482 123.862847 130.128789 129.542011 128.965070 128.398099 105.616206 108.090124 110.567039 113.046753 115.529087 0.000000 1.270000 2.540000 3.810000 5.080000 5.236344 5.679613 6.350000 48.141195 49.217224 50.302300 51.395851 51.049624 52.065579 53.092474 54.129685 64.392425 65.079952 65.858326 66.724367 67.674711 
66.378935 137.066043 78.535812 143.348565 126.273632 125.656019 125.048254 124.450482 130.725272 130.128789 129.542011 128.965070 105.332304 107.812737 110.295881 112.781557 115.269603 1.270000 0.000000 1.270000 2.540000 5.236344 5.080000 5.236344 5.679613 47.074835 48.141195 49.217224 50.302300 50.045274 51.049624 52.065579 53.092474 63.164358 63.865107 64.658107 65.540010 66.507280 
67.598777 137.660931 77.302687 142.676707 126.900949 126.273632 125.656019 125.048254 131.331327 130.725272 130.128789 129.542011 105.062987 107.549632 110.038713 112.530071 115.023556 2.540000 1.270000 0.000000 1.270000 5.679613 5.236344 5.080000 5.236344 46.018813 47.074835 48.141195 49.217224 49.053242 50.045274 51.049624 52.065579 61.937982 62.652449 63.460604 64.358919 65.343674 
68.820434 138.264924 76.070776 142.013028 127.537827 126.900949 126.273632 125.656019 131.946823 131.331327 130.725272 130.128789 104.808369 107.300914 109.795634 112.292385 114.791033 3.810000 2.540000 1.270000 0.000000 6.350000 5.679613 5.236344 5.080000 44.973861 46.018813 47.074835 48.141195 48.074292 49.053242 50.045274 51.049624 60.713400 61.442108 62.265975 63.181277 64.184103 
66.791773 131.983628 81.107655 139.774780 121.231106 120.601044 119.981117 119.371483 125.656019 125.048254 124.450482 123.862847 100.678243 103.145500 105.616206 108.090124 110.567039 5.080000 5.236344 5.679613 6.350000 0.000000 1.270000 2.540000 3.810000 45.614670 46.748888 47.889924 49.037301 48.141195 49.217224 50.302300 51.395851 63.301363 63.798683 64.392425 65.079952 65.858326 
67.980488 132.589155 79.894040 139.074063 121.871145 121.231106 120.601044 119.981117 126.273632 125.656019 125.048254 124.450482 100.380376 102.854779 105.332304 107.812737 110.295881 5.236344 5.080000 5.236344 5.679613 1.270000 0.000000 1.270000 2.540000 44.487790 45.614670 46.748888 47.889924 47.074835 48.141195 49.217224 50.302300 62.051707 62.558961 63.164358 63.865107 64.658107 
69.172093 133.204038 78.682204 138.381453 122.521006 121.871145 121.231106 120.601044 126.900949 126.273632 125.656019 125.048254 100.097737 102.578958 105.062987 107.549632 110.038713 5.679613 5.236344 5.080000 5.236344 2.540000 1.270000 0.000000 1.270000 43.368821 44.487790 45.614670 46.748888 46.018813 47.074835 48.141195 49.217224 60.802893 61.320479 61.937982 62.652449 63.460604 
70.366440 133.828148 77.472232 137.697073 123.180532 122.521006 121.871145 121.231106 127.537827 126.900949 126.273632 125.656019 99.830456 102.318158 104.808369 107.300914 109.795634 6.350000 5.679613 5.236344 5.080000 3.810000 2.540000 1.270000 0.000000 42.258390 43.368821 44.487790 45.614670 44.973861 46.018813 47.074835 48.141195 59.554976 60.083312 60.713400 61.442108 62.265975 
112.243061 140.499634 57.837868 102.405378 131.678897 130.705070 129.736365 128.772898 134.984132 134.034320 133.089850 132.150834 78.676021 81.161978 83.651183 86.143353 88.638238 48.141195 47.074835 46.018813 44.973861 45.614670 44.487790 43.368821 42.258390 0.000000 1.270000 2.540000 3.810000 5.080000 5.236344 5.679613 6.350000 23.727850 22.818525 22.164443 21.788602 21.705460 
113.410133 141.433732 57.034835 101.953984 132.657734 131.678897 130.705070 129.736365 135.939171 134.984132 134.034320 133.089850 78.950459 81.428039 83.909351 86.394074 88.881922 49.217224 48.141195 47.074835 46.018813 46.748888 45.614670 44.487790 43.368821 1.270000 0.000000 1.270000 2.540000 5.236344 5.080000 5.236344 5.679613 22.572331 21.614448 20.922758 20.524191 20.435906 
114.579393 142.373031 56.249014 101.516472 133.641471 132.657734 131.678897 130.705070 136.899330 135.939171 134.984132 134.034320 79.244304 81.712974 84.185888 86.662683 89.143035 50.302300 49.217224 48.141195 47.074835 47.889924 46.748888 45.614670 44.487790 2.540000 1.270000 0.000000 1.270000 5.679613 5.236344 5.080000 5.236344 21.429774 20.418360 19.684686 19.260516 19.166411 
115.750777 143.317427 55.481138 101.093022 134.630000 133.641471 132.657734 131.678897 137.864501 136.899330 135.939171 134.984132 79.557338 82.016587 84.480614 86.949014 89.421424 51.395851 50.302300 49.217224 48.141195 49.037301 47.889924 46.748888 45.614670 3.810000 2.540000 1.270000 0.000000 6.350000 5.679613 5.236344 5.080000 20.302366 19.231752 18.450955 17.997732 17.896988 
114.351963 137.097097 61.831107 97.684841 128.489536 127.491350 126.498037 125.509714 131.678897 130.705070 129.736365 128.772898 73.715161 76.193628 78.676021 81.161978 83.651183 51.049624 50.045274 49.053242 48.074292 48.141195 47.074835 46.018813 44.973861 5.080000 5.236344 5.679613 6.350000 0.000000 1.270000 2.540000 3.810000 26.198702 24.864429 23.727850 22.818525 22.164443 
115.497727 138.054219 61.080596 97.211531 129.492484 128.489536 127.491350 126.498037 132.657734 131.678897 130.705070 129.736365 74.007998 76.476975 78.950459 81.428039 83.909351 52.065579 51.049624 50.045274 49.053242 49.217224 48.141195 47.074835 46.018813 5.236344 5.080000 5.236344 5.679613 1.270000 0.000000 1.270000 2.540000 25.156933 23.764240 22.572331 21.614448 20.922758 
116.646064 139.016354 60.347481 96.752576 130.500084 129.492484 128.489536 127.491350 133.641471 132.657734 131.678897 130.705070 74.321385 76.780287 79.244304 81.712974 84.185888 53.092474 52.065579 51.049624 50.045274 50.302300 49.217224 48.141195 47.074835 5.679613 5.236344 5.080000 5.236344 2.540000 1.270000 0.000000 1.270000 24.137032 22.681802 21.429774 20.418360 19.684686 
117.796898 139.983398 59.632403 96.308182 131.512227 130.500084 129.492484 128.489536 134.630000 133.641471 132.657734 131.678897 74.655065 77.103326 79.557338 82.016587 84.480614 54.129685 53.092474 52.065579 51.049624 51.395851 50.302300 49.217224 48.141195 6.350000 5.679613 5.236344 5.080000 3.810000 2.540000 1.270000 0.000000 23.141893 21.619783 20.302366 19.231752 18.450955 
129.533662 163.123046 38.081027 106.208867 154.637057 153.629389 152.625635 151.625874 157.770587 156.783059 155.799625 154.820361 94.562970 96.893154 99.233635 101.583702 103.942705 64.392425 63.164358 61.937982 60.713400 63.301363 62.051707 60.802893 59.554976 23.727850 22.572331 21.429774 20.302366 26.198702 25.156933 24.137032 23.141893 0.000000 2.540000 5.080000 7.620000 10.160000 
130.240831 161.498089 40.421146 103.695843 153.109454 152.091665 151.077695 150.067622 156.191028 155.193449 154.199877 153.210389 92.243866 94.562970 96.893154 99.233635 101.583702 65.079952 63.865107 62.652449 61.442108 63.798683 62.558961 61.320479 60.083312 22.818525 21.614448 20.418360 19.231752 24.864429 23.764240 22.681802 21.619783 2.540000 0.000000 2.540000 5.080000 7.620000 
130.993441 159.896968 42.784070 101.184166 151.609016 150.581086 149.556875 148.536460 154.637057 153.629389 152.625635 151.625874 89.936696 92.243866 94.562970 96.893154 99.233635 65.858326 64.658107 63.460604 62.265975 64.392425 63.164358 61.937982 60.713400 22.164443 20.922758 19.684686 18.450955 23.727850 22.572331 21.429774 20.302366 5.080000 2.540000 0.000000 2.540000 5.080000 
131.790714 158.320407 45.166221 98.673939 150.136557 149.098475 148.064009 147.033234 153.109454 152.091665 151.077695 150.067622 87.642405 89.936696 92.243866 94.562970 96.893154 66.724367 65.540010 64.358919 63.181277 65.079952 63.865107 62.652449 61.442108 21.788602 20.524191 19.260516 17.997732 22.818525 21.614448 20.418360 19.231752 7.620000 5.080000 2.540000 0.000000 2.540000 
132.631845 156.769146 47.564709 96.165276 148.692908 147.644676 146.599952 145.558810 151.609016 150.581086 149.556875 148.536460 85.362029 87.642405 89.936696 92.243866 94.562970 67.674711 66.507280 65.343674 64.184103 65.858326 64.658107 63.460604 62.265975 21.705460 20.435906 19.166411 17.896988 22.164443 20.922758 19.684686 18.450955 10.160000 7.620000 5.080000 2.540000 0.000000 
