41
# Board dimensions: 150.000000x150.000000 mm
Added mounting holes at corners
Added 8-pin SOIC at (18.522934,84.829491)
Added 8-pin SOIC at (137.964676,94.142117)
Added 5-pin Edge Connector at (86.960051,118.881747)
Added 8-pin SOIC at (29.129742,38.080030)
Added 8-pin SOIC at (99.031087,23.586702)

0.000000 140.000000 140.000000 197.989899 80.966767 82.219202 83.472168 84.725641 81.968389 83.205749 84.444078 85.683333 160.080986 160.791654 161.509182 162.233477 164.324830 165.017222 165.716454 166.422440 140.308596 141.807302 143.335350 144.891814 146.475786 40.945486 41.978197 43.023609 44.080821 44.130459 45.090282 46.065123 47.054047 95.850461 96.104807 96.375220 96.661563 100.838847 101.080642 101.337778 101.610137 
140.000000 0.000000 197.989899 140.000000 149.563350 150.245052 150.934361 151.631173 145.292791 145.994435 146.703717 147.420528 89.419309 90.685427 91.951653 93.217981 89.163560 90.433259 91.702966 92.972681 127.818965 126.685818 125.593823 124.544062 123.537613 120.499814 120.854629 121.221711 121.600950 115.623396 115.993128 116.375546 116.770525 49.584337 50.074241 50.591289 51.134658 44.915128 45.455383 46.024349 46.620977 
140.000000 197.989899 0.000000 140.000000 61.671386 60.432936 59.195822 57.960130 62.980626 61.768431 60.558606 59.351294 142.359156 141.910405 141.471633 141.042931 147.115114 146.680915 146.256454 145.841818 86.021004 88.444456 90.874274 93.309960 95.751068 109.608962 108.370479 107.132734 105.895753 110.838121 109.613527 108.389977 107.167509 153.567686 152.565584 151.567497 150.573507 156.729692 155.747936 154.770373 153.797085 
197.989899 140.000000 140.000000 0.000000 140.060481 139.519598 138.988214 138.466440 135.490729 134.931529 134.382004 133.842275 51.342186 50.084468 48.827385 47.570990 50.895457 49.626418 48.357430 47.088497 63.645886 61.338467 59.050143 56.783223 54.540377 157.663555 156.805079 155.952220 155.105070 153.968702 153.089508 152.215832 151.347769 129.824226 128.637292 127.451959 126.268272 128.113590 126.910658 125.709045 124.508790 
80.966767 149.563350 61.671386 140.060481 0.000000 1.270000 2.540000 3.810000 5.080000 5.236344 5.679613 6.350000 119.804235 119.909640 120.028390 120.160447 124.869489 124.970621 125.084567 125.211291 76.440794 78.722978 81.020507 83.332113 85.656657 47.937631 46.699955 45.464061 44.230100 49.311135 48.108807 46.910046 45.715132 101.154544 100.390727 99.637243 98.894327 105.242630 104.508695 103.785111 103.072097 
82.219202 150.245052 60.432936 139.519598 1.270000 0.000000 1.270000 2.540000 5.236344 5.080000 5.236344 5.679613 119.712211 119.804235 119.909640 120.028390 124.781201 124.869489 124.970621 125.084567 75.883564 78.182014 80.494986 82.821261 85.159750 49.176956 47.937631 46.699955 45.464061 50.516775 49.311135 48.108807 46.910046 101.928462 101.154544 100.390727 99.637243 105.986701 105.242630 104.508695 103.785111 
83.472168 150.934361 59.195822 138.988214 2.540000 1.270000 0.000000 1.270000 5.679613 5.236344 5.080000 5.236344 119.633600 119.712211 119.804235 119.909640 124.705784 124.781201 124.869489 124.970621 75.343621 77.658054 79.986178 82.326832 84.678976 50.417808 49.176956 47.937631 46.699955 51.725496 50.516775 49.311135 48.108807 102.712253 101.928462 101.154544 100.390727 106.740695 105.986701 105.242630 104.508695 
84.725641 151.631173 57.960130 138.466440 3.810000 2.540000 1.270000 0.000000 6.350000 5.679613 5.236344 5.080000 119.568426 119.633600 119.712211 119.804235 124.643263 124.705784 124.781201 124.869489 74.821340 77.151443 79.494405 81.849124 84.214611 51.660076 50.417808 49.176956 47.937631 52.937086 51.725496 50.516775 49.311135 103.505691 102.712253 101.928462 101.154544 107.504406 106.740695 105.986701 105.242630 
81.968389 145.292791 62.980626 135.490729 5.080000 5.236344 5.679613 6.350000 0.000000 1.270000 2.540000 3.810000 114.740285 114.850337 114.974313 115.112168 119.804235 119.909640 120.028390 120.160447 71.928300 74.175374 76.440794 78.722978 81.020507 47.075022 45.814048 44.553587 43.293682 47.937631 46.699955 45.464061 44.230100 97.160102 96.364629 95.579410 94.804702 101.154544 100.390727 99.637243 98.894327 
83.205749 145.994435 61.768431 134.931529 5.236344 5.080000 5.236344 5.679613 1.270000 0.000000 1.270000 2.540000 114.644197 114.740285 114.850337 114.974313 119.712211 119.804235 119.909640 120.028390 71.335829 73.600994 75.883564 78.182014 80.494986 48.336469 47.075022 45.814048 44.553587 49.176956 47.937631 46.699955 45.464061 97.965581 97.160102 96.364629 95.579410 101.928462 101.154544 100.390727 99.637243 
84.444078 146.703717 60.558606 134.382004 5.679613 5.236344 5.080000 5.236344 2.540000 1.270000 0.000000 1.270000 114.562107 114.644197 114.740285 114.850337 119.633600 119.712211 119.804235 119.909640 70.761193 73.044180 75.343621 77.658054 79.986178 49.598353 48.336469 47.075022 45.814048 50.417808 49.176956 47.937631 46.699955 98.780820 97.965581 97.160102 96.364629 102.712253 101.928462 101.154544 100.390727 
85.683333 147.420528 59.351294 133.842275 6.350000 5.679613 5.236344 5.080000 3.810000 2.540000 1.270000 0.000000 114.494047 114.562107 114.644197 114.740285 119.568426 119.633600 119.712211 119.804235 70.204831 72.505338 74.821340 77.151443 79.494405 50.860640 49.598353 48.336469 47.075022 51.660076 50.417808 49.176956 47.937631 99.605580 98.780820 97.965581 97.160102 103.505691 102.712253 101.928462 101.154544 
160.080986 89.419309 142.359156 51.342186 119.804235 119.712211 119.633600 119.568426 114.740285 114.644197 114.562107 114.494047 0.000000 1.270000 2.540000 3.810000 5.080000 5.236344 5.679613 6.350000 56.687927 54.413869 52.164360 49.942717 47.752829 122.425490 121.849152 121.283374 120.728305 117.932370 117.333964 116.746307 116.169561 80.584682 79.475110 78.370409 77.270788 78.256834 77.113774 75.974747 74.839935 
160.791654 90.685427 141.910405 50.084468 119.909640 119.804235 119.712211 119.633600 114.850337 114.740285 114.644197 114.562107 1.270000 0.000000 1.270000 2.540000 5.236344 5.080000 5.236344 5.679613 56.145305 53.848337 51.574167 49.325948 47.107397 123.012240 122.425490 121.849152 121.283374 118.541362 117.932370 117.333964 116.746307 81.698926 80.584682 79.475110 78.370409 79.403751 78.256834 77.113774 75.974747 
161.509182 91.951653 141.471633 48.827385 120.028390 119.909640 119.804235 119.712211 114.974313 114.850337 114.740285 114.644197 2.540000 1.270000 0.000000 1.270000 5.679613 5.236344 5.080000 5.236344 55.626391 53.307067 51.008771 48.734477 46.487707 123.609253 123.012240 122.425490 121.849152 119.160778 118.541362 117.932370 117.333964 82.817655 81.698926 80.584682 79.475110 80.554361 79.403751 78.256834 77.113774 
162.233477 93.217981 141.042931 47.570990 120.160447 120.028390 119.909640 119.804235 115.112168 114.974313 114.850337 114.740285 3.810000 2.540000 1.270000 0.000000 6.350000 5.679613 5.236344 5.080000 55.131853 52.790807 50.469006 48.169234 45.894801 124.216383 123.609253 123.012240 122.425490 119.790455 119.160778 118.541362 117.932370 83.940689 82.817655 81.698926 80.584682 81.708509 80.554361 79.403751 78.256834 
164.324830 89.163560 147.115114 50.895457 124.869489 124.781201 124.705784 124.643263 119.804235 119.712211 119.633600 119.568426 5.080000 5.236344 5.679613 6.350000 0.000000 1.270000 2.540000 3.810000 61.298731 58.983694 56.687927 54.413869 52.164360 126.962868 126.407219 125.861933 125.327143 122.425490 121.849152 121.283374 120.728305 83.158058 82.083279 81.014151 79.950900 80.584682 79.475110 78.370409 77.270788 
165.017222 90.433259 146.680915 49.626418 124.970621 124.869489 124.781201 124.705784 119.909640 119.804235 119.712211 119.633600 5.236344 5.080000 5.236344 5.679613 1.270000 0.000000 1.270000 2.540000 60.797275 58.462384 56.145305 53.848337 51.574167 127.528744 126.962868 126.407219 125.861933 123.012240 122.425490 121.849152 121.283374 84.238270 83.158058 82.083279 81.014151 81.698926 80.584682 79.475110 78.370409 
165.716454 91.702966 146.256454 48.357430 125.084567 124.970621 124.869489 124.781201 120.028390 119.909640 119.804235 119.712211 5.679613 5.236344 5.080000 5.236344 2.540000 1.270000 0.000000 1.270000 60.318394 57.964217 55.626391 53.307067 51.008771 128.104711 127.528744 126.962868 126.407219 123.609253 123.012240 122.425490 121.849152 85.323711 84.238270 83.158058 82.083279 82.817655 81.698926 80.584682 79.475110 
166.422440 92.972681 145.841818 47.088497 125.211291 125.084567 124.970621 124.869489 120.160447 120.028390 119.909640 119.804235 6.350000 5.679613 5.236344 5.080000 3.810000 2.540000 1.270000 0.000000 59.862631 57.489793 55.131853 52.790807 50.469006 128.690633 128.104711 127.528744 126.962868 124.216383 123.609253 123.012240 122.425490 86.414182 85.323711 84.238270 83.158058 83.940689 82.817655 81.698926 80.584682 
140.308596 127.818965 86.021004 63.645886 76.440794 75.883564 75.343621 74.821340 71.928300 71.335829 70.761193 70.204831 56.687927 56.145305 55.626391 55.131853 61.298731 60.797275 60.318394 59.862631 0.000000 2.540000 5.080000 7.620000 10.160000 99.364290 98.334321 97.310025 96.291584 96.496179 95.435261 94.379507 93.329093 96.056522 94.796724 93.537202 92.277967 96.826151 95.576498 94.327389 93.078845 
141.807302 126.685818 88.444456 61.338467 78.722978 78.182014 77.658054 77.151443 74.175374 73.600994 73.044180 72.505338 54.413869 53.848337 53.307067 52.790807 58.983694 58.462384 57.964217 57.489793 2.540000 0.000000 2.540000 5.080000 7.620000 100.863728 99.849227 98.840632 97.838125 97.907792 96.862337 95.822307 94.787883 95.770487 94.506876 93.243439 91.980182 96.408650 95.153515 93.898779 92.644459 
143.335350 125.593823 90.874274 59.050143 81.020507 80.494986 79.986178 79.494405 76.440794 75.883564 75.343621 74.821340 52.164360 51.574167 51.008771 50.469006 56.687927 56.145305 55.626391 55.131853 5.080000 2.540000 0.000000 2.540000 5.080000 102.404221 101.405133 100.412167 99.425507 99.364290 98.334321 97.310025 96.291584 95.551138 94.284588 93.018132 91.751773 96.056522 94.796724 93.537202 92.277967 
144.891814 124.544062 93.309960 56.783223 83.332113 82.821261 82.326832 81.849124 78.722978 78.182014 77.658054 77.151443 49.942717 49.325948 48.734477 48.169234 54.413869 53.848337 53.307067 52.790807 7.620000 5.080000 2.540000 0.000000 2.540000 103.983943 103.000179 102.022739 101.051806 100.863728 99.849227 98.840632 97.838125 95.398937 94.130339 92.861779 91.593259 95.770487 94.506876 93.243439 91.980182 
146.475786 123.537613 95.751068 54.540377 85.656657 85.159750 84.678976 84.214611 81.020507 80.494986 79.986178 79.494405 47.752829 47.107397 46.487707 45.894801 52.164360 51.574167 51.008771 50.469006 10.160000 7.620000 5.080000 2.540000 0.000000 105.601134 104.632577 103.670528 102.715172 102.404221 101.405133 100.412167 99.425507 95.314204 94.044463 92.774729 91.505002 95.551138 94.284588 93.018132 91.751773 
40.945486 120.499814 109.608962 157.663555 47.937631 49.176956 50.417808 51.660076 47.075022 48.336469 49.598353 50.860640 122.425490 123.012240 123.609253 124.216383 126.962868 127.528744 128.104711 128.690633 99.364290 100.863728 102.404221 103.983943 105.601134 0.000000 1.270000 2.540000 3.810000 5.080000 5.236344 5.679613 6.350000 71.388057 71.141088 70.916008 70.713023 76.369226 76.138417 75.928151 75.738601 
41.978197 120.854629 108.370479 156.805079 46.699955 47.937631 49.176956 50.417808 45.814048 47.075022 48.336469 49.598353 121.849152 122.425490 123.012240 123.609253 126.407219 126.962868 127.528744 128.104711 98.334321 99.849227 101.405133 103.000179 104.632577 1.270000 0.000000 1.270000 2.540000 5.236344 5.080000 5.236344 5.679613 71.656685 71.388057 71.141088 70.916008 76.620393 76.369226 76.138417 75.928151 
43.023609 121.221711 107.132734 155.952220 45.464061 46.699955 47.937631 49.176956 44.553587 45.814048 47.075022 48.336469 121.283374 121.849152 122.425490 123.012240 125.861933 126.407219 126.962868 127.528744 97.310025 98.840632 100.412167 102.022739 103.670528 2.540000 1.270000 0.000000 1.270000 5.679613 5.236344 5.080000 5.236344 71.946733 71.656685 71.388057 71.141088 76.891719 76.620393 76.369226 76.138417 
44.080821 121.600950 105.895753 155.105070 44.230100 45.464061 46.699955 47.937631 43.293682 44.553587 45.814048 47.075022 120.728305 121.283374 121.849152 122.425490 125.327143 125.861933 126.407219 126.962868 96.291584 97.838125 99.425507 101.051806 102.715172 3.810000 2.540000 1.270000 0.000000 6.350000 5.679613 5.236344 5.080000 72.257940 71.946733 71.656685 71.388057 77.182990 76.891719 76.620393 76.369226 
44.130459 115.623396 110.838121 153.968702 49.311135 50.516775 51.725496 52.937086 47.937631 49.176956 50.417808 51.660076 117.932370 118.541362 119.160778 119.790455 122.425490 123.012240 123.609253 124.216383 96.496179 97.907792 99.364290 100.863728 102.404221 5.080000 5.236344 5.679613 6.350000 0.000000 1.270000 2.540000 3.810000 66.421859 66.156354 65.914254 65.695816 71.388057 71.141088 70.916008 70.713023 
45.090282 115.993128 109.613527 153.089508 48.108807 49.311135 50.516775 51.725496 46.699955 47.937631 49.176956 50.417808 117.333964 117.932370 118.541362 119.160778 121.849152 122.425490 123.012240 123.609253 95.435261 96.862337 98.334321 99.849227 101.405133 5.236344 5.080000 5.236344 5.679613 1.270000 0.000000 1.270000 2.540000 66.710489 66.421859 66.156354 65.914254 71.656685 71.388057 71.141088 70.916008 
46.065123 116.375546 108.389977 152.215832 46.910046 48.108807 49.311135 50.516775 45.464061 46.699955 47.937631 49.176956 116.746307 117.333964 117.932370 118.541362 121.283374 121.849152 122.425490 123.012240 94.379507 95.822307 97.310025 98.840632 100.412167 5.679613 5.236344 5.080000 5.236344 2.540000 1.270000 0.000000 1.270000 67.021945 66.710489 66.421859 66.156354 71.946733 71.656685 71.388057 71.141088 
47.054047 116.770525 107.167509 151.347769 45.715132 46.910046 48.108807 49.311135 44.230100 45.464061 46.699955 47.937631 116.169561 116.746307 117.333964 117.932370 120.728305 121.283374 121.849152 122.425490 93.329093 94.787883 96.291584 97.838125 99.425507 6.350000 5.679613 5.236344 5.080000 3.810000 2.540000 1.270000 0.000000 67.355910 67.021945 66.710489 66.421859 72.257940 71.946733 71.656685 71.388057 
95.850461 49.584337 153.567686 129.824226 101.154544 101.928462 102.712253 103.505691 97.160102 97.965581 98.780820 99.605580 80.584682 81.698926 82.817655 83.940689 83.158058 84.238270 85.323711 86.414182 96.056522 95.770487 95.551138 95.398937 95.314204 71.388057 71.656685 71.946733 72.257940 66.421859 66.710489 67.021945 67.355910 0.000000 1.270000 2.540000 3.810000 5.080000 5.236344 5.679613 6.350000 
96.104807 50.074241 152.565584 128.637292 100.390727 101.154544 101.928462 102.712253 96.364629 97.160102 97.965581 98.780820 79.475110 80.584682 81.698926 82.817655 82.083279 83.158058 84.238270 85.323711 94.796724 94.506876 94.284588 94.130339 94.044463 71.141088 71.388057 71.656685 71.946733 66.156354 66.421859 66.710489 67.021945 1.270000 0.000000 1.270000 2.540000 5.236344 5.080000 5.236344 5.679613 
96.375220 50.591289 151.567497 127.451959 99.637243 100.390727 101.154544 101.928462 95.579410 96.364629 97.160102 97.965581 78.370409 79.475110 80.584682 81.698926 81.014151 82.083279 83.158058 84.238270 93.537202 93.243439 93.018132 92.861779 92.774729 70.916008 71.141088 71.388057 71.656685 65.914254 66.156354 66.421859 66.710489 2.540000 1.270000 0.000000 1.270000 5.679613 5.236344 5.080000 5.236344 
96.661563 51.134658 150.573507 126.268272 98.894327 99.637243 100.390727 101.154544 94.804702 95.579410 96.364629 97.160102 77.270788 78.370409 79.475110 80.584682 79.950900 81.014151 82.083279 83.158058 92.277967 91.980182 91.751773 91.593259 91.505002 70.713023 70.916008 71.141088 71.388057 65.695816 65.914254 66.156354 66.421859 3.810000 2.540000 1.270000 0.000000 6.350000 5.679613 5.236344 5.080000 
100.838847 44.915128 156.729692 128.113590 105.242630 105.986701 106.740695 107.504406 101.154544 101.928462 102.712253 103.505691 78.256834 79.403751 80.554361 81.708509 80.584682 81.698926 82.817655 83.940689 96.826151 96.408650 96.056522 95.770487 95.551138 76.369226 76.620393 76.891719 77.182990 71.388057 71.656685 71.946733 72.257940 5.080000 5.236344 5.679613 6.350000 0.000000 1.270000 2.540000 3.810000 
101.080642 45.455383 155.747936 126.910658 104.508695 105.242630 105.986701 106.740695 100.390727 101.154544 101.928462 102.712253 77.113774 78.256834 79.403751 80.554361 79.475110 80.584682 81.698926 82.817655 95.576498 95.153515 94.796724 94.506876 94.284588 76.138417 76.369226 76.620393 76.891719 71.141088 71.388057 71.656685 71.946733 5.236344 5.080000 5.236344 5.679613 1.270000 0.000000 1.270000 2.540000 
101.337778 46.024349 154.770373 125.709045 103.785111 104.508695 105.242630 105.986701 99.637243 100.390727 101.154544 101.928462 75.974747 77.113774 78.256834 79.403751 78.370409 79.475110 80.584682 81.698926 94.327389 93.898779 93.537202 93.243439 93.018132 75.928151 76.138417 76.369226 76.620393 70.916008 71.141088 71.388057 71.656685 5.679613 5.236344 5.080000 5.236344 2.540000 1.270000 0.000000 1.270000 
101.610137 46.620977 153.797085 124.508790 103.072097 103.785111 104.508695 105.242630 98.894327 99.637243 100.390727 101.154544 74.839935 75.974747 77.113774 78.256834 77.270788 78.370409 79.475110 80.584682 93.078845 92.644459 92.277967 91.980182 91.751773 75.738601 75.928151 76.138417 76.369226 70.713023 70.916008 71.141088 71.388057 6.350000 5.679613 5.236344 5.080000 3.810000 2.540000 1.270000 0.000000 
