56
# Board dimensions: 150.000000x150.000000 mm
Added mounting holes at corners
Added 14-pin DIP IC at (18.114796,23.887294)
Added 14-pin DIP IC at (51.886665,112.007936)
Added 5-pin Edge Connector at (6.621976,114.516892)
Added 14-pin DIP IC at (46.809895,99.332609)
Added 5-pin Edge Connector at (27.358213,126.073763)

0.000000 140.000000 140.000000 197.989899 22.994080 25.122237 27.320853 29.574220 31.870725 34.201681 36.560498 28.047488 29.817120 31.691685 33.653653 35.688612 37.784770 39.932492 116.829182 119.160017 121.499237 123.846369 126.200969 128.562628 130.930963 120.090278 122.359008 124.638204 126.927303 129.225778 131.533138 133.848924 109.528903 109.595948 109.721767 109.906159 110.148830 103.182888 105.510046 107.846809 110.192567 112.546758 114.908863 117.278404 106.498618 108.754848 111.023337 113.303350 115.594203 117.895267 120.205953 123.120859 123.607351 124.143915 124.729906 125.364629 
140.000000 0.000000 197.989899 140.000000 128.283222 128.681716 129.128952 129.624426 130.167586 130.757838 131.394548 120.751476 121.174741 121.649579 122.175389 122.751514 123.377251 124.051849 141.847776 143.773584 145.718216 147.680929 149.661012 151.657783 153.670593 136.966451 138.959925 140.970975 142.998860 145.042875 147.102346 149.176634 176.472172 174.487589 172.517573 170.562630 168.623283 136.161440 137.933314 139.728893 141.547275 143.387594 145.249014 147.130735 130.773029 132.616915 134.483496 136.371839 138.281052 140.210282 142.158716 168.814828 167.054714 165.314887 163.595995 161.898705 
140.000000 197.989899 0.000000 140.000000 121.820711 119.295786 116.771515 114.247942 111.725113 109.203080 106.681900 122.874812 120.372000 117.870780 115.371254 112.873535 110.377745 107.884020 57.330931 55.907849 54.565948 53.311359 52.150383 51.089404 50.134769 63.713835 62.436405 61.237732 60.122526 59.095513 58.161365 57.324622 30.526229 30.765921 31.211157 31.853319 32.680802 61.915894 60.066956 58.270092 56.530269 54.852914 53.243931 51.709704 67.296546 65.599439 63.958196 62.377227 60.861230 59.415178 58.044299 29.293210 31.274965 33.332536 35.452725 37.624947 
197.989899 140.000000 140.000000 0.000000 175.408503 173.664452 171.940234 170.236452 168.553725 166.892690 165.254002 169.977871 168.177512 166.396448 164.635304 162.894727 161.175382 159.477958 98.785472 97.966430 97.206875 96.508211 95.871770 95.298799 94.790448 91.638347 90.754827 89.934386 89.178764 88.489624 87.868528 87.316929 141.695792 139.216338 136.739106 134.264220 131.791811 108.290384 107.243967 106.247979 105.303849 104.412985 103.576762 102.796512 101.432019 100.314085 99.248578 98.237202 97.281646 96.383571 95.544597 119.154490 116.647434 114.141834 111.637789 109.135406 
22.994080 128.283222 121.820711 175.408503 0.000000 2.540000 5.080000 7.620000 10.160000 12.700000 15.240000 7.620000 8.032185 9.158100 10.776307 12.700000 14.810618 17.038838 94.370476 96.746531 99.130716 101.522459 103.921238 106.326577 108.738041 97.357765 99.662625 101.978657 104.305117 106.641322 108.986645 111.340510 91.355400 91.070726 90.856197 90.712309 90.639399 80.718055 83.097041 85.485292 87.882054 90.286648 92.698465 95.116955 83.730413 86.026135 88.335230 90.656677 92.989550 95.333012 97.686298 102.603681 102.863616 103.185439 103.568574 104.012342 
25.122237 128.681716 119.295786 173.664452 2.540000 0.000000 2.540000 5.080000 7.620000 10.160000 12.700000 8.032185 7.620000 8.032185 9.158100 10.776307 12.700000 14.810618 92.003182 94.370476 96.746531 99.130716 101.522459 103.921238 106.326577 95.064889 97.357765 99.662625 101.978657 104.305117 106.641322 108.986645 88.836155 88.543382 88.322713 88.174691 88.099681 78.349178 80.718055 83.097041 85.485292 87.882054 90.286648 92.698465 81.449196 83.730413 86.026135 88.335230 90.656677 92.989550 95.333012 100.074271 100.340759 100.670647 101.063316 101.518036 
27.320853 129.128952 116.771515 171.940234 5.080000 2.540000 0.000000 2.540000 5.080000 7.620000 10.160000 9.158100 8.032185 7.620000 8.032185 9.158100 10.776307 12.700000 89.645342 92.003182 94.370476 96.746531 99.130716 101.522459 103.921238 92.784886 95.064889 97.357765 99.662625 101.978657 104.305117 106.641322 86.318125 86.016782 85.789616 85.637215 85.559981 75.991357 78.349178 80.718055 83.097041 85.485292 87.882054 90.286648 79.183736 81.449196 83.730413 86.026135 88.335230 90.656677 92.989550 97.545411 97.818788 98.157153 98.559836 99.026052 
29.574220 129.624426 114.247942 170.236452 7.620000 5.080000 2.540000 0.000000 2.540000 5.080000 7.620000 10.776307 9.158100 8.032185 7.620000 8.032185 9.158100 10.776307 87.297724 89.645342 92.003182 94.370476 96.746531 99.130716 101.522459 90.518729 92.784886 95.064889 97.357765 99.662625 101.978657 104.305117 83.801423 83.490997 83.256938 83.099893 83.020298 73.645653 75.991357 78.349178 80.718055 83.097041 85.485292 87.882054 76.935427 79.183736 81.449196 83.730413 86.026135 88.335230 90.656677 95.017146 95.297776 95.645060 96.058274 96.536572 
31.870725 130.167586 111.725113 168.553725 10.160000 7.620000 5.080000 2.540000 0.000000 2.540000 5.080000 12.700000 10.776307 9.158100 8.032185 7.620000 8.032185 9.158100 84.961173 87.297724 89.645342 92.003182 94.370476 96.746531 99.130716 88.267483 90.518729 92.784886 95.064889 97.357765 99.662625 101.978657 81.286169 80.966100 80.724721 80.562740 80.480636 71.313261 73.645653 75.991357 78.349178 80.718055 83.097041 85.485292 74.705815 76.935427 79.183736 81.449196 83.730413 86.026135 88.335230 92.489523 92.777799 93.134480 93.558784 94.049794 
34.201681 130.757838 109.203080 166.892690 12.700000 10.160000 7.620000 5.080000 2.540000 0.000000 2.540000 14.810618 12.700000 10.776307 9.158100 8.032185 7.620000 8.032185 82.636629 84.961173 87.297724 89.645342 92.003182 94.370476 96.746531 86.032320 88.267483 90.518729 92.784886 95.064889 97.357765 99.662625 78.772503 78.442179 78.193009 78.025772 77.940996 68.995531 71.313261 73.645653 75.991357 78.349178 80.718055 83.097041 72.496628 74.705815 76.935427 79.183736 81.449196 83.730413 86.026135 89.962598 90.258945 90.625540 91.061535 91.565937 
36.560498 131.394548 106.681900 165.254002 15.240000 12.700000 10.160000 7.620000 5.080000 2.540000 0.000000 17.038838 14.810618 12.700000 10.776307 9.158100 8.032185 7.620000 80.325134 82.636629 84.961173 87.297724 89.645342 92.003182 94.370476 83.814527 86.032320 88.267483 90.518729 92.784886 95.064889 97.357765 76.260583 75.919330 75.661852 75.489008 75.401380 66.693993 68.995531 71.313261 73.645653 75.991357 78.349178 80.718055 70.309789 72.496628 74.705815 76.935427 79.183736 81.449196 83.730413 87.436430 87.741310 88.118380 88.566717 89.085247 
28.047488 120.751476 122.874812 169.977871 7.620000 8.032185 9.158100 10.776307 12.700000 14.810618 17.038838 0.000000 2.540000 5.080000 7.620000 10.160000 12.700000 15.240000 91.919355 94.357153 96.800207 99.248128 101.700565 104.157199 106.617741 94.370476 96.746531 99.130716 101.522459 103.921238 106.326577 108.738041 92.623021 92.132419 91.709565 91.355400 91.070726 78.333616 80.782852 83.237529 85.697179 88.161385 90.629777 93.102021 80.718055 83.097041 85.485292 87.882054 90.286648 92.698465 95.116955 102.199364 102.271250 102.406105 102.603681 102.863616 
29.817120 121.174741 120.372000 168.177512 8.032185 7.620000 8.032185 9.158100 10.776307 12.700000 14.810618 2.540000 0.000000 2.540000 5.080000 7.620000 10.160000 12.700000 89.487243 91.919355 94.357153 96.800207 99.248128 101.700565 104.157199 92.003182 94.370476 96.746531 99.130716 101.522459 103.921238 106.326577 90.139211 89.635014 89.200322 88.836155 88.543382 75.890347 78.333616 80.782852 83.237529 85.697179 88.161385 90.629777 78.349178 80.718055 83.097041 85.485292 87.882054 90.286648 92.698465 99.659693 99.733409 99.871691 100.074271 100.340759 
31.691685 121.649579 117.870780 166.396448 9.158100 8.032185 7.620000 8.032185 9.158100 10.776307 12.700000 5.080000 2.540000 0.000000 2.540000 5.080000 7.620000 10.160000 87.061292 89.487243 91.919355 94.357153 96.800207 99.248128 101.700565 89.645342 92.003182 94.370476 96.746531 99.130716 101.522459 103.921238 87.658621 87.140072 86.692871 86.318125 86.016782 73.453641 75.890347 78.333616 80.782852 83.237529 85.697179 88.161385 75.991357 78.349178 80.718055 83.097041 85.485292 87.882054 90.286648 97.120039 97.195681 97.337569 97.545411 97.818788 
33.653653 122.175389 115.371254 164.635304 10.776307 9.158100 8.032185 7.620000 8.032185 9.158100 10.776307 7.620000 5.080000 2.540000 0.000000 2.540000 5.080000 7.620000 84.642033 87.061292 89.487243 91.919355 94.357153 96.800207 99.248128 87.297724 89.645342 92.003182 94.370476 96.746531 99.130716 101.522459 85.181532 84.647811 84.187372 83.801423 83.490997 71.024174 73.453641 75.890347 78.333616 80.782852 83.237529 85.697179 73.645653 75.991357 78.349178 80.718055 83.097041 85.485292 87.882054 94.580403 94.658075 94.803760 95.017146 95.297776 
35.688612 122.751514 112.873535 162.894727 12.700000 10.776307 9.158100 8.032185 7.620000 8.032185 9.158100 10.160000 7.620000 5.080000 2.540000 0.000000 2.540000 5.080000 82.230055 84.642033 87.061292 89.487243 91.919355 94.357153 96.800207 84.961173 87.297724 89.645342 92.003182 94.370476 96.746531 99.130716 82.708260 82.158473 81.684003 81.286169 80.966100 68.602713 71.024174 73.453641 75.890347 78.333616 80.782852 83.237529 71.313261 73.645653 75.991357 78.349178 80.718055 83.097041 85.485292 92.040788 92.120601 92.270293 92.489523 92.777799 
37.784770 123.377251 110.377745 161.175382 14.810618 12.700000 10.776307 9.158100 8.032185 7.620000 8.032185 12.700000 10.160000 7.620000 5.080000 2.540000 0.000000 2.540000 79.826021 82.230055 84.642033 87.061292 89.487243 91.919355 94.357153 82.636629 84.961173 87.297724 89.645342 92.003182 94.370476 96.746531 80.239157 79.672334 79.182968 78.772503 78.442179 66.190138 68.602713 71.024174 73.453641 75.890347 78.333616 80.782852 68.995531 71.313261 73.645653 75.991357 78.349178 80.718055 83.097041 89.501194 89.583270 89.737194 89.962598 90.258945 
39.932492 124.051849 107.884020 159.477958 17.038838 14.810618 12.700000 10.776307 9.158100 8.032185 7.620000 15.240000 12.700000 10.160000 7.620000 5.080000 2.540000 0.000000 77.430668 79.826021 82.230055 84.642033 87.061292 89.487243 91.919355 80.325134 82.636629 84.961173 87.297724 89.645342 92.003182 94.370476 77.774620 77.189701 76.684494 76.260583 75.919330 63.787458 66.190138 68.602713 71.024174 73.453641 75.890347 78.333616 66.693993 68.995531 71.313261 73.645653 75.991357 78.349178 80.718055 86.961624 87.046095 87.204498 87.436430 87.741310 
116.829182 141.847776 57.330931 98.785472 94.370476 92.003182 89.645342 87.297724 84.961173 82.636629 80.325134 91.919355 89.487243 87.061292 84.642033 82.230055 79.826021 77.430668 0.000000 2.540000 5.080000 7.620000 10.160000 12.700000 15.240000 7.620000 8.032185 9.158100 10.776307 12.700000 14.810618 17.038838 45.334169 42.798293 40.262937 37.728205 35.194233 13.654212 11.335715 9.135786 7.164490 5.665727 5.076829 5.687806 12.927952 10.449539 8.009807 5.659006 3.576995 2.543350 3.611865 28.275297 26.102481 24.001870 21.994164 20.107210 
119.160017 143.773584 55.907849 97.966430 96.746531 94.370476 92.003182 89.645342 87.297724 84.961173 82.636629 94.357153 91.919355 89.487243 87.061292 84.642033 82.230055 79.826021 2.540000 0.000000 2.540000 5.080000 7.620000 10.160000 12.700000 8.032185 7.620000 8.032185 9.158100 10.776307 12.700000 14.810618 45.264699 42.724700 40.184701 37.644702 35.104703 16.039943 13.654212 11.335715 9.135786 7.164490 5.665727 5.076829 15.426412 12.927952 10.449539 8.009807 5.659006 3.576995 2.543350 27.101469 24.826129 22.607233 20.463148 18.420019 
121.499237 145.718216 54.565948 97.206875 99.130716 96.746531 94.370476 92.003182 89.645342 87.297724 84.961173 96.800207 94.357153 91.919355 89.487243 87.061292 84.642033 82.230055 5.080000 2.540000 0.000000 2.540000 5.080000 7.620000 10.160000 9.158100 8.032185 7.620000 8.032185 9.158100 10.776307 12.700000 45.337648 42.801978 40.266853 37.732385 35.198714 18.466868 16.039943 13.654212 11.335715 9.135786 7.164490 5.665727 17.936545 15.426412 12.927952 10.449539 8.009807 5.659006 3.576995 26.122596 23.753675 21.423990 19.147867 16.946902 
123.846369 147.680929 53.311359 96.508211 101.522459 99.130716 96.746531 94.370476 92.003182 89.645342 87.297724 99.248128 96.800207 94.357153 91.919355 89.487243 87.061292 84.642033 7.620000 5.080000 2.540000 0.000000 2.540000 5.080000 7.620000 10.776307 9.158100 8.032185 7.620000 8.032185 9.158100 10.776307 45.552331 43.029313 40.508419 37.990069 35.474807 20.920657 18.466868 16.039943 13.654212 11.335715 9.135786 7.164490 20.454054 17.936545 15.426412 12.927952 10.449539 8.009807 5.659006 25.361262 22.913766 20.488801 18.095425 15.748050 
126.200969 149.661012 52.150383 95.871770 103.921238 101.522459 99.130716 96.746531 94.370476 92.003182 89.645342 101.700565 99.248128 96.800207 94.357153 91.919355 89.487243 87.061292 10.160000 7.620000 5.080000 2.540000 0.000000 2.540000 5.080000 12.700000 10.776307 9.158100 8.032185 7.620000 8.032185 9.158100 45.906759 43.404349 40.906573 38.414334 35.928786 23.392857 20.920657 18.466868 16.039943 13.654212 11.335715 9.135786 22.976514 20.454054 17.936545 15.426412 12.927952 10.449539 8.009807 24.837480 22.332655 19.836778 17.353709 14.889859 
128.562628 151.657783 51.089404 95.298799 106.326577 103.921238 101.522459 99.130716 96.746531 94.370476 92.003182 104.157199 101.700565 99.248128 96.800207 94.357153 91.919355 89.487243 12.700000 10.160000 7.620000 5.080000 2.540000 0.000000 2.540000 14.810618 12.700000 10.776307 9.158100 8.032185 7.620000 8.032185 46.397731 43.923301 41.456804 38.999743 36.554022 25.878192 23.392857 20.920657 18.466868 16.039943 13.654212 11.335715 25.502456 22.976514 20.454054 17.936545 15.426412 12.927952 10.449539 24.566449 22.030830 19.496352 16.963526 14.433222 
130.930963 153.670593 50.134769 94.790448 108.738041 106.326577 103.921238 101.522459 99.130716 96.746531 94.370476 106.617741 104.157199 101.700565 99.248128 96.800207 94.357153 91.919355 15.240000 12.700000 10.160000 7.620000 5.080000 2.540000 0.000000 17.038838 14.810618 12.700000 10.776307 9.158100 8.032185 7.620000 47.020969 44.581145 42.153157 39.739175 37.341915 28.373210 25.878192 23.392857 20.920657 18.466868 16.039943 13.654212 28.030938 25.502456 22.976514 20.454054 17.936545 15.426412 12.927952 24.556539 22.019779 19.483864 16.949172 14.416348 
120.090278 136.966451 63.713835 91.638347 97.357765 95.064889 92.784886 90.518729 88.267483 86.032320 83.814527 94.370476 92.003182 89.645342 87.297724 84.961173 82.636629 80.325134 7.620000 8.032185 9.158100 10.776307 12.700000 14.810618 17.038838 0.000000 2.540000 5.080000 7.620000 10.160000 12.700000 15.240000 52.944170 50.407168 47.870483 45.334169 42.798293 17.940788 16.246009 14.795166 13.666173 12.943524 12.696793 12.953204 13.654212 11.335715 9.135786 7.164490 5.665727 5.076829 5.687806 35.090888 32.779687 30.504894 28.275297 26.102481 
122.359008 138.959925 62.436405 90.754827 99.662625 97.357765 95.064889 92.784886 90.518729 88.267483 86.032320 96.746531 94.370476 92.003182 89.645342 87.297724 84.961173 82.636629 8.032185 7.620000 8.032185 9.158100 10.776307 12.700000 14.810618 2.540000 0.000000 2.540000 5.080000 7.620000 10.160000 12.700000 52.884698 50.344698 47.804699 45.264699 42.724700 19.817016 17.940788 16.246009 14.795166 13.666173 12.943524 12.696793 16.039943 13.654212 11.335715 9.135786 7.164490 5.665727 5.076829 34.152125 31.772710 29.420159 27.101469 24.826129 
124.638204 140.970975 61.237732 89.934386 101.978657 99.662625 97.357765 95.064889 92.784886 90.518729 88.267483 99.130716 96.746531 94.370476 92.003182 89.645342 87.297724 84.961173 9.158100 8.032185 7.620000 8.032185 9.158100 10.776307 12.700000 5.080000 2.540000 0.000000 2.540000 5.080000 7.620000 10.160000 52.947149 50.410296 47.873777 45.337648 42.801978 21.827954 19.817016 17.940788 16.246009 14.795166 13.666173 12.943524 18.466868 16.039943 13.654212 11.335715 9.135786 7.164490 5.665727 33.380654 30.941970 28.520978 26.122596 23.753675 
126.927303 142.998860 60.122526 89.178764 104.305117 101.978657 99.662625 97.357765 95.064889 92.784886 90.518729 101.522459 99.130716 96.746531 94.370476 92.003182 89.645342 87.297724 10.776307 9.158100 8.032185 7.620000 8.032185 9.158100 10.776307 7.620000 5.080000 2.540000 0.000000 2.540000 5.080000 7.620000 53.131093 50.603463 48.077136 45.552331 43.029313 23.939679 21.827954 19.817016 17.940788 16.246009 14.795166 13.666173 20.920657 18.466868 16.039943 13.654212 11.335715 9.135786 7.164490 32.788285 30.301965 27.825344 25.361262 22.913766 
129.225778 145.042875 59.095513 88.489624 106.641322 104.305117 101.978657 99.662625 97.357765 95.064889 92.784886 103.921238 101.522459 99.130716 96.746531 94.370476 92.003182 89.645342 12.700000 10.776307 9.158100 8.032185 7.620000 8.032185 9.158100 10.160000 7.620000 5.080000 2.540000 0.000000 2.540000 5.080000 53.435277 50.922747 48.413084 45.906759 43.404349 26.127765 23.939679 21.827954 19.817016 17.940788 16.246009 14.795166 23.392857 20.920657 18.466868 16.039943 13.654212 11.335715 9.135786 32.384849 29.864961 27.348794 24.837480 22.332655 
131.533138 147.102346 58.161365 87.868528 108.986645 106.641322 104.305117 101.978657 99.662625 97.357765 95.064889 106.326577 103.921238 101.522459 99.130716 96.746531 94.370476 92.003182 14.810618 12.700000 10.776307 9.158100 8.032185 7.620000 8.032185 12.700000 10.160000 7.620000 5.080000 2.540000 0.000000 2.540000 53.857661 51.365797 48.878887 46.397731 43.923301 28.374551 26.127765 23.939679 21.827954 19.817016 17.940788 16.246009 25.878192 23.392857 20.920657 18.466868 16.039943 13.654212 11.335715 32.177452 29.639937 27.102888 24.566449 22.030830 
133.848924 149.176634 57.324622 87.316929 111.340510 108.986645 106.641322 104.305117 101.978657 99.662625 97.357765 108.738041 106.326577 103.921238 101.522459 99.130716 96.746531 94.370476 17.038838 14.810618 12.700000 10.776307 9.158100 8.032185 7.620000 15.240000 12.700000 10.160000 7.620000 5.080000 2.540000 0.000000 54.395494 51.929444 49.470878 47.020969 44.581145 30.667139 28.374551 26.127765 23.939679 21.827954 19.817016 17.940788 28.373210 25.878192 23.392857 20.920657 18.466868 16.039943 13.654212 32.169887 29.631724 27.093906 24.556539 22.019779 
109.528903 176.472172 30.526229 141.695792 91.355400 88.836155 86.318125 83.801423 81.286169 78.772503 76.260583 92.623021 90.139211 87.658621 85.181532 82.708260 80.239157 77.774620 45.334169 45.264699 45.337648 45.552331 45.906759 46.397731 47.020969 52.944170 52.884698 52.947149 53.131093 53.435277 53.857661 54.395494 0.000000 2.540000 5.080000 7.620000 10.160000 42.960812 42.130117 41.438695 40.893609 40.500769 40.264631 40.187958 50.161336 49.451745 48.864033 48.402640 48.071203 47.872422 47.807952 23.739267 25.987391 28.284967 30.620866 32.986948 
109.595948 174.487589 30.765921 139.216338 91.070726 88.543382 86.016782 83.490997 80.966100 78.442179 75.919330 92.132419 89.635014 87.140072 84.647811 82.158473 79.672334 77.189701 42.798293 42.724700 42.801978 43.029313 43.404349 43.923301 44.581145 50.407168 50.344698 50.410296 50.603463 50.922747 51.365797 51.929444 2.540000 0.000000 2.540000 5.080000 7.620000 40.594683 39.714528 38.980282 38.400315 37.981696 37.729796 37.647961 47.746696 47.000664 46.381905 45.895565 45.545888 45.336036 45.267954 21.556074 23.739267 25.987391 28.284967 30.620866 
109.721767 172.517573 31.211157 136.739106 90.856197 88.322713 85.789616 83.256938 80.724721 78.193009 75.661852 91.709565 89.200322 86.692871 84.187372 81.684003 79.182968 76.684494 40.262937 40.184701 40.266853 40.508419 40.906573 41.456804 42.153157 47.870483 47.804699 47.873777 48.077136 48.413084 48.878887 49.470878 5.080000 2.540000 0.000000 2.540000 5.080000 38.250862 37.315465 36.533034 35.913568 35.465609 35.195705 35.107964 45.345756 44.559544 43.906396 43.392321 43.022303 42.800079 42.727956 19.459677 21.556074 23.739267 25.987391 28.284967 
109.906159 170.562630 31.853319 134.264220 90.712309 88.174691 85.637215 83.099893 80.562740 78.025772 75.489008 91.355400 88.836155 86.318125 83.801423 81.286169 78.772503 76.260583 37.728205 37.644702 37.732385 37.990069 38.414334 38.999743 39.739175 45.334169 45.264699 45.337648 45.552331 45.906759 46.397731 47.020969 7.620000 5.080000 2.540000 0.000000 2.540000 35.933715 34.936332 34.099354 33.434829 32.953191 32.662533 32.567967 42.960812 42.130117 41.438695 40.893609 40.500769 40.264631 40.187958 17.481331 19.459677 21.556074 23.739267 25.987391 
110.148830 168.623283 32.680802 131.791811 90.639399 88.099681 85.559981 83.020298 80.480636 77.940996 75.401380 91.070726 88.543382 86.016782 83.490997 80.966100 78.442179 75.919330 35.194233 35.104703 35.198714 35.474807 35.928786 36.554022 37.341915 42.798293 42.724700 42.801978 43.029313 43.404349 43.923301 44.581145 10.160000 7.620000 5.080000 2.540000 0.000000 33.648750 32.581495 31.682369 30.966019 30.445351 30.130510 30.027971 40.594683 39.714528 38.980282 38.400315 37.981696 37.729796 37.647961 15.665824 17.481331 19.459677 21.556074 23.739267 
103.182888 136.161440 61.915894 108.290384 80.718055 78.349178 75.991357 73.645653 71.313261 68.995531 66.693993 78.333616 75.890347 73.453641 71.024174 68.602713 66.190138 63.787458 13.654212 16.039943 18.466868 20.920657 23.392857 25.878192 28.373210 17.940788 19.817016 21.827954 23.939679 26.127765 28.374551 30.667139 42.960812 40.594683 38.250862 35.933715 33.648750 0.000000 2.540000 5.080000 7.620000 10.160000 12.700000 15.240000 7.620000 8.032185 9.158100 10.776307 12.700000 14.810618 17.038838 33.067465 31.640075 30.358435 29.241717 28.309445 
105.510046 137.933314 60.066956 107.243967 83.097041 80.718055 78.349178 75.991357 73.645653 71.313261 68.995531 80.782852 78.333616 75.890347 73.453641 71.024174 68.602713 66.190138 11.335715 13.654212 16.039943 18.466868 20.920657 23.392857 25.878192 16.246009 17.940788 19.817016 21.827954 23.939679 26.127765 28.374551 42.130117 39.714528 37.315465 34.936332 32.581495 2.540000 0.000000 2.540000 5.080000 7.620000 10.160000 12.700000 8.032185 7.620000 8.032185 9.158100 10.776307 12.700000 14.810618 31.049377 29.524581 28.146778 26.938533 25.923565 
107.846809 139.728893 58.270092 106.247979 85.485292 83.097041 80.718055 78.349178 75.991357 73.645653 71.313261 83.237529 80.782852 78.333616 75.890347 73.453641 71.024174 68.602713 9.135786 11.335715 13.654212 16.039943 18.466868 20.920657 23.392857 14.795166 16.246009 17.940788 19.817016 21.827954 23.939679 26.127765 41.438695 38.980282 36.533034 34.099354 31.682369 5.080000 2.540000 0.000000 2.540000 5.080000 7.620000 10.160000 9.158100 8.032185 7.620000 8.032185 9.158100 10.776307 12.700000 29.113116 27.481095 25.995208 24.681862 23.569916 
110.192567 141.547275 56.530269 105.303849 87.882054 85.485292 83.097041 80.718055 78.349178 75.991357 73.645653 85.697179 83.237529 80.782852 78.333616 75.890347 73.453641 71.024174 7.164490 9.135786 11.335715 13.654212 16.039943 18.466868 20.920657 13.666173 14.795166 16.246009 17.940788 19.817016 21.827954 23.939679 40.893609 38.400315 35.913568 33.434829 30.966019 7.620000 5.080000 2.540000 0.000000 2.540000 5.080000 7.620000 10.776307 9.158100 8.032185 7.620000 8.032185 9.158100 10.776307 27.276115 25.526918 23.919945 22.485712 21.259207 
112.546758 143.387594 54.852914 104.412985 90.286648 87.882054 85.485292 83.097041 80.718055 78.349178 75.991357 88.161385 85.697179 83.237529 80.782852 78.333616 75.890347 73.453641 5.665727 7.164490 9.135786 11.335715 13.654212 16.039943 18.466868 12.943524 13.666173 14.795166 16.246009 17.940788 19.817016 21.827954 40.500769 37.981696 35.465609 32.953191 30.445351 10.160000 7.620000 5.080000 2.540000 0.000000 2.540000 5.080000 12.700000 10.776307 9.158100 8.032185 7.620000 8.032185 9.158100 25.559785 23.684165 21.942651 20.369668 19.007105 
114.908863 145.249014 53.243931 103.576762 92.698465 90.286648 87.882054 85.485292 83.097041 80.718055 78.349178 90.629777 88.161385 85.697179 83.237529 80.782852 78.333616 75.890347 5.076829 5.665727 7.164490 9.135786 11.335715 13.654212 16.039943 12.696793 12.943524 13.666173 14.795166 16.246009 17.940788 19.817016 40.264631 37.729796 35.195705 32.662533 30.130510 12.700000 10.160000 7.620000 5.080000 2.540000 0.000000 2.540000 14.810618 12.700000 10.776307 9.158100 8.032185 7.620000 8.032185 23.990039 21.980878 20.092269 18.361446 16.837143 
117.278404 147.130735 51.709704 102.796512 95.116955 92.698465 90.286648 87.882054 85.485292 83.097041 80.718055 93.102021 90.629777 88.161385 85.697179 83.237529 80.782852 78.333616 5.687806 5.076829 5.665727 7.164490 9.135786 11.335715 13.654212 12.953204 12.696793 12.943524 13.666173 14.795166 16.246009 17.940788 40.187958 37.647961 35.107964 32.567967 30.027971 15.240000 12.700000 10.160000 7.620000 5.080000 2.540000 0.000000 17.038838 14.810618 12.700000 10.776307 9.158100 8.032185 7.620000 22.597444 20.451932 18.407113 16.500462 14.785530 
106.498618 130.773029 67.296546 101.432019 83.730413 81.449196 79.183736 76.935427 74.705815 72.496628 70.309789 80.718055 78.349178 75.991357 73.645653 71.313261 68.995531 66.693993 12.927952 15.426412 17.936545 20.454054 22.976514 25.502456 28.030938 13.654212 16.039943 18.466868 20.920657 23.392857 25.878192 28.373210 50.161336 47.746696 45.345756 42.960812 40.594683 7.620000 8.032185 9.158100 10.776307 12.700000 14.810618 17.038838 0.000000 2.540000 5.080000 7.620000 10.160000 12.700000 15.240000 38.052139 36.289017 34.622585 33.067465 31.640075 
108.754848 132.616915 65.599439 100.314085 86.026135 83.730413 81.449196 79.183736 76.935427 74.705815 72.496628 83.097041 80.718055 78.349178 75.991357 73.645653 71.313261 68.995531 10.449539 12.927952 15.426412 17.936545 20.454054 22.976514 25.502456 11.335715 13.654212 16.039943 18.466868 20.920657 23.392857 25.878192 49.451745 47.000664 44.559544 42.130117 39.714528 8.032185 7.620000 8.032185 9.158100 10.776307 12.700000 14.810618 2.540000 0.000000 2.540000 5.080000 7.620000 10.160000 12.700000 36.312145 34.460112 32.700611 31.049377 29.524581 
111.023337 134.483496 63.958196 99.248578 88.335230 86.026135 83.730413 81.449196 79.183736 76.935427 74.705815 85.485292 83.097041 80.718055 78.349178 75.991357 73.645653 71.313261 8.009807 10.449539 12.927952 15.426412 17.936545 20.454054 22.976514 9.135786 11.335715 13.654212 16.039943 18.466868 20.920657 23.392857 48.864033 46.381905 43.906396 41.438695 38.980282 9.158100 8.032185 7.620000 8.032185 9.158100 10.776307 12.700000 5.080000 2.540000 0.000000 2.540000 5.080000 7.620000 10.160000 34.671048 32.726274 30.868101 29.113116 27.481095 
113.303350 136.371839 62.377227 98.237202 90.656677 88.335230 86.026135 83.730413 81.449196 79.183736 76.935427 87.882054 85.485292 83.097041 80.718055 78.349178 75.991357 73.645653 5.659006 8.009807 10.449539 12.927952 15.426412 17.936545 20.454054 7.164490 9.135786 11.335715 13.654212 16.039943 18.466868 20.920657 48.402640 45.895565 43.392321 40.893609 38.400315 10.776307 9.158100 8.032185 7.620000 8.032185 9.158100 10.776307 7.620000 5.080000 2.540000 0.000000 2.540000 5.080000 7.620000 33.143544 31.103408 29.141939 27.276115 25.526918 
115.594203 138.281052 60.861230 97.281646 92.989550 90.656677 88.335230 86.026135 83.730413 81.449196 79.183736 90.286648 87.882054 85.485292 83.097041 80.718055 78.349178 75.991357 3.576995 5.659006 8.009807 10.449539 12.927952 15.426412 17.936545 5.665727 7.164490 9.135786 11.335715 13.654212 16.039943 18.466868 48.071203 45.545888 43.022303 40.500769 37.981696 12.700000 10.776307 9.158100 8.032185 7.620000 8.032185 9.158100 10.160000 7.620000 5.080000 2.540000 0.000000 2.540000 5.080000 31.746034 29.609764 27.542127 25.559785 23.684165 
117.895267 140.210282 59.415178 96.383571 95.333012 92.989550 90.656677 88.335230 86.026135 83.730413 81.449196 92.698465 90.286648 87.882054 85.485292 83.097041 80.718055 78.349178 2.543350 3.576995 5.659006 8.009807 10.449539 12.927952 15.426412 5.076829 5.665727 7.164490 9.135786 11.335715 13.654212 16.039943 47.872422 45.336036 42.800079 40.264631 37.729796 14.810618 12.700000 10.776307 9.158100 8.032185 7.620000 8.032185 12.700000 10.160000 7.620000 5.080000 2.540000 0.000000 2.540000 30.496393 28.265835 26.091916 23.990039 21.980878 
120.205953 142.158716 58.044299 95.544597 97.686298 95.333012 92.989550 90.656677 88.335230 86.026135 83.730413 95.116955 92.698465 90.286648 87.882054 85.485292 83.097041 80.718055 3.611865 2.543350 3.576995 5.659006 8.009807 10.449539 12.927952 5.687806 5.076829 5.665727 7.164490 9.135786 11.335715 13.654212 47.807952 45.267954 42.727956 40.187958 37.647961 17.038838 14.810618 12.700000 10.776307 9.158100 8.032185 7.620000 15.240000 12.700000 10.160000 7.620000 5.080000 2.540000 0.000000 29.413475 27.093910 24.817547 22.597444 20.451932 
123.120859 168.814828 29.293210 119.154490 102.603681 100.074271 97.545411 95.017146 92.489523 89.962598 87.436430 102.199364 99.659693 97.120039 94.580403 92.040788 89.501194 86.961624 28.275297 27.101469 26.122596 25.361262 24.837480 24.566449 24.556539 35.090888 34.152125 33.380654 32.788285 32.384849 32.177452 32.169887 23.739267 21.556074 19.459677 17.481331 15.665824 33.067465 31.049377 29.113116 27.276115 25.559785 23.990039 22.597444 38.052139 36.312145 34.671048 33.143544 31.746034 30.496393 29.413475 0.000000 2.540000 5.080000 7.620000 10.160000 
123.607351 167.054714 31.274965 116.647434 102.863616 100.340759 97.818788 95.297776 92.777799 90.258945 87.741310 102.271250 99.733409 97.195681 94.658075 92.120601 89.583270 87.046095 26.102481 24.826129 23.753675 22.913766 22.332655 22.030830 22.019779 32.779687 31.772710 30.941970 30.301965 29.864961 29.639937 29.631724 25.987391 23.739267 21.556074 19.459677 17.481331 31.640075 29.524581 27.481095 25.526918 23.684165 21.980878 20.451932 36.289017 34.460112 32.726274 31.103408 29.609764 28.265835 27.093910 2.540000 0.000000 2.540000 5.080000 7.620000 
124.143915 165.314887 33.332536 114.141834 103.185439 100.670647 98.157153 95.645060 93.134480 90.625540 88.118380 102.406105 99.871691 97.337569 94.803760 92.270293 89.737194 87.204498 24.001870 22.607233 21.423990 20.488801 19.836778 19.496352 19.483864 30.504894 29.420159 28.520978 27.825344 27.348794 27.102888 27.093906 28.284967 25.987391 23.739267 21.556074 19.459677 30.358435 28.146778 25.995208 23.919945 21.942651 20.092269 18.407113 34.622585 32.700611 30.868101 29.141939 27.542127 26.091916 24.817547 5.080000 2.540000 0.000000 2.540000 5.080000 
124.729906 163.595995 35.452725 111.637789 103.568574 101.063316 98.559836 96.058274 93.558784 91.061535 88.566717 102.603681 100.074271 97.545411 95.017146 92.489523 89.962598 87.436430 21.994164 20.463148 19.147867 18.095425 17.353709 16.963526 16.949172 28.275297 27.101469 26.122596 25.361262 24.837480 24.566449 24.556539 30.620866 28.284967 25.987391 23.739267 21.556074 29.241717 26.938533 24.681862 22.485712 20.369668 18.361446 16.500462 33.067465 31.049377 29.113116 27.276115 25.559785 23.990039 22.597444 7.620000 5.080000 2.540000 0.000000 2.540000 
125.364629 161.898705 37.624947 109.135406 104.012342 101.518036 99.026052 96.536572 94.049794 91.565937 89.085247 102.863616 100.340759 97.818788 95.297776 92.777799 90.258945 87.741310 20.107210 18.420019 16.946902 15.748050 14.889859 14.433222 14.416348 26.102481 24.826129 23.753675 22.913766 22.332655 22.030830 22.019779 32.986948 30.620866 28.284967 25.987391 23.739267 28.309445 25.923565 23.569916 21.259207 19.007105 16.837143 14.785530 31.640075 29.524581 27.481095 25.526918 23.684165 21.980878 20.451932 10.160000 7.620000 5.080000 2.540000 0.000000 
