47
# Board dimensions: 150.000000x150.000000 mm
Added mounting holes at corners
Added 5-pin Edge Connector at (44.269686,27.957916)
Added 14-pin DIP IC at (102.883124,54.870614)
Added 8-pin SOIC at (45.034212,85.844169)
Added 8-pin SOIC at (105.393225,47.737000)
Added 8-pin SOIC at (129.132160,140.319269)

0.000000 140.000000 140.000000 197.989899 45.488177 47.698174 49.939570 52.208320 54.501008 109.855287 111.031430 112.252732 113.517737 114.825000 116.173093 117.560614 116.696132 117.803996 118.955786 120.150238 121.386094 122.662100 123.977019 90.213734 91.353570 92.496798 93.643293 92.580083 93.691135 94.806180 95.925077 109.111185 109.614851 110.130860 110.659038 113.802690 114.285682 114.780695 115.287572 183.630329 184.568203 185.510030 186.455750 187.101809 188.022367 188.946977 189.875580 
140.000000 0.000000 197.989899 140.000000 103.313416 100.838503 98.366907 95.898886 93.434724 65.275642 67.236179 69.234393 71.267117 73.331479 75.424883 77.544976 60.639200 62.744776 64.881464 67.046291 69.236617 71.450096 73.684642 128.564919 129.367289 130.177104 130.994225 124.655896 125.483264 126.317981 127.159903 58.267896 59.205681 60.155659 61.117263 54.941326 55.934910 56.939484 57.954477 136.246442 137.507879 138.769472 140.031218 135.748599 137.014619 138.280713 139.546878 
140.000000 197.989899 0.000000 140.000000 123.454273 124.285555 125.162870 126.085257 127.051734 133.057928 131.350700 129.670752 128.019158 126.397028 124.805512 123.245795 138.759560 137.123338 135.514970 133.935462 132.385845 130.867181 129.380560 71.429339 70.381159 69.340396 68.307387 74.395595 73.389792 72.392296 71.403453 139.781583 138.900885 138.026253 137.157803 143.473665 142.615768 141.764058 140.918645 124.220378 124.179008 124.150617 124.135213 129.296912 129.257167 129.229892 129.215093 
197.989899 140.000000 140.000000 0.000000 154.419705 152.774955 151.154993 149.560622 147.992672 99.484358 97.189155 94.906424 92.637088 90.382155 88.142731 85.920029 96.505651 94.137851 91.779260 89.430606 87.092693 84.766410 82.452742 116.157527 115.515922 114.884773 114.264254 111.815585 111.148919 110.492828 109.847503 105.018036 103.842923 102.670071 101.499556 103.209445 102.013501 100.819368 99.627112 16.543809 16.230263 16.011592 15.891713 11.759538 11.314176 10.998192 10.822924 
45.488177 103.313416 123.454273 154.419705 0.000000 2.540000 5.080000 7.620000 10.160000 64.496731 65.597229 66.776251 68.029716 69.353586 70.743910 72.196848 71.492388 72.486755 73.555427 74.695217 75.902919 77.175346 78.509350 57.891301 59.161192 60.431088 61.700989 58.180552 59.444265 60.708240 61.972462 64.244059 64.646352 65.070949 65.517416 69.095012 69.469219 69.864512 70.280533 140.807361 141.822860 142.842431 143.865988 143.926099 144.919746 145.917680 146.919814 
47.698174 100.838503 124.285555 152.774955 2.540000 0.000000 2.540000 5.080000 7.620000 62.197457 63.337917 64.558214 65.853911 67.220646 68.654178 70.150412 69.145840 70.173466 71.276831 72.452475 73.696939 75.006798 76.378687 57.913474 59.182890 60.452331 61.721794 57.980497 59.248477 60.516542 61.784686 61.832379 62.250260 62.691088 63.154381 66.665270 67.053039 67.462490 67.893232 139.291289 140.317760 141.348189 142.382487 142.352611 143.357164 144.365900 145.378731 
49.939570 98.366907 125.162870 151.154993 5.080000 2.540000 0.000000 2.540000 5.080000 59.917628 61.100657 62.364746 63.705071 65.116924 66.595756 68.137206 66.813443 67.876390 69.016488 70.229980 71.513130 72.862258 74.273769 58.046891 59.313451 60.580156 61.846996 57.891301 59.161192 60.431088 61.700989 59.431392 59.866035 60.324288 60.805617 64.244059 64.646352 65.070949 65.517416 137.805358 138.842815 139.884109 140.929153 140.807361 141.822860 142.842431 143.865988 
52.208320 95.898886 126.085257 149.560622 7.620000 5.080000 2.540000 0.000000 2.540000 57.659552 58.887962 60.198533 61.586020 63.045345 64.571638 66.160264 64.496731 65.597229 66.776251 68.029716 69.353586 70.743910 72.196848 58.290786 59.552160 60.813892 62.075962 57.913474 59.182890 60.452331 61.721794 57.042447 57.495152 57.972149 58.472844 61.832379 62.250260 62.691088 63.154381 136.350553 137.398995 138.451148 139.506927 139.291289 140.317760 141.348189 142.382487 
54.501008 93.434724 127.051734 147.992672 10.160000 7.620000 5.080000 2.540000 0.000000 55.425886 56.702707 58.062624 59.499939 61.009184 62.585153 64.222936 62.197457 63.337917 64.558214 65.853911 67.220646 68.654178 70.150412 58.643782 59.897722 61.152325 62.407551 58.046891 59.313451 60.580156 61.846996 54.667123 55.139334 55.636532 56.158055 59.431392 59.866035 60.324288 60.805617 134.927881 135.987293 137.050284 138.116772 137.805358 138.842815 139.884109 140.929153 
109.855287 65.275642 133.057928 99.484358 64.496731 62.197457 59.917628 57.659552 55.425886 0.000000 2.540000 5.080000 7.620000 10.160000 12.700000 15.240000 7.620000 8.032185 9.158100 10.776307 12.700000 14.810618 17.038838 65.619035 66.227966 66.855478 67.501054 61.187574 61.840156 62.511730 63.201691 7.562345 6.378290 5.234682 4.164975 10.416242 9.591226 8.871918 8.285895 89.389510 90.604288 91.820561 93.038269 91.010885 92.204304 93.399743 94.597125 
111.031430 67.236179 131.350700 97.189155 65.597229 63.337917 61.100657 58.887962 56.702707 2.540000 0.000000 2.540000 5.080000 7.620000 10.160000 12.700000 8.032185 7.620000 8.032185 9.158100 10.776307 12.700000 14.810618 64.459007 65.029207 65.619035 66.227966 59.941848 60.554597 61.187574 61.840156 9.993969 8.770481 7.562345 6.378290 12.295871 11.323885 10.416242 9.591226 86.964688 88.176289 89.389510 90.604288 88.630433 89.819566 91.010885 92.204304 
112.252732 69.234393 129.670752 94.906424 66.776251 64.558214 62.364746 60.198533 58.062624 5.080000 2.540000 0.000000 2.540000 5.080000 7.620000 10.160000 9.158100 8.032185 7.620000 8.032185 9.158100 10.776307 12.700000 63.379593 63.908961 64.459007 65.029207 58.779539 59.349952 59.941848 60.554597 12.468881 11.227791 9.993969 8.770481 14.379917 13.318120 12.295871 11.323885 84.546630 85.754778 86.964688 88.176289 86.259082 87.443573 88.630433 89.819566 
113.517737 71.267117 128.019158 92.637088 68.029716 65.853911 63.705071 61.586020 59.499939 7.620000 5.080000 2.540000 0.000000 2.540000 5.080000 7.620000 10.776307 9.158100 8.032185 7.620000 8.032185 9.158100 10.776307 62.384975 62.871425 63.379593 63.908961 57.705689 58.231242 58.779539 59.349952 14.965619 13.715264 12.468881 11.227791 16.591527 15.473122 14.379917 13.318120 82.135933 83.340321 84.546630 85.754778 83.897605 85.077058 86.259082 87.443573 
114.825000 73.331479 126.397028 90.382155 69.353586 67.220646 65.116924 63.045345 61.009184 10.160000 7.620000 5.080000 2.540000 0.000000 2.540000 5.080000 12.700000 10.776307 9.158100 8.032185 7.620000 8.032185 9.158100 61.479270 61.920756 62.384975 62.871425 56.725322 57.203509 57.705689 58.231242 17.474831 16.219027 14.965619 13.715264 18.885940 17.730365 16.591527 15.473122 79.733265 80.933550 82.135933 83.340321 81.546858 82.720833 83.897605 85.077058 
116.173093 75.424883 124.805512 88.142731 70.743910 68.654178 66.595756 64.571638 62.585153 12.700000 10.160000 7.620000 5.080000 2.540000 0.000000 2.540000 14.810618 12.700000 10.776307 9.158100 8.032185 7.620000 8.032185 60.666460 61.061012 61.479270 61.920756 55.843360 56.271739 56.725322 57.203509 19.991820 18.732549 17.474831 16.219027 21.236334 20.055359 18.885940 17.730365 77.339374 78.535172 79.733265 80.933550 79.207798 80.375804 81.546858 82.720833 
117.560614 77.544976 123.245795 85.920029 72.196848 70.150412 68.137206 66.160264 64.222936 15.240000 12.700000 10.160000 7.620000 5.080000 2.540000 0.000000 17.038838 14.810618 12.700000 10.776307 9.158100 8.032185 7.620000 59.950324 60.296082 60.666460 61.061012 55.064533 55.440770 55.843360 56.271739 22.513978 21.252368 19.991820 18.732549 23.626008 22.427041 21.236334 20.055359 74.955101 76.145978 77.339374 78.535172 76.881492 78.042979 79.207798 80.375804 
116.696132 60.639200 138.759560 96.505651 71.492388 69.145840 66.813443 64.496731 62.197457 7.620000 8.032185 9.158100 10.776307 12.700000 14.810618 17.038838 0.000000 2.540000 5.080000 7.620000 10.160000 12.700000 15.240000 72.426097 72.978252 73.548194 74.135512 67.868857 68.457779 69.065035 69.690145 8.774937 7.777727 6.871125 6.095693 7.133677 5.863691 4.593712 3.323749 87.455781 88.697047 89.939115 91.181953 88.676891 89.901299 91.126954 92.353808 
117.803996 62.744776 137.123338 94.137851 72.486755 70.173466 67.876390 65.597229 63.337917 8.032185 7.620000 8.032185 9.158100 10.776307 12.700000 14.810618 2.540000 0.000000 2.540000 5.080000 7.620000 10.160000 12.700000 71.376785 71.892139 72.426097 72.978252 66.747942 67.298751 67.868857 68.457779 10.940287 9.835233 8.774937 7.777727 9.673660 8.403667 7.133677 5.863691 84.975797 86.215352 87.455781 88.697047 86.232033 87.453784 88.676891 89.901299 
118.955786 64.881464 135.514970 91.779260 73.555427 71.276831 69.016488 66.776251 64.558214 9.158100 8.032185 7.620000 8.032185 9.158100 10.776307 12.700000 5.080000 2.540000 0.000000 2.540000 5.080000 7.620000 10.160000 70.403513 70.880442 71.376785 71.892139 65.706140 66.216912 66.747942 67.298751 13.239465 12.077821 10.940287 9.835233 12.213651 10.943655 9.673660 8.403667 82.499465 83.737154 84.975797 86.215352 83.792835 85.011696 86.232033 87.453784 
120.150238 67.046291 133.935462 89.430606 74.695217 72.452475 70.229980 68.029716 65.853911 10.776307 9.158100 8.032185 7.620000 8.032185 9.158100 10.776307 7.620000 5.080000 2.540000 0.000000 2.540000 5.080000 7.620000 69.509474 69.946393 70.403513 70.880442 64.747272 65.216103 65.706140 66.216912 15.613462 14.419394 13.239465 12.077821 14.753645 13.483647 12.213651 10.943655 80.027124 81.262773 82.499465 83.737154 81.359806 82.575515 83.792835 85.011696 
121.386094 69.236617 132.385845 87.092693 75.902919 73.696939 71.513130 69.353586 67.220646 12.700000 10.776307 9.158100 8.032185 7.620000 8.032185 9.158100 10.160000 7.620000 5.080000 2.540000 0.000000 2.540000 5.080000 68.697762 69.093139 69.509474 69.946393 63.875071 64.300109 64.747272 65.216103 18.032752 16.818659 15.613462 14.419394 17.293640 16.023642 14.753645 13.483647 77.559155 78.792567 80.027124 81.262773 78.933516 80.145780 81.359806 82.575515 
122.662100 71.450096 130.867181 84.766410 77.175346 75.006798 72.862258 70.743910 68.654178 14.810618 12.700000 10.776307 9.158100 8.032185 7.620000 8.032185 12.700000 10.160000 7.620000 5.080000 2.540000 0.000000 2.540000 67.971326 68.323707 68.697762 69.093139 63.093133 63.472602 63.875071 64.300109 20.481292 19.254060 18.032752 16.818659 19.833637 18.563638 17.293640 16.023642 75.095991 76.326943 77.559155 78.792567 76.514608 77.723096 78.933516 80.145780 
123.977019 73.684642 129.380560 82.452742 78.509350 76.378687 74.273769 72.196848 70.150412 17.038838 14.810618 12.700000 10.776307 9.158100 8.032185 7.620000 15.240000 12.700000 10.160000 7.620000 5.080000 2.540000 0.000000 67.332928 67.640959 67.971326 68.323707 62.404851 62.737083 63.093133 63.472602 22.949721 21.713443 20.481292 19.254060 22.373634 21.103635 19.833637 18.563638 72.638118 73.866360 75.095991 76.326943 74.103803 75.308144 76.514608 77.723096 
90.213734 128.564919 71.429339 116.157527 57.891301 57.913474 58.046891 58.290786 58.643782 65.619035 64.459007 63.379593 62.384975 61.479270 60.666460 59.950324 72.426097 71.376785 70.403513 69.509474 68.697762 67.971326 67.332928 0.000000 1.270000 2.540000 3.810000 5.080000 5.236344 5.679613 6.350000 71.381838 70.712004 70.058789 69.422664 75.725958 75.094883 74.480118 73.882070 100.199807 100.895892 101.603083 102.321150 104.499966 105.167593 105.846247 106.535718 
91.353570 129.367289 70.381159 115.515922 59.161192 59.182890 59.313451 59.552160 59.897722 66.227966 65.029207 63.908961 62.871425 61.920756 61.061012 60.296082 72.978252 71.892139 70.880442 69.946393 69.093139 68.323707 67.640959 1.270000 0.000000 1.270000 2.540000 5.236344 5.080000 5.236344 5.679613 72.067828 71.381838 70.712004 70.058789 76.372939 75.725958 75.094883 74.480118 99.515062 100.199807 100.895892 101.603083 103.843580 104.499966 105.167593 105.846247 
92.496798 130.177104 69.340396 114.884773 60.431088 60.452331 60.580156 60.813892 61.152325 66.855478 65.619035 64.459007 63.379593 62.384975 61.479270 60.666460 73.548194 72.426097 71.376785 70.403513 69.509474 68.697762 67.971326 2.540000 1.270000 0.000000 1.270000 5.679613 5.236344 5.080000 5.236344 72.769518 72.067828 71.381838 70.712004 77.035426 76.372939 75.725958 75.094883 98.841891 99.515062 100.199807 100.895892 103.198648 103.843580 104.499966 105.167593 
93.643293 130.994225 68.307387 114.264254 61.700989 61.721794 61.846996 62.075962 62.407551 67.501054 66.227966 65.029207 63.908961 62.871425 61.920756 61.061012 74.135512 72.978252 71.892139 70.880442 69.946393 69.093139 68.323707 3.810000 2.540000 1.270000 0.000000 6.350000 5.679613 5.236344 5.080000 73.486458 72.769518 72.067828 71.381838 77.713020 77.035426 76.372939 75.725958 98.180534 98.841891 99.515062 100.199807 102.565388 103.198648 103.843580 104.499966 
92.580083 124.655896 74.395595 111.815585 58.180552 57.980497 57.891301 57.913474 58.046891 61.187574 59.941848 58.779539 57.705689 56.725322 55.843360 55.064533 67.868857 66.747942 65.706140 64.747272 63.875071 63.093133 62.404851 5.080000 5.236344 5.679613 6.350000 0.000000 1.270000 2.540000 3.810000 67.141087 66.428505 65.732738 65.054324 71.381838 70.712004 70.058789 69.422664 95.975896 96.702390 97.440021 98.188538 100.199807 100.895892 101.603083 102.321150 
93.691135 125.483264 73.389792 111.148919 59.444265 59.248477 59.161192 59.182890 59.313451 61.840156 60.554597 59.349952 58.231242 57.203509 56.271739 55.440770 68.457779 67.298751 66.216912 65.216103 64.300109 63.472602 62.737083 5.236344 5.080000 5.236344 5.679613 1.270000 0.000000 1.270000 2.540000 67.869955 67.141087 66.428505 65.732738 72.067828 71.381838 70.712004 70.058789 95.260793 95.975896 96.702390 97.440021 99.515062 100.199807 100.895892 101.603083 
94.806180 126.317981 72.392296 110.492828 60.708240 60.516542 60.431088 60.452331 60.580156 62.511730 61.187574 59.941848 58.779539 57.705689 56.725322 55.843360 69.065035 67.868857 66.747942 65.706140 64.747272 63.875071 63.093133 5.679613 5.236344 5.080000 5.236344 2.540000 1.270000 0.000000 1.270000 68.614588 67.869955 67.141087 66.428505 72.769518 72.067828 71.381838 70.712004 94.557341 95.260793 95.975896 96.702390 98.841891 99.515062 100.199807 100.895892 
95.925077 127.159903 71.403453 109.847503 61.972462 61.784686 61.700989 61.721794 61.846996 63.201691 61.840156 60.554597 59.349952 58.231242 57.203509 56.271739 69.690145 68.457779 67.298751 66.216912 65.216103 64.300109 63.472602 6.350000 5.679613 5.236344 5.080000 3.810000 2.540000 1.270000 0.000000 69.374479 68.614588 67.869955 67.141087 73.486458 72.769518 72.067828 71.381838 93.865800 94.557341 95.260793 95.975896 98.180534 98.841891 99.515062 100.199807 
109.111185 58.267896 139.781583 105.018036 64.244059 61.832379 59.431392 57.042447 54.667123 7.562345 9.993969 12.468881 14.965619 17.474831 19.991820 22.513978 8.774937 10.940287 13.239465 15.613462 18.032752 20.481292 22.949721 71.381838 72.067828 72.769518 73.486458 67.141087 67.869955 68.614588 69.374479 0.000000 1.270000 2.540000 3.810000 5.080000 5.236344 5.679613 6.350000 95.577265 96.807983 98.039702 99.272386 96.963950 98.177286 99.392038 100.608154 
109.614851 59.205681 138.900885 103.842923 64.646352 62.250260 59.866035 57.495152 55.139334 6.378290 8.770481 11.227791 13.715264 16.219027 18.732549 21.252368 7.777727 9.835233 12.077821 14.419394 16.818659 19.254060 21.713443 70.712004 71.381838 72.067828 72.769518 66.428505 67.141087 67.869955 68.614588 1.270000 0.000000 1.270000 2.540000 5.236344 5.080000 5.236344 5.679613 94.347589 95.577265 96.807983 98.039702 95.752084 96.963950 98.177286 99.392038 
110.130860 60.155659 138.026253 102.670071 65.070949 62.691088 60.324288 57.972149 55.636532 5.234682 7.562345 9.993969 12.468881 14.965619 17.474831 19.991820 6.871125 8.774937 10.940287 13.239465 15.613462 18.032752 20.481292 70.058789 70.712004 71.381838 72.067828 65.732738 66.428505 67.141087 67.869955 2.540000 1.270000 0.000000 1.270000 5.679613 5.236344 5.080000 5.236344 93.118995 94.347589 95.577265 96.807983 94.541744 95.752084 96.963950 98.177286 
110.659038 61.117263 137.157803 101.499556 65.517416 63.154381 60.805617 58.472844 56.158055 4.164975 6.378290 8.770481 11.227791 13.715264 16.219027 18.732549 6.095693 7.777727 9.835233 12.077821 14.419394 16.818659 19.254060 69.422664 70.058789 70.712004 71.381838 65.054324 65.732738 66.428505 67.141087 3.810000 2.540000 1.270000 0.000000 6.350000 5.679613 5.236344 5.080000 91.891528 93.118995 94.347589 95.577265 93.332989 94.541744 95.752084 96.963950 
113.802690 54.941326 143.473665 103.209445 69.095012 66.665270 64.244059 61.832379 59.431392 10.416242 12.295871 14.379917 16.591527 18.885940 21.236334 23.626008 7.133677 9.673660 12.213651 14.753645 17.293640 19.833637 22.373634 75.725958 76.372939 77.035426 77.713020 71.381838 72.067828 72.769518 73.486458 5.080000 5.236344 5.679613 6.350000 0.000000 1.270000 2.540000 3.810000 94.443806 95.689102 96.935040 98.181594 95.577265 96.807983 98.039702 99.272386 
114.285682 55.934910 142.615768 102.013501 69.469219 67.053039 64.646352 62.250260 59.866035 9.591226 11.323885 13.318120 15.473122 17.730365 20.055359 22.427041 5.863691 8.403667 10.943655 13.483647 16.023642 18.563638 21.103635 75.094883 75.725958 76.372939 77.035426 70.712004 71.381838 72.067828 72.769518 5.236344 5.080000 5.236344 5.679613 1.270000 0.000000 1.270000 2.540000 93.199176 94.443806 95.689102 96.935040 94.347589 95.577265 96.807983 98.039702 
114.780695 56.939484 141.764058 100.819368 69.864512 67.462490 65.070949 62.691088 60.324288 8.871918 10.416242 12.295871 14.379917 16.591527 18.885940 21.236334 4.593712 7.133677 9.673660 12.213651 14.753645 17.293640 19.833637 74.480118 75.094883 75.725958 76.372939 70.058789 70.712004 71.381838 72.067828 5.679613 5.236344 5.080000 5.236344 2.540000 1.270000 0.000000 1.270000 91.955240 93.199176 94.443806 95.689102 93.118995 94.347589 95.577265 96.807983 
115.287572 57.954477 140.918645 99.627112 70.280533 67.893232 65.517416 63.154381 60.805617 8.285895 9.591226 11.323885 13.318120 15.473122 17.730365 20.055359 3.323749 5.863691 8.403667 10.943655 13.483647 16.023642 18.563638 73.882070 74.480118 75.094883 75.725958 69.422664 70.058789 70.712004 71.381838 6.350000 5.679613 5.236344 5.080000 3.810000 2.540000 1.270000 0.000000 90.712026 91.955240 93.199176 94.443806 91.891528 93.118995 94.347589 95.577265 
183.630329 136.246442 124.220378 16.543809 140.807361 139.291289 137.805358 136.350553 134.927881 89.389510 86.964688 84.546630 82.135933 79.733265 77.339374 74.955101 87.455781 84.975797 82.499465 80.027124 77.559155 75.095991 72.638118 100.199807 99.515062 98.841891 98.180534 95.975896 95.260793 94.557341 93.865800 95.577265 94.347589 93.118995 91.891528 94.443806 93.199176 91.955240 90.712026 0.000000 1.270000 2.540000 3.810000 5.080000 5.236344 5.679613 6.350000 
184.568203 137.507879 124.179008 16.230263 141.822860 140.317760 138.842815 137.398995 135.987293 90.604288 88.176289 85.754778 83.340321 80.933550 78.535172 76.145978 88.697047 86.215352 83.737154 81.262773 78.792567 76.326943 73.866360 100.895892 100.199807 99.515062 98.841891 96.702390 95.975896 95.260793 94.557341 96.807983 95.577265 94.347589 93.118995 95.689102 94.443806 93.199176 91.955240 1.270000 0.000000 1.270000 2.540000 5.236344 5.080000 5.236344 5.679613 
185.510030 138.769472 124.150617 16.011592 142.842431 141.348189 139.884109 138.451148 137.050284 91.820561 89.389510 86.964688 84.546630 82.135933 79.733265 77.339374 89.939115 87.455781 84.975797 82.499465 80.027124 77.559155 75.095991 101.603083 100.895892 100.199807 99.515062 97.440021 96.702390 95.975896 95.260793 98.039702 96.807983 95.577265 94.347589 96.935040 95.689102 94.443806 93.199176 2.540000 1.270000 0.000000 1.270000 5.679613 5.236344 5.080000 5.236344 
186.455750 140.031218 124.135213 15.891713 143.865988 142.382487 140.929153 139.506927 138.116772 93.038269 90.604288 88.176289 85.754778 83.340321 80.933550 78.535172 91.181953 88.697047 86.215352 83.737154 81.262773 78.792567 76.326943 102.321150 101.603083 100.895892 100.199807 98.188538 97.440021 96.702390 95.975896 99.272386 98.039702 96.807983 95.577265 98.181594 96.935040 95.689102 94.443806 3.810000 2.540000 1.270000 0.000000 6.350000 5.679613 5.236344 5.080000 
187.101809 135.748599 129.296912 11.759538 143.926099 142.352611 140.807361 139.291289 137.805358 91.010885 88.630433 86.259082 83.897605 81.546858 79.207798 76.881492 88.676891 86.232033 83.792835 81.359806 78.933516 76.514608 74.103803 104.499966 103.843580 103.198648 102.565388 100.199807 99.515062 98.841891 98.180534 96.963950 95.752084 94.541744 93.332989 95.577265 94.347589 93.118995 91.891528 5.080000 5.236344 5.679613 6.350000 0.000000 1.270000 2.540000 3.810000 
188.022367 137.014619 129.257167 11.314176 144.919746 143.357164 141.822860 140.317760 138.842815 92.204304 89.819566 87.443573 85.077058 82.720833 80.375804 78.042979 89.901299 87.453784 85.011696 82.575515 80.145780 77.723096 75.308144 105.167593 104.499966 103.843580 103.198648 100.895892 100.199807 99.515062 98.841891 98.177286 96.963950 95.752084 94.541744 96.807983 95.577265 94.347589 93.118995 5.236344 5.080000 5.236344 5.679613 1.270000 0.000000 1.270000 2.540000 
188.946977 138.280713 129.229892 10.998192 145.917680 144.365900 142.842431 141.348189 139.884109 93.399743 91.010885 88.630433 86.259082 83.897605 81.546858 79.207798 91.126954 88.676891 86.232033 83.792835 81.359806 78.933516 76.514608 105.846247 105.167593 104.499966 103.843580 101.603083 100.895892 100.199807 99.515062 99.392038 98.177286 96.963950 95.752084 98.039702 96.807983 95.577265 94.347589 5.679613 5.236344 5.080000 5.236344 2.540000 1.270000 0.000000 1.270000 
189.875580 139.546878 129.215093 10.822924 146.919814 145.378731 143.865988 142.382487 140.929153 94.597125 92.204304 89.819566 87.443573 85.077058 82.720833 80.375804 92.353808 89.901299 87.453784 85.011696 82.575515 80.145780 77.723096 106.535718 105.846247 105.167593 104.499966 102.321150 101.603083 100.895892 100.199807 100.608154 99.392038 98.177286 96.963950 99.272386 98.039702 96.807983 95.577265 6.350000 5.679613 5.236344 5.080000 3.810000 2.540000 1.270000 0.000000 
