62
# Board dimensions: 150.000000x150.000000 mm
Added mounting holes at corners
Added 8-pin SOIC at (57.822551,115.834172)
Added 14-pin DIP IC at (78.515336,19.788822)
Added 8-pin SOIC at (45.988355,131.156092)
Added 14-pin DIP IC at (137.028288,60.544627)
Added 14-pin DIP IC at (27.464374,31.149279)

0.000000 140.000000 140.000000 197.989899 122.777993 123.925652 125.075676 126.228000 125.047667 126.174683 127.304392 128.436722 74.988091 75.530078 76.152969 76.854797 77.633423 78.486559 79.411805 82.472128 82.965238 83.532705 84.173024 84.884548 85.665501 86.514004 132.647672 133.856095 135.065649 136.276302 134.304330 135.497979 136.693005 137.889370 143.236428 144.240399 145.281844 146.359963 147.473953 148.623006 149.806316 150.289221 151.246382 152.239908 153.269091 154.333218 155.431571 156.563430 34.473655 36.437931 38.469676 40.558751 42.696743 44.876659 47.092680 39.860436 41.570955 43.362858 45.226472 47.153296 49.135894 51.167783 
140.000000 0.000000 197.989899 140.000000 141.011068 142.011454 143.016120 144.024976 137.928260 138.950842 139.977477 141.008075 68.109617 68.705885 69.390062 70.159575 71.011649 71.943352 72.951633 60.693970 61.362340 62.127440 62.985745 63.933500 64.966792 66.081608 160.370401 161.371357 162.376076 163.384488 157.284817 158.305284 159.329339 160.356912 56.113757 58.629106 61.146493 63.665676 66.186450 68.708640 71.232096 55.545740 58.085692 60.625647 63.165606 65.705568 68.245533 70.785500 120.409336 120.986355 121.613697 122.290586 123.016206 123.789700 124.610175 112.983315 113.598061 114.265973 114.986125 115.757542 116.579206 117.450063 
140.000000 197.989899 0.000000 140.000000 60.339601 59.736079 59.153669 58.593002 64.833255 64.271943 63.730998 63.210944 145.197602 143.013015 140.840351 138.680170 136.533066 134.399664 132.280628 149.200475 147.075357 144.963590 142.865768 140.782514 138.714483 136.662367 43.263137 42.873633 42.518508 42.198632 48.103504 47.753497 47.434920 47.148411 156.729636 155.375665 154.051675 152.758448 151.496770 150.267436 149.071247 163.200350 161.900502 160.630303 159.390461 158.181689 157.004707 155.860233 116.045831 113.554942 111.066277 108.579990 106.096248 103.615233 101.137147 117.758466 115.304580 112.854505 110.408495 107.966825 105.529797 103.097740 
197.989899 140.000000 140.000000 0.000000 91.926891 91.531879 91.152852 90.790009 87.124260 86.707372 86.307160 85.923857 141.767590 139.529310 137.301531 135.084772 132.879585 130.686555 128.506305 138.357825 136.063465 133.777982 131.501839 129.235530 126.979580 124.734553 99.974795 99.806859 99.654825 99.518768 94.946341 94.769495 94.609367 94.466043 84.830763 82.302349 79.774671 77.247801 74.721822 72.196827 69.672922 84.456106 81.916128 79.376153 76.836178 74.296206 71.756235 69.216267 163.635601 161.878658 160.142727 158.428500 156.736687 155.068023 153.423263 158.251166 156.433761 154.636718 152.860757 151.106620 149.375076 147.666920 
122.777993 141.011068 60.339601 91.926891 0.000000 1.270000 2.540000 3.810000 5.080000 5.236344 5.679613 6.350000 98.249175 95.767644 93.289260 90.814282 88.342994 85.875716 83.412804 100.131528 97.697820 95.269662 92.847489 90.431781 88.023071 85.621950 19.359996 20.379893 21.426535 22.496190 16.744564 17.913989 19.096266 20.289149 96.594423 95.163351 93.779247 92.444223 91.160434 89.930074 88.755365 102.935137 101.593421 100.298091 99.050968 97.853894 96.708728 95.617335 89.961936 87.575124 85.197170 82.828839 80.470979 78.124540 75.790580 87.684410 85.233844 82.788668 80.349377 77.916521 75.490724 73.072689 
123.925652 142.011454 59.736079 91.531879 1.270000 0.000000 1.270000 2.540000 5.236344 5.080000 5.236344 5.679613 99.491048 97.008031 94.528043 92.051328 89.578157 87.108832 84.643690 101.350338 98.914006 96.483021 94.057798 91.638795 89.226516 86.821522 18.371300 19.359996 20.379893 21.426535 15.590883 16.744564 17.913989 19.096266 97.326928 95.873146 94.465297 93.105466 91.795787 90.538437 89.335623 103.622829 102.258593 100.939845 99.668389 98.446059 97.274706 96.156193 91.158447 88.767467 86.384994 84.011751 81.648544 79.296269 76.955929 88.911576 86.458481 84.010553 81.568254 79.132108 76.702699 74.280689 
125.075676 143.016120 59.153669 91.152852 2.540000 1.270000 0.000000 1.270000 5.679613 5.236344 5.080000 5.236344 100.733621 98.249175 95.767644 93.289260 90.814282 88.342994 85.875716 102.570390 100.131528 97.697820 95.269662 92.847489 90.431781 88.023071 17.419118 18.371300 19.359996 20.379893 14.456717 15.590883 16.744564 17.913989 98.070409 96.594423 95.163351 93.779247 92.444223 91.160434 89.930074 104.321450 102.935137 101.593421 100.298091 99.050968 97.853894 96.708728 92.356921 89.961936 87.575124 85.197170 82.828839 80.470979 78.124540 90.139928 87.684410 85.233844 82.788668 80.349377 77.916521 75.490724 
126.228000 144.024976 58.593002 90.790009 3.810000 2.540000 1.270000 0.000000 6.350000 5.679613 5.236344 5.080000 101.976870 99.491048 97.008031 94.528043 92.051328 89.578157 87.108832 103.791640 101.350338 98.914006 96.483021 94.057798 91.638795 89.226516 16.509770 17.419118 18.371300 19.359996 13.347040 14.456717 15.590883 16.744564 98.824618 97.326928 95.873146 94.465297 93.105466 91.795787 90.538437 105.030781 103.622829 102.258593 100.939845 99.668389 98.446059 97.274706 93.557282 91.158447 88.767467 86.384994 84.011751 81.648544 79.296269 91.369419 88.911576 86.458481 84.010553 81.568254 79.132108 76.702699 
125.047667 137.928260 64.833255 87.124260 5.080000 5.236344 5.679613 6.350000 0.000000 1.270000 2.540000 3.810000 97.306054 94.799838 92.295470 89.793103 87.292911 84.795084 82.299839 98.815340 96.348392 93.885340 91.426499 88.972218 86.522884 84.078932 22.822166 23.693498 24.599558 25.536648 19.359996 20.379893 21.426535 22.496190 92.474638 90.978786 89.530014 88.130644 86.783067 85.489732 84.253136 98.687889 97.287615 95.934165 94.629547 93.375807 92.175023 91.029290 91.800847 89.463108 87.136693 84.822533 82.521658 80.235211 77.964463 89.136872 86.727356 84.325500 81.931976 79.547537 77.173025 74.809385 
126.174683 138.950842 64.271943 86.707372 5.236344 5.080000 5.236344 5.679613 1.270000 0.000000 1.270000 2.540000 98.559810 96.052724 93.547414 91.044026 88.542724 86.043689 83.547124 100.050185 97.581397 95.116360 92.655372 90.198765 87.746907 85.300207 21.989691 22.822166 23.693498 24.599558 18.371300 19.359996 20.379893 21.426535 93.239514 91.720969 90.248371 88.824006 87.450230 86.129464 84.864184 99.404968 97.982023 96.604913 95.275625 93.996188 92.768665 91.595144 92.973695 90.630617 88.298429 85.978019 83.670366 81.376555 79.097790 90.344311 87.931196 85.525430 83.127651 80.738570 78.358983 75.989782 
127.304392 139.977477 63.730998 86.307160 5.679613 5.236344 5.080000 5.236344 2.540000 1.270000 0.000000 1.270000 99.813978 97.306054 94.799838 92.295470 89.793103 87.292911 84.795084 101.285899 98.815340 96.348392 93.885340 91.426499 88.972218 86.522884 21.200649 21.989691 22.822166 23.693498 17.419118 18.371300 19.359996 20.379893 94.015324 92.474638 90.978786 89.530014 88.130644 86.783067 85.489732 100.133021 98.687889 97.287615 95.934165 94.629547 93.375807 92.175023 94.149064 91.800847 89.463108 87.136693 84.822533 82.521658 80.235211 91.553443 89.136872 86.727356 84.325500 81.931976 79.547537 77.173025 
128.436722 141.008075 63.210944 85.923857 6.350000 5.679613 5.236344 5.080000 3.810000 2.540000 1.270000 0.000000 101.068540 98.559810 96.052724 93.547414 91.044026 88.542724 86.043689 102.522451 100.050185 97.581397 95.116360 92.655372 90.198765 87.746907 20.460067 21.200649 21.989691 22.822166 16.509770 17.419118 18.371300 19.359996 94.801799 93.239514 91.720969 90.248371 88.824006 87.450230 86.129464 100.871809 99.404968 97.982023 96.604913 95.275625 93.996188 92.768665 95.326861 92.973695 90.630617 88.298429 85.978019 83.670366 81.376555 92.764201 90.344311 87.931196 85.525430 83.127651 80.738570 78.358983 
74.988091 68.109617 145.197602 141.767590 98.249175 99.491048 100.733621 101.976870 97.306054 98.559810 99.813978 101.068540 0.000000 2.540000 5.080000 7.620000 10.160000 12.700000 15.240000 7.620000 8.032185 9.158100 10.776307 12.700000 14.810618 17.038838 116.020142 117.239750 118.460418 119.682112 114.699632 115.933133 117.167414 118.402450 71.307792 72.789369 74.328235 75.920906 77.564068 79.254581 80.989479 77.682707 79.044886 80.464205 81.937695 83.462486 85.035818 86.655049 52.299719 52.909577 53.632912 54.465203 55.401541 56.436745 57.565484 44.892186 45.601218 46.438529 47.397322 48.470387 49.650317 50.929684 
75.530078 68.705885 143.013015 139.529310 95.767644 97.008031 98.249175 99.491048 94.799838 96.052724 97.306054 98.559810 2.540000 0.000000 2.540000 5.080000 7.620000 10.160000 12.700000 8.032185 7.620000 8.032185 9.158100 10.776307 12.700000 14.810618 113.584238 114.801626 116.020142 117.239750 112.235072 113.466936 114.699632 115.933133 69.887147 71.307792 72.789369 74.328235 75.920906 77.564068 79.254581 76.380724 77.682707 79.044886 80.464205 81.937695 83.462486 85.035818 51.807346 52.299719 52.909577 53.632912 54.465203 55.401541 56.436745 44.317591 44.892186 45.601218 46.438529 47.397322 48.470387 49.650317 
76.152969 69.390062 140.840351 137.301531 93.289260 94.528043 95.767644 97.008031 92.295470 93.547414 94.799838 96.052724 5.080000 2.540000 0.000000 2.540000 5.080000 7.620000 10.160000 9.158100 8.032185 7.620000 8.032185 9.158100 10.776307 12.700000 111.152995 112.368015 113.584238 114.801626 109.773952 111.004068 112.235072 113.466936 68.531224 69.887147 71.307792 72.789369 74.328235 75.920906 77.564068 75.142068 76.380724 77.682707 79.044886 80.464205 81.937695 83.462486 51.435832 51.807346 52.299719 52.909577 53.632912 54.465203 55.401541 43.882713 44.317591 44.892186 45.601218 46.438529 47.397322 48.470387 
76.854797 70.159575 138.680170 135.084772 90.814282 92.051328 93.289260 94.528043 89.793103 91.044026 92.295470 93.547414 7.620000 5.080000 2.540000 0.000000 2.540000 5.080000 7.620000 10.776307 9.158100 8.032185 7.620000 8.032185 9.158100 10.776307 108.726724 109.939217 111.152995 112.368015 107.316507 108.544754 109.773952 111.004068 67.243937 68.531224 69.887147 71.307792 72.789369 74.328235 75.920906 73.969919 75.142068 76.380724 77.682707 79.044886 80.464205 81.937695 51.187808 51.435832 51.807346 52.299719 52.909577 53.632912 54.465203 43.591736 43.882713 44.317591 44.892186 45.601218 46.438529 47.397322 
77.633423 71.011649 136.533066 132.879585 88.342994 89.578157 90.814282 92.051328 87.292911 88.542724 89.793103 91.044026 10.160000 7.620000 5.080000 2.540000 0.000000 2.540000 5.080000 12.700000 10.776307 9.158100 8.032185 7.620000 8.032185 9.158100 106.305766 107.515559 108.726724 109.939217 104.862997 106.089244 107.316507 108.544754 66.029303 67.243937 68.531224 69.887147 71.307792 72.789369 74.328235 72.867487 73.969919 75.142068 76.380724 77.682707 79.044886 80.464205 51.065074 51.187808 51.435832 51.807346 52.299719 52.909577 53.632912 43.447549 43.591736 43.882713 44.317591 44.892186 45.601218 46.438529 
78.486559 71.943352 134.399664 130.686555 85.875716 87.108832 88.342994 89.578157 84.795084 86.043689 87.292911 88.542724 12.700000 10.160000 7.620000 5.080000 2.540000 0.000000 2.540000 14.810618 12.700000 10.776307 9.158100 8.032185 7.620000 8.032185 103.890493 105.097395 106.305766 107.515559 102.413705 103.637805 104.862997 106.089244 64.891400 66.029303 67.243937 68.531224 69.887147 71.307792 72.789369 71.837981 72.867487 73.969919 75.142068 76.380724 77.682707 79.044886 51.068533 51.065074 51.187808 51.435832 51.807346 52.299719 52.909577 43.451614 43.447549 43.591736 43.882713 44.317591 44.892186 45.601218 
79.411805 72.951633 132.280628 128.506305 83.412804 84.643690 85.875716 87.108832 82.299839 83.547124 84.795084 86.043689 15.240000 12.700000 10.160000 7.620000 5.080000 2.540000 0.000000 17.038838 14.810618 12.700000 10.776307 9.158100 8.032185 7.620000 101.481311 102.685114 103.890493 105.097395 99.968939 101.190735 102.413705 103.637805 63.834331 64.891400 66.029303 67.243937 68.531224 69.887147 71.307792 70.884580 71.837981 72.867487 73.969919 75.142068 76.380724 77.682707 51.198159 51.068533 51.065074 51.187808 51.435832 51.807346 52.299719 43.603891 43.451614 43.447549 43.591736 43.882713 44.317591 44.892186 
82.472128 60.693970 149.200475 138.357825 100.131528 101.350338 102.570390 103.791640 98.815340 100.050185 101.285899 102.522451 7.620000 8.032185 9.158100 10.776307 12.700000 14.810618 17.038838 0.000000 2.540000 5.080000 7.620000 10.160000 12.700000 15.240000 118.382638 119.578153 120.775189 121.973700 116.757706 117.969690 119.182882 120.397245 65.200676 66.817806 68.490974 70.216174 71.989664 73.807964 75.667844 71.307792 72.789369 74.328235 75.920906 77.564068 79.254581 80.989479 59.760704 60.295144 60.930865 61.664734 62.493294 63.412832 64.419454 52.299719 52.909577 53.632912 54.465203 55.401541 56.436745 57.565484 
82.965238 61.362340 147.075357 136.063465 97.697820 98.914006 100.131528 101.350338 96.348392 97.581397 98.815340 100.050185 8.032185 7.620000 8.032185 9.158100 10.776307 12.700000 14.810618 2.540000 0.000000 2.540000 5.080000 7.620000 10.160000 12.700000 115.996357 117.188689 118.382638 119.578153 114.337517 115.546969 116.757706 117.969690 63.643855 65.200676 66.817806 68.490974 70.216174 71.989664 73.807964 69.887147 71.307792 72.789369 74.328235 75.920906 77.564068 79.254581 59.330280 59.760704 60.295144 60.930865 61.664734 62.493294 63.412832 51.807346 52.299719 52.909577 53.632912 54.465203 55.401541 56.436745 
83.532705 62.127440 144.963590 133.777982 95.269662 96.483021 97.697820 98.914006 93.885340 95.116360 96.348392 97.581397 9.158100 8.032185 7.620000 8.032185 9.158100 10.776307 12.700000 5.080000 2.540000 0.000000 2.540000 5.080000 7.620000 10.160000 113.616741 114.805690 115.996357 117.188689 111.922638 113.129393 114.337517 115.546969 62.151875 63.643855 65.200676 66.817806 68.490974 70.216174 71.989664 68.531224 69.887147 71.307792 72.789369 74.328235 75.920906 77.564068 59.006151 59.330280 59.760704 60.295144 60.930865 61.664734 62.493294 51.435832 51.807346 52.299719 52.909577 53.632912 54.465203 55.401541 
84.173024 62.985745 142.865768 131.501839 92.847489 94.057798 95.269662 96.483021 91.426499 92.655372 93.885340 95.116360 10.776307 9.158100 8.032185 7.620000 8.032185 9.158100 10.776307 7.620000 5.080000 2.540000 0.000000 2.540000 5.080000 7.620000 111.244218 112.429565 113.616741 114.805690 109.513420 110.717298 111.922638 113.129393 60.729516 62.151875 63.643855 65.200676 66.817806 68.490974 70.216174 67.243937 68.531224 69.887147 71.307792 72.789369 74.328235 75.920906 58.790073 59.006151 59.330280 59.760704 60.295144 60.930865 61.664734 51.187808 51.435832 51.807346 52.299719 52.909577 53.632912 54.465203 
84.884548 63.933500 140.782514 129.235530 90.431781 91.638795 92.847489 94.057798 88.972218 90.198765 91.426499 92.655372 12.700000 10.776307 9.158100 8.032185 7.620000 8.032185 9.158100 10.160000 7.620000 5.080000 2.540000 0.000000 2.540000 5.080000 108.879252 110.060760 111.244218 112.429565 107.110245 108.311052 109.513420 110.717298 59.381780 60.729516 62.151875 63.643855 65.200676 66.817806 68.490974 66.029303 67.243937 68.531224 69.887147 71.307792 72.789369 74.328235 58.683241 58.790073 59.006151 59.330280 59.760704 60.295144 60.930865 51.065074 51.187808 51.435832 51.807346 52.299719 52.909577 53.632912 
85.665501 64.966792 138.714483 126.979580 88.023071 89.226516 90.431781 91.638795 86.522884 87.746907 88.972218 90.198765 14.810618 12.700000 10.776307 9.158100 8.032185 7.620000 8.032185 12.700000 10.160000 7.620000 5.080000 2.540000 0.000000 2.540000 106.522346 107.699758 108.879252 110.060760 104.713530 105.911053 107.110245 108.311052 58.113860 59.381780 60.729516 62.151875 63.643855 65.200676 66.817806 64.891400 66.029303 67.243937 68.531224 69.887147 71.307792 72.789369 58.686251 58.683241 58.790073 59.006151 59.330280 59.760704 60.295144 51.068533 51.065074 51.187808 51.435832 51.807346 52.299719 52.909577 
86.514004 66.081608 136.662367 124.734553 85.621950 86.821522 88.023071 89.226516 84.078932 85.300207 86.522884 87.746907 17.038838 14.810618 12.700000 10.776307 9.158100 8.032185 7.620000 15.240000 12.700000 10.160000 7.620000 5.080000 2.540000 0.000000 104.174047 105.347085 106.522346 107.699758 102.323727 103.517734 104.713530 105.911053 56.931089 58.113860 59.381780 60.729516 62.151875 63.643855 65.200676 63.834331 64.891400 66.029303 67.243937 68.531224 69.887147 71.307792 58.799087 58.686251 58.683241 58.790073 59.006151 59.330280 59.760704 51.198159 51.068533 51.065074 51.187808 51.435832 51.807346 52.299719 
132.647672 160.370401 43.263137 99.974795 19.359996 18.371300 17.419118 16.509770 22.822166 21.989691 21.200649 20.460067 116.020142 113.584238 111.152995 108.726724 106.305766 103.890493 101.481311 118.382638 115.996357 113.616741 111.244218 108.879252 106.522346 104.174047 0.000000 1.270000 2.540000 3.810000 5.080000 5.236344 5.679613 6.350000 115.213925 113.674948 112.172378 110.707697 109.282428 107.898134 106.556411 121.325024 119.864535 118.440514 117.054291 115.707226 114.400700 113.136120 101.707918 99.211479 96.717309 94.225587 91.736513 89.250308 86.767220 100.599501 98.074852 95.551016 93.028061 90.506059 87.985092 85.465253 
133.856095 161.371357 42.873633 99.806859 20.379893 19.359996 18.371300 17.419118 23.693498 22.822166 21.989691 21.200649 117.239750 114.801626 112.368015 109.939217 107.515559 105.097395 102.685114 119.578153 117.188689 114.805690 112.429565 110.060760 107.699758 105.347085 1.270000 0.000000 1.270000 2.540000 5.236344 5.080000 5.236344 5.679613 115.996614 114.439977 112.919021 111.435207 109.990039 108.585060 107.221850 122.068536 120.590303 119.147884 117.742594 116.375778 115.048808 113.763079 102.956937 100.459426 97.964100 95.471130 92.980705 90.493037 88.008358 101.862112 99.337078 96.812828 94.289424 91.766936 89.245441 86.725026 
135.065649 162.376076 42.518508 99.654825 21.426535 20.379893 19.359996 18.371300 24.599558 23.693498 22.822166 21.989691 118.460418 116.020142 113.584238 111.152995 108.726724 106.305766 103.890493 120.775189 118.382638 115.996357 113.616741 111.244218 108.879252 106.522346 2.540000 1.270000 0.000000 1.270000 5.679613 5.236344 5.080000 5.236344 116.787869 115.213925 113.674948 112.172378 110.707697 109.282428 107.898134 122.820680 121.325024 119.864535 118.440514 117.054291 115.707226 114.400700 104.206463 101.707918 99.211479 96.717309 94.225587 91.736513 89.250308 103.124904 100.599501 98.074852 95.551016 93.028061 90.506059 87.985092 
136.276302 163.384488 42.198632 99.518768 22.496190 21.426535 20.379893 19.359996 25.536648 24.599558 23.693498 22.822166 119.682112 117.239750 114.801626 112.368015 109.939217 107.515559 105.097395 121.973700 119.578153 117.188689 114.805690 112.429565 110.060760 107.699758 3.810000 2.540000 1.270000 0.000000 6.350000 5.679613 5.236344 5.080000 117.587516 115.996614 114.439977 112.919021 111.435207 109.990039 108.585060 123.581297 122.068536 120.590303 119.147884 117.742594 116.375778 115.048808 105.456477 102.956937 100.459426 97.964100 95.471130 92.980705 90.493037 104.387871 101.862112 99.337078 96.812828 94.289424 91.766936 89.245441 
134.304330 157.284817 48.103504 94.946341 16.744564 15.590883 14.456717 13.347040 19.359996 18.371300 17.419118 16.509770 114.699632 112.235072 109.773952 107.316507 104.862997 102.413705 99.968939 116.757706 114.337517 111.922638 109.513420 107.110245 104.713530 102.323727 5.080000 5.236344 5.679613 6.350000 0.000000 1.270000 2.540000 3.810000 111.243378 109.648687 108.090162 106.569390 105.088010 103.647711 102.250229 117.231322 115.719179 114.243498 112.805712 111.407287 110.049724 108.734553 102.754614 100.284234 97.817421 95.354450 92.895629 90.441294 87.991821 101.276110 98.768757 96.263116 93.759325 91.257534 88.757914 86.260653 
135.497979 158.305284 47.753497 94.769495 17.913989 16.744564 15.590883 14.456717 20.379893 19.359996 18.371300 17.419118 115.933133 113.466936 111.004068 108.544754 106.089244 103.637805 101.190735 117.969690 115.546969 113.129393 110.717298 108.311052 105.911053 103.517734 5.236344 5.080000 5.236344 5.679613 1.270000 0.000000 1.270000 2.540000 112.053805 110.441609 108.864806 107.324955 105.823671 104.362618 102.943507 118.000631 116.470781 114.976692 113.519777 112.101486 110.723303 109.386743 103.991061 101.518995 99.050365 96.585437 94.124501 91.667878 89.215925 102.530389 100.022227 97.515715 95.010980 92.508169 90.007442 87.508976 
136.693005 159.329339 47.434920 94.609367 19.096266 17.913989 16.744564 15.590883 21.426535 20.379893 19.359996 18.371300 117.167414 114.699632 112.235072 109.773952 107.316507 104.862997 102.413705 119.182882 116.757706 114.337517 111.922638 109.513420 107.110245 104.713530 5.679613 5.236344 5.080000 5.236344 2.540000 1.270000 0.000000 1.270000 112.872703 111.243378 109.648687 108.090162 106.569390 105.088010 103.647711 118.778537 117.231322 115.719179 114.243498 112.805712 111.407287 110.049724 105.228308 102.754614 100.284234 97.817421 95.354450 92.895629 90.441294 103.785050 101.276110 98.768757 96.263116 93.759325 91.257534 88.757914 
137.889370 160.356912 47.148411 94.466043 20.289149 19.096266 17.913989 16.744564 22.496190 21.426535 20.379893 19.359996 118.402450 115.933133 113.466936 111.004068 108.544754 106.089244 103.637805 120.397245 117.969690 115.546969 113.129393 110.717298 108.311052 105.911053 6.350000 5.679613 5.236344 5.080000 3.810000 2.540000 1.270000 0.000000 113.699889 112.053805 110.441609 108.864806 107.324955 105.823671 104.362618 119.564871 118.000631 116.470781 114.976692 113.519777 112.101486 110.723303 106.466327 103.991061 101.518995 99.050365 96.585437 94.124501 91.667878 105.040080 102.530389 100.022227 97.515715 95.010980 92.508169 90.007442 
143.236428 56.113757 156.729636 84.830763 96.594423 97.326928 98.070409 98.824618 92.474638 93.239514 94.015324 94.801799 71.307792 69.887147 68.531224 67.243937 66.029303 64.891400 63.834331 65.200676 63.643855 62.151875 60.729516 59.381780 58.113860 56.931089 115.213925 115.996614 116.787869 117.587516 111.243378 112.053805 112.872703 113.699889 0.000000 2.540000 5.080000 7.620000 10.160000 12.700000 15.240000 7.620000 8.032185 9.158100 10.776307 12.700000 14.810618 17.038838 113.438696 112.807185 112.229619 111.706835 111.239605 110.828633 110.474545 106.097352 105.421873 104.803615 104.243596 103.742760 103.301966 102.921987 
144.240399 58.629106 155.375665 82.302349 95.163351 95.873146 96.594423 97.326928 90.978786 91.720969 92.474638 93.239514 72.789369 71.307792 69.887147 68.531224 67.243937 66.029303 64.891400 66.817806 65.200676 63.643855 62.151875 60.729516 59.381780 58.113860 113.674948 114.439977 115.213925 115.996614 109.648687 110.441609 111.243378 112.053805 2.540000 0.000000 2.540000 5.080000 7.620000 10.160000 12.700000 8.032185 7.620000 8.032185 9.158100 10.776307 12.700000 14.810618 114.123256 113.438696 112.807185 112.229619 111.706835 111.239605 110.828633 106.828966 106.097352 105.421873 104.803615 104.243596 103.742760 103.301966 
145.281844 61.146493 154.051675 79.774671 93.779247 94.465297 95.163351 95.873146 89.530014 90.248371 90.978786 91.720969 74.328235 72.789369 71.307792 69.887147 68.531224 67.243937 66.029303 68.490974 66.817806 65.200676 63.643855 62.151875 60.729516 59.381780 112.172378 112.919021 113.674948 114.439977 108.090162 108.864806 109.648687 110.441609 5.080000 2.540000 0.000000 2.540000 5.080000 7.620000 10.160000 9.158100 8.032185 7.620000 8.032185 9.158100 10.776307 12.700000 114.859918 114.123256 113.438696 112.807185 112.229619 111.706835 111.239605 107.615571 106.828966 106.097352 105.421873 104.803615 104.243596 103.742760 
146.359963 63.665676 152.758448 77.247801 92.444223 93.105466 93.779247 94.465297 88.130644 88.824006 89.530014 90.248371 75.920906 74.328235 72.789369 71.307792 69.887147 68.531224 67.243937 70.216174 68.490974 66.817806 65.200676 63.643855 62.151875 60.729516 110.707697 111.435207 112.172378 112.919021 106.569390 107.324955 108.090162 108.864806 7.620000 5.080000 2.540000 0.000000 2.540000 5.080000 7.620000 10.776307 9.158100 8.032185 7.620000 8.032185 9.158100 10.776307 115.647686 114.859918 114.123256 113.438696 112.807185 112.229619 111.706835 108.455970 107.615571 106.828966 106.097352 105.421873 104.803615 104.243596 
147.473953 66.186450 151.496770 74.721822 91.160434 91.795787 92.444223 93.105466 86.783067 87.450230 88.130644 88.824006 77.564068 75.920906 74.328235 72.789369 71.307792 69.887147 68.531224 71.989664 70.216174 68.490974 66.817806 65.200676 63.643855 62.151875 109.282428 109.990039 110.707697 111.435207 105.088010 105.823671 106.569390 107.324955 10.160000 7.620000 5.080000 2.540000 0.000000 2.540000 5.080000 12.700000 10.776307 9.158100 8.032185 7.620000 8.032185 9.158100 116.485522 115.647686 114.859918 114.123256 113.438696 112.807185 112.229619 109.348924 108.455970 107.615571 106.828966 106.097352 105.421873 104.803615 
148.623006 68.708640 150.267436 72.196827 89.930074 90.538437 91.160434 91.795787 85.489732 86.129464 86.783067 87.450230 79.254581 77.564068 75.920906 74.328235 72.789369 71.307792 69.887147 73.807964 71.989664 70.216174 68.490974 66.817806 65.200676 63.643855 107.898134 108.585060 109.282428 109.990039 103.647711 104.362618 105.088010 105.823671 12.700000 10.160000 7.620000 5.080000 2.540000 0.000000 2.540000 14.810618 12.700000 10.776307 9.158100 8.032185 7.620000 8.032185 117.372354 116.485522 115.647686 114.859918 114.123256 113.438696 112.807185 110.293154 109.348924 108.455970 107.615571 106.828966 106.097352 105.421873 
149.806316 71.232096 149.071247 69.672922 88.755365 89.335623 89.930074 90.538437 84.253136 84.864184 85.489732 86.129464 80.989479 79.254581 77.564068 75.920906 74.328235 72.789369 71.307792 75.667844 73.807964 71.989664 70.216174 68.490974 66.817806 65.200676 106.556411 107.221850 107.898134 108.585060 102.250229 102.943507 103.647711 104.362618 15.240000 12.700000 10.160000 7.620000 5.080000 2.540000 0.000000 17.038838 14.810618 12.700000 10.776307 9.158100 8.032185 7.620000 118.307081 117.372354 116.485522 115.647686 114.859918 114.123256 113.438696 111.287357 110.293154 109.348924 108.455970 107.615571 106.828966 106.097352 
150.289221 55.545740 163.200350 84.456106 102.935137 103.622829 104.321450 105.030781 98.687889 99.404968 100.133021 100.871809 77.682707 76.380724 75.142068 73.969919 72.867487 71.837981 70.884580 71.307792 69.887147 68.531224 67.243937 66.029303 64.891400 63.834331 121.325024 122.068536 122.820680 123.581297 117.231322 118.000631 118.778537 119.564871 7.620000 8.032185 9.158100 10.776307 12.700000 14.810618 17.038838 0.000000 2.540000 5.080000 7.620000 10.160000 12.700000 15.240000 120.814553 120.221792 119.680014 119.189913 118.752129 118.367243 118.035772 113.438696 112.807185 112.229619 111.706835 111.239605 110.828633 110.474545 
151.246382 58.085692 161.900502 81.916128 101.593421 102.258593 102.935137 103.622829 97.287615 97.982023 98.687889 99.404968 79.044886 77.682707 76.380724 75.142068 73.969919 72.867487 71.837981 72.789369 71.307792 69.887147 68.531224 67.243937 66.029303 64.891400 119.864535 120.590303 121.325024 122.068536 115.719179 116.470781 117.231322 118.000631 8.032185 7.620000 8.032185 9.158100 10.776307 12.700000 14.810618 2.540000 0.000000 2.540000 5.080000 7.620000 10.160000 12.700000 121.457548 120.814553 120.221792 119.680014 119.189913 118.752129 118.367243 114.123256 113.438696 112.807185 112.229619 111.706835 111.239605 110.828633 
152.239908 60.625647 160.630303 79.376153 100.298091 100.939845 101.593421 102.258593 95.934165 96.604913 97.287615 97.982023 80.464205 79.044886 77.682707 76.380724 75.142068 73.969919 72.867487 74.328235 72.789369 71.307792 69.887147 68.531224 67.243937 66.029303 118.440514 119.147884 119.864535 120.590303 114.243498 114.976692 115.719179 116.470781 9.158100 8.032185 7.620000 8.032185 9.158100 10.776307 12.700000 5.080000 2.540000 0.000000 2.540000 5.080000 7.620000 10.160000 122.149987 121.457548 120.814553 120.221792 119.680014 119.189913 118.752129 114.859918 114.123256 113.438696 112.807185 112.229619 111.706835 111.239605 
153.269091 63.165606 159.390461 76.836178 99.050968 99.668389 100.298091 100.939845 94.629547 95.275625 95.934165 96.604913 81.937695 80.464205 79.044886 77.682707 76.380724 75.142068 73.969919 75.920906 74.328235 72.789369 71.307792 69.887147 68.531224 67.243937 117.054291 117.742594 118.440514 119.147884 112.805712 113.519777 114.243498 114.976692 10.776307 9.158100 8.032185 7.620000 8.032185 9.158100 10.776307 7.620000 5.080000 2.540000 0.000000 2.540000 5.080000 7.620000 122.891031 122.149987 121.457548 120.814553 120.221792 119.680014 119.189913 115.647686 114.859918 114.123256 113.438696 112.807185 112.229619 111.706835 
154.333218 65.705568 158.181689 74.296206 97.853894 98.446059 99.050968 99.668389 93.375807 93.996188 94.629547 95.275625 83.462486 81.937695 80.464205 79.044886 77.682707 76.380724 75.142068 77.564068 75.920906 74.328235 72.789369 71.307792 69.887147 68.531224 115.707226 116.375778 117.054291 117.742594 111.407287 112.101486 112.805712 113.519777 12.700000 10.776307 9.158100 8.032185 7.620000 8.032185 9.158100 10.160000 7.620000 5.080000 2.540000 0.000000 2.540000 5.080000 123.679809 122.891031 122.149987 121.457548 120.814553 120.221792 119.680014 116.485522 115.647686 114.859918 114.123256 113.438696 112.807185 112.229619 
155.431571 68.245533 157.004707 71.756235 96.708728 97.274706 97.853894 98.446059 92.175023 92.768665 93.375807 93.996188 85.035818 83.462486 81.937695 80.464205 79.044886 77.682707 76.380724 79.254581 77.564068 75.920906 74.328235 72.789369 71.307792 69.887147 114.400700 115.048808 115.707226 116.375778 110.049724 110.723303 111.407287 112.101486 14.810618 12.700000 10.776307 9.158100 8.032185 7.620000 8.032185 12.700000 10.160000 7.620000 5.080000 2.540000 0.000000 2.540000 124.515413 123.679809 122.891031 122.149987 121.457548 120.814553 120.221792 117.372354 116.485522 115.647686 114.859918 114.123256 113.438696 112.807185 
156.563430 70.785500 155.860233 69.216267 95.617335 96.156193 96.708728 97.274706 91.029290 91.595144 92.175023 92.768665 86.655049 85.035818 83.462486 81.937695 80.464205 79.044886 77.682707 80.989479 79.254581 77.564068 75.920906 74.328235 72.789369 71.307792 113.136120 113.763079 114.400700 115.048808 108.734553 109.386743 110.049724 110.723303 17.038838 14.810618 12.700000 10.776307 9.158100 8.032185 7.620000 15.240000 12.700000 10.160000 7.620000 5.080000 2.540000 0.000000 125.396906 124.515413 123.679809 122.891031 122.149987 121.457548 120.814553 118.307081 117.372354 116.485522 115.647686 114.859918 114.123256 113.438696 
34.473655 120.409336 116.045831 163.635601 89.961936 91.158447 92.356921 93.557282 91.800847 92.973695 94.149064 95.326861 52.299719 51.807346 51.435832 51.187808 51.065074 51.068533 51.198159 59.760704 59.330280 59.006151 58.790073 58.683241 58.686251 58.799087 101.707918 102.956937 104.206463 105.456477 102.754614 103.991061 105.228308 106.466327 113.438696 114.123256 114.859918 115.647686 116.485522 117.372354 118.307081 120.814553 121.457548 122.149987 122.891031 123.679809 124.515413 125.396906 0.000000 2.540000 5.080000 7.620000 10.160000 12.700000 15.240000 7.620000 8.032185 9.158100 10.776307 12.700000 14.810618 17.038838 
36.437931 120.986355 113.554942 161.878658 87.575124 88.767467 89.961936 91.158447 89.463108 90.630617 91.800847 92.973695 52.909577 52.299719 51.807346 51.435832 51.187808 51.065074 51.068533 60.295144 59.760704 59.330280 59.006151 58.790073 58.683241 58.686251 99.211479 100.459426 101.707918 102.956937 100.284234 101.518995 102.754614 103.991061 112.807185 113.438696 114.123256 114.859918 115.647686 116.485522 117.372354 120.221792 120.814553 121.457548 122.149987 122.891031 123.679809 124.515413 2.540000 0.000000 2.540000 5.080000 7.620000 10.160000 12.700000 8.032185 7.620000 8.032185 9.158100 10.776307 12.700000 14.810618 
38.469676 121.613697 111.066277 160.142727 85.197170 86.384994 87.575124 88.767467 87.136693 88.298429 89.463108 90.630617 53.632912 52.909577 52.299719 51.807346 51.435832 51.187808 51.065074 60.930865 60.295144 59.760704 59.330280 59.006151 58.790073 58.683241 96.717309 97.964100 99.211479 100.459426 97.817421 99.050365 100.284234 101.518995 112.229619 112.807185 113.438696 114.123256 114.859918 115.647686 116.485522 119.680014 120.221792 120.814553 121.457548 122.149987 122.891031 123.679809 5.080000 2.540000 0.000000 2.540000 5.080000 7.620000 10.160000 9.158100 8.032185 7.620000 8.032185 9.158100 10.776307 12.700000 
40.558751 122.290586 108.579990 158.428500 82.828839 84.011751 85.197170 86.384994 84.822533 85.978019 87.136693 88.298429 54.465203 53.632912 52.909577 52.299719 51.807346 51.435832 51.187808 61.664734 60.930865 60.295144 59.760704 59.330280 59.006151 58.790073 94.225587 95.471130 96.717309 97.964100 95.354450 96.585437 97.817421 99.050365 111.706835 112.229619 112.807185 113.438696 114.123256 114.859918 115.647686 119.189913 119.680014 120.221792 120.814553 121.457548 122.149987 122.891031 7.620000 5.080000 2.540000 0.000000 2.540000 5.080000 7.620000 10.776307 9.158100 8.032185 7.620000 8.032185 9.158100 10.776307 
42.696743 123.016206 106.096248 156.736687 80.470979 81.648544 82.828839 84.011751 82.521658 83.670366 84.822533 85.978019 55.401541 54.465203 53.632912 52.909577 52.299719 51.807346 51.435832 62.493294 61.664734 60.930865 60.295144 59.760704 59.330280 59.006151 91.736513 92.980705 94.225587 95.471130 92.895629 94.124501 95.354450 96.585437 111.239605 111.706835 112.229619 112.807185 113.438696 114.123256 114.859918 118.752129 119.189913 119.680014 120.221792 120.814553 121.457548 122.149987 10.160000 7.620000 5.080000 2.540000 0.000000 2.540000 5.080000 12.700000 10.776307 9.158100 8.032185 7.620000 8.032185 9.158100 
44.876659 123.789700 103.615233 155.068023 78.124540 79.296269 80.470979 81.648544 80.235211 81.376555 82.521658 83.670366 56.436745 55.401541 54.465203 53.632912 52.909577 52.299719 51.807346 63.412832 62.493294 61.664734 60.930865 60.295144 59.760704 59.330280 89.250308 90.493037 91.736513 92.980705 90.441294 91.667878 92.895629 94.124501 110.828633 111.239605 111.706835 112.229619 112.807185 113.438696 114.123256 118.367243 118.752129 119.189913 119.680014 120.221792 120.814553 121.457548 12.700000 10.160000 7.620000 5.080000 2.540000 0.000000 2.540000 14.810618 12.700000 10.776307 9.158100 8.032185 7.620000 8.032185 
47.092680 124.610175 101.137147 153.423263 75.790580 76.955929 78.124540 79.296269 77.964463 79.097790 80.235211 81.376555 57.565484 56.436745 55.401541 54.465203 53.632912 52.909577 52.299719 64.419454 63.412832 62.493294 61.664734 60.930865 60.295144 59.760704 86.767220 88.008358 89.250308 90.493037 87.991821 89.215925 90.441294 91.667878 110.474545 110.828633 111.239605 111.706835 112.229619 112.807185 113.438696 118.035772 118.367243 118.752129 119.189913 119.680014 120.221792 120.814553 15.240000 12.700000 10.160000 7.620000 5.080000 2.540000 0.000000 17.038838 14.810618 12.700000 10.776307 9.158100 8.032185 7.620000 
39.860436 112.983315 117.758466 158.251166 87.684410 88.911576 90.139928 91.369419 89.136872 90.344311 91.553443 92.764201 44.892186 44.317591 43.882713 43.591736 43.447549 43.451614 43.603891 52.299719 51.807346 51.435832 51.187808 51.065074 51.068533 51.198159 100.599501 101.862112 103.124904 104.387871 101.276110 102.530389 103.785050 105.040080 106.097352 106.828966 107.615571 108.455970 109.348924 110.293154 111.287357 113.438696 114.123256 114.859918 115.647686 116.485522 117.372354 118.307081 7.620000 8.032185 9.158100 10.776307 12.700000 14.810618 17.038838 0.000000 2.540000 5.080000 7.620000 10.160000 12.700000 15.240000 
41.570955 113.598061 115.304580 156.433761 85.233844 86.458481 87.684410 88.911576 86.727356 87.931196 89.136872 90.344311 45.601218 44.892186 44.317591 43.882713 43.591736 43.447549 43.451614 52.909577 52.299719 51.807346 51.435832 51.187808 51.065074 51.068533 98.074852 99.337078 100.599501 101.862112 98.768757 100.022227 101.276110 102.530389 105.421873 106.097352 106.828966 107.615571 108.455970 109.348924 110.293154 112.807185 113.438696 114.123256 114.859918 115.647686 116.485522 117.372354 8.032185 7.620000 8.032185 9.158100 10.776307 12.700000 14.810618 2.540000 0.000000 2.540000 5.080000 7.620000 10.160000 12.700000 
43.362858 114.265973 112.854505 154.636718 82.788668 84.010553 85.233844 86.458481 84.325500 85.525430 86.727356 87.931196 46.438529 45.601218 44.892186 44.317591 43.882713 43.591736 43.447549 53.632912 52.909577 52.299719 51.807346 51.435832 51.187808 51.065074 95.551016 96.812828 98.074852 99.337078 96.263116 97.515715 98.768757 100.022227 104.803615 105.421873 106.097352 106.828966 107.615571 108.455970 109.348924 112.229619 112.807185 113.438696 114.123256 114.859918 115.647686 116.485522 9.158100 8.032185 7.620000 8.032185 9.158100 10.776307 12.700000 5.080000 2.540000 0.000000 2.540000 5.080000 7.620000 10.160000 
45.226472 114.986125 110.408495 152.860757 80.349377 81.568254 82.788668 84.010553 81.931976 83.127651 84.325500 85.525430 47.397322 46.438529 45.601218 44.892186 44.317591 43.882713 43.591736 54.465203 53.632912 52.909577 52.299719 51.807346 51.435832 51.187808 93.028061 94.289424 95.551016 96.812828 93.759325 95.010980 96.263116 97.515715 104.243596 104.803615 105.421873 106.097352 106.828966 107.615571 108.455970 111.706835 112.229619 112.807185 113.438696 114.123256 114.859918 115.647686 10.776307 9.158100 8.032185 7.620000 8.032185 9.158100 10.776307 7.620000 5.080000 2.540000 0.000000 2.540000 5.080000 7.620000 
47.153296 115.757542 107.966825 151.106620 77.916521 79.132108 80.349377 81.568254 79.547537 80.738570 81.931976 83.127651 48.470387 47.397322 46.438529 45.601218 44.892186 44.317591 43.882713 55.401541 54.465203 53.632912 52.909577 52.299719 51.807346 51.435832 90.506059 91.766936 93.028061 94.289424 91.257534 92.508169 93.759325 95.010980 103.742760 104.243596 104.803615 105.421873 106.097352 106.828966 107.615571 111.239605 111.706835 112.229619 112.807185 113.438696 114.123256 114.859918 12.700000 10.776307 9.158100 8.032185 7.620000 8.032185 9.158100 10.160000 7.620000 5.080000 2.540000 0.000000 2.540000 5.080000 
49.135894 116.579206 105.529797 149.375076 75.490724 76.702699 77.916521 79.132108 77.173025 78.358983 79.547537 80.738570 49.650317 48.470387 47.397322 46.438529 45.601218 44.892186 44.317591 56.436745 55.401541 54.465203 53.632912 52.909577 52.299719 51.807346 87.985092 89.245441 90.506059 91.766936 88.757914 90.007442 91.257534 92.508169 103.301966 103.742760 104.243596 104.803615 105.421873 106.097352 106.828966 110.828633 111.239605 111.706835 112.229619 112.807185 113.438696 114.123256 14.810618 12.700000 10.776307 9.158100 8.032185 7.620000 8.032185 12.700000 10.160000 7.620000 5.080000 2.540000 0.000000 2.540000 
51.167783 117.450063 103.097740 147.666920 73.072689 74.280689 75.490724 76.702699 74.809385 75.989782 77.173025 78.358983 50.929684 49.650317 48.470387 47.397322 46.438529 45.601218 44.892186 57.565484 56.436745 55.401541 54.465203 53.632912 52.909577 52.299719 85.465253 86.725026 87.985092 89.245441 86.260653 87.508976 88.757914 90.007442 102.921987 103.301966 103.742760 104.243596 104.803615 105.421873 106.097352 110.474545 110.828633 111.239605 111.706835 112.229619 112.807185 113.438696 17.038838 14.810618 12.700000 10.776307 9.158100 8.032185 7.620000 15.240000 12.700000 10.160000 7.620000 5.080000 2.540000 0.000000 
