50
# Board dimensions: 150.000000x150.000000 mm
Added mounting holes at corners
Added 8-pin SOIC at (43.852884,102.595292)
Added 14-pin DIP IC at (136.697372,81.666218)
Added 8-pin SOIC at (124.262575,133.116478)
Added 8-pin SOIC at (33.806990,68.849695)
Added 8-pin SOIC at (121.064372,49.271300)

0.000000 140.000000 140.000000 197.989899 105.044694 106.225668 107.408675 108.593646 107.027751 108.187080 109.348869 110.513038 152.387358 153.680912 155.005297 156.359728 157.743431 159.155643 160.595613 159.018990 160.259025 161.529485 162.829656 164.158833 165.516317 166.901417 175.035407 175.967106 176.903016 177.843069 178.535453 179.448980 180.366824 181.288917 70.047314 71.206863 72.370120 73.536909 72.284933 73.409146 74.538042 75.671410 124.221119 124.679383 125.148856 125.629415 128.980258 129.421671 129.874003 130.337141 
140.000000 0.000000 197.989899 140.000000 140.554545 141.439334 142.329954 143.226298 136.944266 137.852228 138.765873 139.685089 77.114477 79.640182 82.166768 84.694156 87.222278 89.751070 92.280477 76.669257 79.209159 81.749068 84.288982 86.828901 89.368825 91.908753 129.783946 131.037786 132.291934 133.546382 129.069697 130.330409 131.591299 132.852363 128.221172 128.858295 129.504738 130.160362 123.841651 124.501187 125.170134 125.848342 50.327550 51.448268 52.575775 53.709642 48.119463 49.290412 50.466152 51.646356 
140.000000 197.989899 0.000000 140.000000 57.512658 56.582778 55.666341 54.764021 61.059459 60.184404 59.323631 58.477771 146.134752 145.051997 144.005906 142.997285 142.026931 141.095634 140.204172 153.037571 152.003994 151.006071 150.044513 149.120023 148.233296 147.385013 119.853160 119.733908 119.628020 119.535533 124.909143 124.794723 124.693133 124.604405 81.416900 80.230311 79.046314 77.865027 83.349848 82.191169 81.035826 79.883965 150.449070 149.644193 148.845800 148.053997 154.401888 153.617723 152.840089 152.069084 
197.989899 140.000000 140.000000 0.000000 109.676334 109.191590 108.719520 108.260291 105.009761 104.503373 104.010027 103.529910 63.875673 61.358109 58.842474 56.329026 53.818071 51.309975 48.805179 63.337461 60.797615 58.257782 55.717964 53.178164 50.638383 48.098626 23.901023 23.295657 22.745158 22.253596 19.656374 18.915650 18.233386 17.616376 134.769264 134.055756 133.350525 132.653704 130.609494 129.873134 129.145066 128.425428 98.675723 97.444139 96.213555 94.984008 97.568021 96.322275 95.077172 93.832735 
105.044694 140.554545 57.512658 109.676334 0.000000 1.270000 2.540000 3.810000 5.080000 5.236344 5.679613 6.350000 95.174183 94.648070 94.187537 93.793553 93.466957 93.208458 93.018625 102.621341 102.133596 101.706964 101.342217 101.040024 100.800948 100.625439 86.007332 86.466166 86.941132 87.431966 90.774611 91.209466 91.659856 92.125553 35.209166 33.993888 32.782760 31.576257 34.109023 32.853075 31.598251 30.344689 93.835292 93.119450 92.415517 91.723767 98.057826 97.373031 96.700067 96.039182 
106.225668 141.439334 56.582778 109.191590 1.270000 0.000000 1.270000 2.540000 5.236344 5.080000 5.236344 5.679613 95.461500 94.902994 94.409543 93.982171 93.621784 93.329157 93.104929 102.887863 102.369882 101.912591 101.516811 101.183263 100.912565 100.705224 85.564889 86.007332 86.466166 86.941132 90.355515 90.774611 91.209466 91.659856 36.428177 35.209166 33.993888 32.782760 35.365975 34.109023 32.853075 31.598251 94.562772 93.835292 93.119450 92.415517 98.754205 98.057826 97.373031 96.700067 
107.408675 142.329954 55.666341 108.719520 2.540000 1.270000 0.000000 1.270000 5.679613 5.236344 5.080000 5.236344 95.764798 95.174183 94.648070 94.187537 93.793553 93.466957 93.208458 103.169331 102.621341 102.133596 101.706964 101.342217 101.040024 100.800948 85.139093 85.564889 86.007332 86.466166 89.952399 90.355515 90.774611 91.209466 37.650559 36.428177 35.209166 33.993888 36.623827 35.365975 34.109023 32.853075 95.301624 94.562772 93.835292 93.119450 99.461926 98.754205 98.057826 97.373031 
108.593646 143.226298 54.764021 108.260291 3.810000 2.540000 1.270000 0.000000 6.350000 5.679613 5.236344 5.080000 96.083926 95.461500 94.902994 94.409543 93.982171 93.621784 93.329157 103.465624 102.887863 102.369882 101.912591 101.516811 101.183263 100.912565 84.730194 85.139093 85.564889 86.007332 89.565477 89.952399 90.355515 90.774611 38.875994 37.650559 36.428177 35.209166 37.882490 36.623827 35.365975 34.109023 96.051585 95.301624 94.562772 93.835292 100.180747 99.461926 98.754205 98.057826 
107.027751 136.944266 61.059459 105.009761 5.080000 5.236344 5.679613 6.350000 0.000000 1.270000 2.540000 3.810000 90.225449 89.670304 89.184071 88.767882 88.422726 88.149436 87.948684 97.653606 97.140922 96.692263 96.308526 95.990487 95.738803 95.553996 81.277950 81.763328 82.265450 82.784012 86.007332 86.466166 86.941132 87.431966 36.980509 35.825370 34.678264 33.540016 35.209166 33.993888 32.782760 31.576257 89.701727 88.952626 88.215449 87.490497 93.835292 93.119450 92.415517 91.723767 
108.187080 137.852228 60.184404 104.503373 5.236344 5.080000 5.236344 5.679613 1.270000 0.000000 1.270000 2.540000 90.528473 89.939339 89.418500 88.967156 88.586369 88.277052 88.039958 97.933649 97.389321 96.908531 96.492228 96.141250 95.856315 95.638012 80.809617 81.277950 81.763328 82.265450 85.564889 86.007332 86.466166 86.941132 38.142952 36.980509 35.825370 34.678264 36.428177 35.209166 33.993888 32.782760 90.462454 89.701727 88.952626 88.215449 94.562772 93.835292 93.119450 92.415517 
109.348869 138.765873 59.323631 104.010027 5.679613 5.236344 5.080000 5.236344 2.540000 1.270000 0.000000 1.270000 90.848241 90.225449 89.670304 89.184071 88.767882 88.422726 88.149436 98.229314 97.653606 97.140922 96.692263 96.308526 95.990487 95.738803 80.358628 80.809617 81.277950 81.763328 85.139093 85.564889 86.007332 86.466166 39.312050 38.142952 36.980509 35.825370 37.650559 36.428177 35.209166 33.993888 91.234518 90.462454 89.701727 88.952626 95.301624 94.562772 93.835292 93.119450 
110.513038 139.685089 58.477771 103.529910 6.350000 5.679613 5.236344 5.080000 3.810000 2.540000 1.270000 0.000000 91.184578 90.528473 89.939339 89.418500 88.967156 88.586369 88.277052 98.540461 97.933649 97.389321 96.908531 96.492228 96.141250 95.856315 79.925276 80.358628 80.809617 81.277950 84.730194 85.139093 85.564889 86.007332 40.487228 39.312050 38.142952 36.980509 38.875994 37.650559 36.428177 35.209166 92.017633 91.234518 90.462454 89.701727 96.051585 95.301624 94.562772 93.835292 
152.387358 77.114477 146.134752 63.875673 95.174183 95.461500 95.764798 96.083926 90.225449 90.528473 90.848241 91.184578 0.000000 2.540000 5.080000 7.620000 10.160000 12.700000 15.240000 7.620000 8.032185 9.158100 10.776307 12.700000 14.810618 17.038838 52.931592 54.166871 55.403721 56.642038 51.973284 53.230807 54.488909 55.747550 103.685554 103.536240 103.402310 103.283824 98.646511 98.489558 98.348756 98.224174 35.969729 34.830320 33.700250 32.580489 34.070464 32.865276 31.665153 30.470697 
153.680912 79.640182 145.051997 61.358109 94.648070 94.902994 95.174183 95.461500 89.670304 89.939339 90.225449 90.528473 2.540000 0.000000 2.540000 5.080000 7.620000 10.160000 12.700000 8.032185 7.620000 8.032185 9.158100 10.776307 12.700000 14.810618 50.466203 51.697995 52.931592 54.166871 49.460151 50.716383 51.973284 53.230807 104.030061 103.850185 103.685554 103.536240 99.008554 98.819538 98.646511 98.489558 38.273218 37.117616 35.969729 34.830320 36.494031 35.280200 34.070464 32.865276 
155.005297 82.166768 144.005906 58.842474 94.187537 94.409543 94.648070 94.902994 89.184071 89.418500 89.670304 89.939339 5.080000 2.540000 0.000000 2.540000 5.080000 7.620000 10.160000 9.158100 8.032185 7.620000 8.032185 9.158100 10.776307 12.700000 48.008595 49.236354 50.466203 51.697995 46.949910 48.204641 49.460151 50.716383 104.435226 104.225103 104.030061 103.850185 99.434182 99.213468 99.008554 98.819538 40.604928 39.435857 38.273218 37.117616 38.932445 37.711562 36.494031 35.280200 
156.359728 84.694156 142.997285 56.329026 93.793553 93.982171 94.187537 94.409543 88.767882 88.967156 89.184071 89.418500 7.620000 5.080000 2.540000 0.000000 2.540000 5.080000 7.620000 10.776307 9.158100 8.032185 7.620000 8.032185 9.158100 10.776307 45.560025 46.783091 48.008595 49.236354 44.443050 45.696022 46.949910 48.204641 104.900345 104.660338 104.435226 104.225103 99.922582 99.670590 99.434182 99.213468 42.960265 41.779892 40.604928 39.435857 41.383082 40.156375 38.932445 37.711562 
157.743431 87.222278 142.026931 53.818071 93.466957 93.621784 93.793553 93.982171 88.422726 88.586369 88.767882 88.967156 10.160000 7.620000 5.080000 2.540000 0.000000 2.540000 5.080000 12.700000 10.776307 9.158100 8.032185 7.620000 8.032185 9.158100 43.122033 44.339597 45.560025 46.783091 41.940179 43.191073 44.443050 45.696022 105.424624 105.155142 104.900345 104.660338 100.472840 100.190040 99.922582 99.670590 45.335546 44.145613 42.960265 41.779892 43.843892 42.612325 41.383082 40.156375 
159.155643 89.751070 141.095634 51.309975 93.208458 93.329157 93.466957 93.621784 88.149436 88.277052 88.422726 88.586369 12.700000 10.160000 7.620000 5.080000 2.540000 0.000000 2.540000 14.810618 12.700000 10.776307 9.158100 8.032185 7.620000 8.032185 40.696521 41.907581 43.122033 44.339597 39.442055 40.690469 41.940179 43.191073 106.007187 105.708678 105.424624 105.155142 101.083945 100.770853 100.472840 100.190040 47.727794 46.529712 45.335546 44.145613 46.313253 45.077591 43.843892 42.612325 
160.595613 92.280477 140.204172 48.805179 93.018625 93.104929 93.208458 93.329157 87.948684 88.039958 88.149436 88.277052 15.240000 12.700000 10.160000 7.620000 5.080000 2.540000 0.000000 17.038838 14.810618 12.700000 10.776307 9.158100 8.032185 7.620000 38.285860 39.489164 40.696521 41.907581 36.949641 38.195064 39.442055 40.690469 106.647078 106.320029 106.007187 105.708678 101.754800 101.411975 101.083945 100.770853 50.134580 48.929504 47.727794 46.529712 48.789868 47.550725 46.313253 45.077591 
159.018990 76.669257 153.037571 63.337461 102.621341 102.887863 103.169331 103.465624 97.653606 97.933649 98.229314 98.540461 7.620000 8.032185 9.158100 10.776307 12.700000 14.810618 17.038838 0.000000 2.540000 5.080000 7.620000 10.160000 12.700000 15.240000 55.220686 56.405857 57.594644 58.786828 53.585201 54.805751 56.028499 57.253304 111.251103 111.111956 110.987168 110.876788 106.206538 106.060774 105.930036 105.814380 39.876468 38.851802 37.842016 36.848332 37.144160 36.041899 34.951024 33.872636 
160.259025 79.209159 152.003994 60.797615 102.133596 102.369882 102.621341 102.887863 97.140922 97.389321 97.653606 97.933649 8.032185 7.620000 8.032185 9.158100 10.776307 12.700000 14.810618 2.540000 0.000000 2.540000 5.080000 7.620000 10.160000 12.700000 52.862164 54.039369 55.220686 56.405857 51.151325 52.367003 53.585201 54.805751 111.572252 111.404555 111.251103 111.111956 106.542894 106.367268 106.206538 106.060774 41.966064 40.914896 39.876468 38.851802 39.379010 38.256825 37.144160 36.041899 
161.529485 81.749068 151.006071 58.257782 101.706964 101.912591 102.133596 102.369882 96.692263 96.908531 97.140922 97.389321 9.158100 8.032185 7.620000 8.032185 9.158100 10.776307 12.700000 5.080000 2.540000 0.000000 2.540000 5.080000 7.620000 10.160000 50.521242 51.689353 52.862164 54.039369 48.728283 49.938351 51.151325 52.367003 111.950124 111.754132 111.572252 111.404555 106.938539 106.733344 106.542894 106.367268 44.102965 43.029038 41.966064 40.914896 41.648859 40.509925 39.379010 38.256825 
162.829656 84.288982 150.044513 55.717964 101.342217 101.516811 101.706964 101.912591 96.308526 96.492228 96.692263 96.908531 10.776307 9.158100 8.032185 7.620000 8.032185 9.158100 10.776307 7.620000 5.080000 2.540000 0.000000 2.540000 5.080000 7.620000 48.200483 49.358164 50.521242 51.689353 46.317774 47.521342 48.728283 49.938351 112.384145 112.160154 111.950124 111.754132 107.392816 107.158393 106.938539 106.733344 46.280619 45.187063 44.102965 43.029038 43.948283 42.795170 41.648859 40.509925 
164.158833 86.828901 149.120023 53.178164 101.040024 101.183263 101.342217 101.516811 95.990487 96.141250 96.308526 96.492228 12.700000 10.776307 9.158100 8.032185 7.620000 8.032185 9.158100 10.160000 7.620000 5.080000 2.540000 0.000000 2.540000 5.080000 45.902946 47.048598 48.200483 49.358164 43.921864 45.117849 46.317774 47.521342 112.873669 112.622013 112.384145 112.160154 107.904987 107.641715 107.392816 107.158393 48.493536 47.382977 46.280619 45.187063 46.272875 45.107676 43.948283 42.795170 
165.516317 89.368825 148.233296 50.638383 100.800948 100.912565 101.040024 101.183263 95.738803 95.856315 95.990487 96.141250 14.810618 12.700000 10.776307 9.158100 8.032185 7.620000 8.032185 12.700000 10.160000 7.620000 5.080000 2.540000 0.000000 2.540000 43.632299 44.764004 45.902946 47.048598 41.543076 42.730150 43.921864 45.117849 113.417977 113.139023 112.873669 112.622013 108.474230 108.182528 107.904987 107.641715 50.737103 49.611747 48.493536 47.382977 48.619025 47.443455 46.272875 45.107676 
166.901417 91.908753 147.385013 48.098626 100.625439 100.705224 100.800948 100.912565 95.553996 95.638012 95.738803 95.856315 17.038838 14.810618 12.700000 10.776307 9.158100 8.032185 7.620000 15.240000 12.700000 10.160000 7.620000 5.080000 2.540000 0.000000 41.392968 42.508408 43.632299 44.764004 39.184531 40.361051 41.543076 42.730150 114.016285 113.710433 113.417977 113.139023 109.099652 108.779977 108.474230 108.182528 53.007428 51.869140 50.737103 49.611747 50.983756 49.799233 48.619025 47.443455 
175.035407 129.783946 119.853160 23.901023 86.007332 85.564889 85.139093 84.730194 81.277950 80.809617 80.358628 79.925276 52.931592 50.466203 48.008595 45.560025 43.122033 40.696521 38.285860 55.220686 52.862164 50.521242 48.200483 45.902946 43.632299 41.392968 0.000000 1.270000 2.540000 3.810000 5.080000 5.236344 5.679613 6.350000 110.961400 110.230702 109.509856 108.799060 106.860703 106.101768 105.352676 104.613638 83.906152 82.637089 81.368055 80.099052 83.866292 82.596617 81.326952 80.057297 
175.967106 131.037786 119.733908 23.295657 86.466166 86.007332 85.564889 85.139093 81.763328 81.277950 80.809617 80.358628 54.166871 51.697995 49.236354 46.783091 44.339597 41.907581 39.489164 56.405857 54.039369 51.689353 49.358164 47.048598 44.764004 42.508408 1.270000 0.000000 1.270000 2.540000 5.236344 5.080000 5.236344 5.679613 111.701758 110.961400 110.230702 109.509856 107.629273 106.860703 106.101768 105.352676 85.175243 83.906152 82.637089 81.368055 85.135977 83.866292 82.596617 81.326952 
176.903016 132.291934 119.628020 22.745158 86.941132 86.466166 86.007332 85.564889 82.265450 81.763328 81.277950 80.809617 55.403721 52.931592 50.466203 48.008595 45.560025 43.122033 40.696521 57.594644 55.220686 52.862164 50.521242 48.200483 45.902946 43.632299 2.540000 1.270000 0.000000 1.270000 5.679613 5.236344 5.080000 5.236344 112.451586 111.701758 110.961400 110.230702 108.407273 107.629273 106.860703 106.101768 86.444360 85.175243 83.906152 82.637089 86.405672 85.135977 83.866292 82.596617 
177.843069 133.546382 119.535533 22.253596 87.431966 86.941132 86.466166 86.007332 82.784012 82.265450 81.763328 81.277950 56.642038 54.166871 51.697995 49.236354 46.783091 44.339597 41.907581 58.786828 56.405857 54.039369 51.689353 49.358164 47.048598 44.764004 3.810000 2.540000 1.270000 0.000000 6.350000 5.679613 5.236344 5.080000 113.210694 112.451586 111.701758 110.961400 109.194500 108.407273 107.629273 106.860703 87.713503 86.444360 85.175243 83.906152 87.675375 86.405672 85.135977 83.866292 
178.535453 129.069697 124.909143 19.656374 90.774611 90.355515 89.952399 89.565477 86.007332 85.564889 85.139093 84.730194 51.973284 49.460151 46.949910 44.443050 41.940179 39.442055 36.949641 53.585201 51.151325 48.728283 46.317774 43.921864 41.543076 39.184531 5.080000 5.236344 5.679613 6.350000 0.000000 1.270000 2.540000 3.810000 115.140208 114.436195 113.742005 113.057820 110.961400 110.230702 109.509856 108.799060 84.252848 82.989087 81.725520 80.462155 83.906152 82.637089 81.368055 80.099052 
179.448980 130.330409 124.794723 18.915650 91.209466 90.774611 90.355515 89.952399 86.466166 86.007332 85.564889 85.139093 53.230807 50.716383 48.204641 45.696022 43.191073 40.690469 38.195064 54.805751 52.367003 49.938351 47.521342 45.117849 42.730150 40.361051 5.236344 5.080000 5.236344 5.679613 1.270000 0.000000 1.270000 2.540000 115.853865 115.140208 114.436195 113.742005 111.701758 110.961400 110.230702 109.509856 85.516794 84.252848 82.989087 81.725520 85.175243 83.906152 82.637089 81.368055 
180.366824 131.591299 124.693133 18.233386 91.659856 91.209466 90.774611 90.355515 86.941132 86.466166 86.007332 85.564889 54.488909 51.973284 49.460151 46.949910 44.443050 41.940179 39.442055 56.028499 53.585201 51.151325 48.728283 46.317774 43.921864 41.543076 5.679613 5.236344 5.080000 5.236344 2.540000 1.270000 0.000000 1.270000 116.576989 115.853865 115.140208 114.436195 112.451586 111.701758 110.961400 110.230702 86.780917 85.516794 84.252848 82.989087 86.444360 85.175243 83.906152 82.637089 
181.288917 132.852363 124.604405 17.616376 92.125553 91.659856 91.209466 90.774611 87.431966 86.941132 86.466166 86.007332 55.747550 53.230807 50.716383 48.204641 45.696022 43.191073 40.690469 57.253304 54.805751 52.367003 49.938351 47.521342 45.117849 42.730150 6.350000 5.679613 5.236344 5.080000 3.810000 2.540000 1.270000 0.000000 117.309405 116.576989 115.853865 115.140208 113.210694 112.451586 111.701758 110.961400 88.045209 86.780917 85.516794 84.252848 87.713503 86.444360 85.175243 83.906152 
70.047314 128.221172 81.416900 134.769264 35.209166 36.428177 37.650559 38.875994 36.980509 38.142952 39.312050 40.487228 103.685554 104.030061 104.435226 104.900345 105.424624 106.007187 106.647078 111.251103 111.572252 111.950124 112.384145 112.873669 113.417977 114.016285 110.961400 111.701758 112.451586 113.210694 115.140208 115.853865 116.576989 117.309405 0.000000 1.270000 2.540000 3.810000 5.080000 5.236344 5.679613 6.350000 89.426866 89.157434 88.905330 88.670700 94.390178 94.134953 93.896214 93.674086 
71.206863 128.858295 80.230311 134.055756 33.993888 35.209166 36.428177 37.650559 35.825370 36.980509 38.142952 39.312050 103.536240 103.850185 104.225103 104.660338 105.155142 105.708678 106.320029 111.111956 111.404555 111.754132 112.160154 112.622013 113.139023 113.710433 110.230702 110.961400 111.701758 112.451586 114.436195 115.140208 115.853865 116.576989 1.270000 0.000000 1.270000 2.540000 5.236344 5.080000 5.236344 5.679613 89.713468 89.426866 89.157434 88.905330 94.661754 94.390178 94.134953 93.896214 
72.370120 129.504738 79.046314 133.350525 32.782760 33.993888 35.209166 36.428177 34.678264 35.825370 36.980509 38.142952 103.402310 103.685554 104.030061 104.435226 104.900345 105.424624 106.007187 110.987168 111.251103 111.572252 111.950124 112.384145 112.873669 113.417977 109.509856 110.230702 110.961400 111.701758 113.742005 114.436195 115.140208 115.853865 2.540000 1.270000 0.000000 1.270000 5.679613 5.236344 5.080000 5.236344 90.017077 89.713468 89.426866 89.157434 94.949542 94.661754 94.390178 94.134953 
73.536909 130.160362 77.865027 132.653704 31.576257 32.782760 33.993888 35.209166 33.540016 34.678264 35.825370 36.980509 103.283824 103.536240 103.850185 104.225103 104.660338 105.155142 105.708678 110.876788 111.111956 111.404555 111.754132 112.160154 112.622013 113.139023 108.799060 109.509856 110.230702 110.961400 113.057820 113.742005 114.436195 115.140208 3.810000 2.540000 1.270000 0.000000 6.350000 5.679613 5.236344 5.080000 90.337521 90.017077 89.713468 89.426866 95.253394 94.949542 94.661754 94.390178 
72.284933 123.841651 83.349848 130.609494 34.109023 35.365975 36.623827 37.882490 35.209166 36.428177 37.650559 38.875994 98.646511 99.008554 99.434182 99.922582 100.472840 101.083945 101.754800 106.206538 106.542894 106.938539 107.392816 107.904987 108.474230 109.099652 106.860703 107.629273 108.407273 109.194500 110.961400 111.701758 112.451586 113.210694 5.080000 5.236344 5.679613 6.350000 0.000000 1.270000 2.540000 3.810000 84.477427 84.192158 83.925139 83.676546 89.426866 89.157434 88.905330 88.670700 
73.409146 124.501187 82.191169 129.873134 32.853075 34.109023 35.365975 36.623827 33.993888 35.209166 36.428177 37.650559 98.489558 98.819538 99.213468 99.670590 100.190040 100.770853 101.411975 106.060774 106.367268 106.733344 107.158393 107.641715 108.182528 108.779977 106.101768 106.860703 107.629273 108.407273 110.230702 110.961400 111.701758 112.451586 5.236344 5.080000 5.236344 5.679613 1.270000 0.000000 1.270000 2.540000 84.780763 84.477427 84.192158 83.925139 89.713468 89.426866 89.157434 88.905330 
74.538042 125.170134 81.035826 129.145066 31.598251 32.853075 34.109023 35.365975 32.782760 33.993888 35.209166 36.428177 98.348756 98.646511 99.008554 99.434182 99.922582 100.472840 101.083945 105.930036 106.206538 106.542894 106.938539 107.392816 107.904987 108.474230 105.352676 106.101768 106.860703 107.629273 109.509856 110.230702 110.961400 111.701758 5.679613 5.236344 5.080000 5.236344 2.540000 1.270000 0.000000 1.270000 85.101971 84.780763 84.477427 84.192158 90.017077 89.713468 89.426866 89.157434 
75.671410 125.848342 79.883965 128.425428 30.344689 31.598251 32.853075 34.109023 31.576257 32.782760 33.993888 35.209166 98.224174 98.489558 98.819538 99.213468 99.670590 100.190040 100.770853 105.814380 106.060774 106.367268 106.733344 107.158393 107.641715 108.182528 104.613638 105.352676 106.101768 106.860703 108.799060 109.509856 110.230702 110.961400 6.350000 5.679613 5.236344 5.080000 3.810000 2.540000 1.270000 0.000000 85.440852 85.101971 84.780763 84.477427 90.337521 90.017077 89.713468 89.426866 
124.221119 50.327550 150.449070 98.675723 93.835292 94.562772 95.301624 96.051585 89.701727 90.462454 91.234518 92.017633 35.969729 38.273218 40.604928 42.960265 45.335546 47.727794 50.134580 39.876468 41.966064 44.102965 46.280619 48.493536 50.737103 53.007428 83.906152 85.175243 86.444360 87.713503 84.252848 85.516794 86.780917 88.045209 89.426866 89.713468 90.017077 90.337521 84.477427 84.780763 85.101971 85.440852 0.000000 1.270000 2.540000 3.810000 5.080000 5.236344 5.679613 6.350000 
124.679383 51.448268 149.644193 97.444139 93.119450 93.835292 94.562772 95.301624 88.952626 89.701727 90.462454 91.234518 34.830320 37.117616 39.435857 41.779892 44.145613 46.529712 48.929504 38.851802 40.914896 43.029038 45.187063 47.382977 49.611747 51.869140 82.637089 83.906152 85.175243 86.444360 82.989087 84.252848 85.516794 86.780917 89.157434 89.426866 89.713468 90.017077 84.192158 84.477427 84.780763 85.101971 1.270000 0.000000 1.270000 2.540000 5.236344 5.080000 5.236344 5.679613 
125.148856 52.575775 148.845800 96.213555 92.415517 93.119450 93.835292 94.562772 88.215449 88.952626 89.701727 90.462454 33.700250 35.969729 38.273218 40.604928 42.960265 45.335546 47.727794 37.842016 39.876468 41.966064 44.102965 46.280619 48.493536 50.737103 81.368055 82.637089 83.906152 85.175243 81.725520 82.989087 84.252848 85.516794 88.905330 89.157434 89.426866 89.713468 83.925139 84.192158 84.477427 84.780763 2.540000 1.270000 0.000000 1.270000 5.679613 5.236344 5.080000 5.236344 
125.629415 53.709642 148.053997 94.984008 91.723767 92.415517 93.119450 93.835292 87.490497 88.215449 88.952626 89.701727 32.580489 34.830320 37.117616 39.435857 41.779892 44.145613 46.529712 36.848332 38.851802 40.914896 43.029038 45.187063 47.382977 49.611747 80.099052 81.368055 82.637089 83.906152 80.462155 81.725520 82.989087 84.252848 88.670700 88.905330 89.157434 89.426866 83.676546 83.925139 84.192158 84.477427 3.810000 2.540000 1.270000 0.000000 6.350000 5.679613 5.236344 5.080000 
128.980258 48.119463 154.401888 97.568021 98.057826 98.754205 99.461926 100.180747 93.835292 94.562772 95.301624 96.051585 34.070464 36.494031 38.932445 41.383082 43.843892 46.313253 48.789868 37.144160 39.379010 41.648859 43.948283 46.272875 48.619025 50.983756 83.866292 85.135977 86.405672 87.675375 83.906152 85.175243 86.444360 87.713503 94.390178 94.661754 94.949542 95.253394 89.426866 89.713468 90.017077 90.337521 5.080000 5.236344 5.679613 6.350000 0.000000 1.270000 2.540000 3.810000 
129.421671 49.290412 153.617723 96.322275 97.373031 98.057826 98.754205 99.461926 93.119450 93.835292 94.562772 95.301624 32.865276 35.280200 37.711562 40.156375 42.612325 45.077591 47.550725 36.041899 38.256825 40.509925 42.795170 45.107676 47.443455 49.799233 82.596617 83.866292 85.135977 86.405672 82.637089 83.906152 85.175243 86.444360 94.134953 94.390178 94.661754 94.949542 89.157434 89.426866 89.713468 90.017077 5.236344 5.080000 5.236344 5.679613 1.270000 0.000000 1.270000 2.540000 
129.874003 50.466152 152.840089 95.077172 96.700067 97.373031 98.057826 98.754205 92.415517 93.119450 93.835292 94.562772 31.665153 34.070464 36.494031 38.932445 41.383082 43.843892 46.313253 34.951024 37.144160 39.379010 41.648859 43.948283 46.272875 48.619025 81.326952 82.596617 83.866292 85.135977 81.368055 82.637089 83.906152 85.175243 93.896214 94.134953 94.390178 94.661754 88.905330 89.157434 89.426866 89.713468 5.679613 5.236344 5.080000 5.236344 2.540000 1.270000 0.000000 1.270000 
130.337141 51.646356 152.069084 93.832735 96.039182 96.700067 97.373031 98.057826 91.723767 92.415517 93.119450 93.835292 30.470697 32.865276 35.280200 37.711562 40.156375 42.612325 45.077591 33.872636 36.041899 38.256825 40.509925 42.795170 45.107676 47.443455 80.057297 81.326952 82.596617 83.866292 80.099052 81.368055 82.637089 83.906152 93.674086 93.896214 94.134953 94.390178 88.670700 88.905330 89.157434 89.426866 6.350000 5.679613 5.236344 5.080000 3.810000 2.540000 1.270000 0.000000 
