38
# Board dimensions: 150.000000x150.000000 mm
Added mounting holes at corners
Added 5-pin Edge Connector at (49.542940,132.429184)
Added 8-pin SOIC at (33.907195,38.952734)
Added 5-pin Edge Connector at (119.540735,42.148079)
Added 8-pin SOIC at (27.569246,5.241826)
Added 8-pin SOIC at (77.999330,96.014906)

0.000000 140.000000 140.000000 197.989899 134.989891 135.849182 136.750259 137.692300 138.674470 44.591637 45.566072 46.554759 47.556808 48.040791 48.946608 49.868318 50.805054 120.414118 122.832725 125.256138 127.684083 130.116306 22.570541 22.619825 22.740040 22.930071 27.650303 27.690547 27.788835 27.944554 116.673113 117.666504 118.665171 119.668981 119.917034 120.883770 121.856072 122.833809 
140.000000 0.000000 197.989899 140.000000 159.217610 157.707885 156.224870 154.769332 153.342054 116.165397 116.542920 116.933019 117.335567 111.317128 111.711037 112.117948 112.537722 45.035031 43.649427 42.370913 41.209455 40.175208 117.431003 117.440485 117.463699 117.500635 112.351014 112.360925 112.385188 112.423793 113.016826 114.042070 115.072196 116.107074 110.081254 111.133583 112.190418 113.251632 
140.000000 197.989899 0.000000 140.000000 46.282814 48.732214 51.190444 53.656292 56.128754 109.916553 108.691772 107.468042 106.245398 111.360460 110.151736 108.944406 107.738517 153.941864 155.840996 157.758162 159.692713 161.644025 141.568775 140.315164 139.061850 137.808842 142.466936 141.221298 139.976098 138.731347 87.911556 87.210277 86.521957 85.846906 92.173322 91.504710 90.848933 90.206269 
197.989899 140.000000 140.000000 0.000000 96.281232 93.763561 91.247128 88.732038 86.218408 153.582661 152.708502 151.839933 150.977050 149.949116 149.053649 148.163656 147.279236 105.956084 105.374619 104.851476 104.387533 103.983581 182.544047 181.573556 180.606781 179.643781 179.318262 178.330217 177.345762 176.364957 82.997766 82.254604 81.524453 80.807666 78.953839 78.172242 77.403592 76.648277 
134.989891 159.217610 46.282814 96.281232 0.000000 2.540000 5.080000 7.620000 10.160000 94.775120 93.522757 92.270876 91.019497 94.070561 92.808692 91.547047 90.285636 114.238213 115.811958 117.419561 119.059649 120.730899 129.071559 127.820281 126.569377 125.318856 128.304407 127.045574 125.786966 124.528589 46.214346 45.220421 44.240625 43.275918 49.504436 48.577873 47.667140 46.773159 
135.849182 157.707885 48.732214 93.763561 2.540000 0.000000 2.540000 5.080000 7.620000 95.227120 93.980781 92.735083 91.490054 94.389328 93.131778 91.874570 90.617718 112.699743 114.238213 115.811958 117.419561 119.059649 129.528164 128.281340 127.034976 125.789084 128.663486 127.408200 126.153210 124.898523 44.695178 43.666687 42.651214 41.649709 47.820245 46.860394 45.915607 44.986833 
136.750259 156.224870 51.190444 91.247128 5.080000 2.540000 0.000000 2.540000 5.080000 95.744393 94.504876 93.266179 92.028335 94.775120 93.522757 92.270876 91.019497 111.198013 112.699743 114.238213 115.811958 117.419561 130.032790 128.790852 127.549466 126.308649 129.071559 127.820281 126.569377 125.318856 43.271876 42.208719 41.157288 40.118507 46.214346 45.220421 44.240625 43.275918 
137.692300 154.769332 53.656292 88.732038 7.620000 5.080000 2.540000 0.000000 2.540000 96.325887 95.093949 93.863026 92.633158 95.227120 93.980781 92.735083 91.490054 109.734531 111.198013 112.699743 114.238213 115.811958 130.584880 129.348242 128.112258 126.876945 129.528164 128.281340 127.034976 125.789084 41.954199 40.856768 39.769610 38.693593 44.695178 43.666687 42.651214 41.649709 
138.674470 153.342054 56.128754 86.218408 10.160000 7.620000 5.080000 2.540000 0.000000 96.970445 95.746801 94.524380 93.303230 95.744393 94.504876 93.266179 92.028335 108.310847 109.734531 111.198013 112.699743 114.238213 131.183834 129.952897 128.722718 127.493321 130.032790 128.790852 127.549466 126.308649 40.752393 39.621688 38.499670 37.387122 43.271876 42.208719 41.157288 40.118507 
44.591637 116.165397 109.916553 153.582661 94.775120 95.227120 95.744393 96.325887 96.970445 0.000000 1.270000 2.540000 3.810000 5.080000 5.236344 5.679613 6.350000 85.693134 88.231419 90.769799 93.308268 95.846817 34.301529 33.054230 31.808727 30.565240 33.734370 32.465288 31.196281 29.927357 72.112467 73.121534 74.138622 75.163407 75.325894 76.292471 77.267832 78.251647 
45.566072 116.542920 108.691772 152.708502 93.522757 93.980781 94.504876 95.093949 95.746801 1.270000 0.000000 1.270000 2.540000 5.236344 5.080000 5.236344 5.679613 85.655181 88.194558 90.733969 93.273413 95.812886 35.550436 34.301529 33.054230 31.808727 35.003519 33.734370 32.465288 31.196281 71.111763 72.112467 73.121534 74.138622 74.368443 75.325894 76.292471 77.267832 
46.554759 116.933019 107.468042 151.839933 92.270876 92.735083 93.266179 93.863026 94.524380 2.540000 1.270000 0.000000 1.270000 5.679613 5.236344 5.080000 5.236344 85.636047 88.175975 90.715907 93.255842 95.795781 36.800787 35.550436 34.301529 33.054230 36.272727 35.003519 33.734370 32.465288 70.119781 71.111763 72.112467 73.121534 73.420475 74.368443 75.325894 76.292471 
47.556808 117.335567 106.245398 150.977050 91.019497 91.490054 92.028335 92.633158 93.303230 3.810000 2.540000 1.270000 0.000000 6.350000 5.679613 5.236344 5.080000 85.635745 88.175682 90.715622 93.255565 95.795511 38.052439 36.800787 35.550436 34.301529 37.541989 36.272727 35.003519 33.734370 69.136895 70.119781 71.111763 72.112467 72.482361 73.420475 74.368443 75.325894 
48.040791 111.317128 111.360460 149.949116 94.070561 94.389328 94.775120 95.227120 95.744393 5.080000 5.236344 5.679613 6.350000 0.000000 1.270000 2.540000 3.810000 80.616890 83.154955 85.693134 88.231419 90.769799 35.592062 34.391599 33.196311 32.006778 34.301529 33.054230 31.808727 30.565240 69.123355 70.175416 71.234582 72.300540 72.112467 73.121534 74.138622 75.163407 
48.946608 111.711037 110.151736 149.053649 92.808692 93.131778 93.522757 93.980781 94.504876 5.236344 5.080000 5.236344 5.679613 1.270000 0.000000 1.270000 2.540000 80.576545 83.115842 85.655181 88.194558 90.733969 36.797194 35.592062 34.391599 33.196311 35.550436 34.301529 33.054230 31.808727 68.078728 69.123355 70.175416 71.234582 71.111763 72.112467 73.121534 74.138622 
49.868318 112.117948 108.944406 148.163656 91.547047 91.874570 92.270876 92.735083 93.266179 5.679613 5.236344 5.080000 5.236344 2.540000 1.270000 0.000000 1.270000 80.556205 83.096124 85.636047 88.175975 90.715907 38.006551 36.797194 35.592062 34.391599 36.800787 35.550436 34.301529 33.054230 67.041882 68.078728 69.123355 70.175416 70.119781 71.111763 72.112467 73.121534 
50.805054 112.537722 107.738517 147.279236 90.285636 90.617718 91.019497 91.490054 92.028335 6.350000 5.679613 5.236344 5.080000 3.810000 2.540000 1.270000 0.000000 80.555884 83.095813 85.635745 88.175682 90.715622 39.219741 38.006551 36.797194 35.592062 38.052439 36.800787 35.550436 34.301529 66.013184 67.041882 68.078728 69.123355 69.136895 70.119781 71.111763 72.112467 
120.414118 45.035031 153.941864 105.956084 114.238213 112.699743 111.198013 109.734531 108.310847 85.693134 85.655181 85.636047 85.635745 80.616890 80.576545 80.556205 80.555884 0.000000 2.540000 5.080000 7.620000 10.160000 99.100082 98.634159 98.182453 97.745162 94.404462 93.915246 93.440731 92.981142 68.024432 69.034469 70.052969 71.079566 65.046668 66.102221 67.165200 68.235258 
122.832725 43.649427 155.840996 105.374619 115.811958 114.238213 112.699743 111.198013 109.734531 88.231419 88.194558 88.175975 88.175682 83.154955 83.115842 83.096124 83.095813 2.540000 0.000000 2.540000 5.080000 7.620000 101.461781 101.006753 100.565704 100.138821 96.747417 96.270108 95.807257 95.359075 69.604635 70.592067 71.588409 72.593296 66.503719 67.536503 68.577253 69.625612 
125.256138 42.370913 157.758162 104.851476 117.419561 115.811958 114.238213 112.699743 111.198013 90.769799 90.733969 90.715907 90.715622 85.693134 85.655181 85.636047 85.635745 5.080000 2.540000 0.000000 2.540000 5.080000 103.831898 103.387301 102.956451 102.539522 99.100082 98.634159 98.182453 97.745162 71.240370 72.205436 73.179816 74.163142 68.024432 69.034469 70.052969 71.079566 
127.684083 41.209455 159.692713 104.387533 119.059649 117.419561 115.811958 114.238213 112.699743 93.308268 93.273413 93.255842 93.255565 88.231419 88.194558 88.175975 88.175682 7.620000 5.080000 2.540000 0.000000 2.540000 106.209869 105.775267 105.354184 104.946780 101.461781 101.006753 100.565704 100.138821 72.927901 73.870924 74.823618 75.785619 69.604635 70.592067 71.588409 72.593296 
130.116306 40.175208 161.644025 103.983581 120.730899 119.059649 117.419561 115.811958 114.238213 95.846817 95.812886 95.795781 95.795511 90.769799 90.733969 90.715907 90.715622 10.160000 7.620000 5.080000 2.540000 0.000000 108.595177 108.170160 107.758435 107.360156 103.831898 103.387301 102.956451 102.539522 74.663714 75.585084 76.516438 77.457418 71.240370 72.205436 73.179816 74.163142 
22.570541 117.431003 141.568775 182.544047 129.071559 129.528164 130.032790 130.584880 131.183834 34.301529 35.550436 36.800787 38.052439 35.592062 36.797194 38.006551 39.219741 99.100082 101.461781 103.831898 106.209869 108.595177 0.000000 1.270000 2.540000 3.810000 5.080000 5.236344 5.679613 6.350000 103.840962 104.952951 106.068489 107.187464 106.400759 107.486269 108.575782 109.669178 
22.619825 117.440485 140.315164 181.573556 127.820281 128.281340 128.790852 129.348242 129.952897 33.054230 34.301529 35.550436 36.800787 34.391599 35.592062 36.797194 38.006551 98.634159 101.006753 103.387301 105.775267 108.170160 1.270000 0.000000 1.270000 2.540000 5.236344 5.080000 5.236344 5.679613 102.732637 103.840962 104.952951 106.068489 105.319375 106.400759 107.486269 108.575782 
22.740040 117.463699 139.061850 180.606781 126.569377 127.034976 127.549466 128.112258 128.722718 31.808727 33.054230 34.301529 35.550436 33.196311 34.391599 35.592062 36.797194 98.182453 100.565704 102.956451 105.354184 107.758435 2.540000 1.270000 0.000000 1.270000 5.679613 5.236344 5.080000 5.236344 101.628096 102.732637 103.840962 104.952951 104.242246 105.319375 106.400759 107.486269 
22.930071 117.500635 137.808842 179.643781 125.318856 125.789084 126.308649 126.876945 127.493321 30.565240 31.808727 33.054230 34.301529 32.006778 33.196311 34.391599 35.592062 97.745162 100.138821 102.539522 104.946780 107.360156 3.810000 2.540000 1.270000 0.000000 6.350000 5.679613 5.236344 5.080000 100.527462 101.628096 102.732637 103.840962 103.169505 104.242246 105.319375 106.400759 
27.650303 112.351014 142.466936 179.318262 128.304407 128.663486 129.071559 129.528164 130.032790 33.734370 35.003519 36.272727 37.541989 34.301529 35.550436 36.800787 38.052439 94.404462 96.747417 99.100082 101.461781 103.831898 5.080000 5.236344 5.679613 6.350000 0.000000 1.270000 2.540000 3.810000 101.471091 102.608765 103.749511 104.893228 103.840962 104.952951 106.068489 107.187464 
27.690547 112.360925 141.221298 178.330217 127.045574 127.408200 127.820281 128.281340 128.790852 32.465288 33.734370 35.003519 36.272727 33.054230 34.301529 35.550436 36.800787 93.915246 96.270108 98.634159 101.006753 103.387301 5.236344 5.080000 5.236344 5.679613 1.270000 0.000000 1.270000 2.540000 100.336591 101.471091 102.608765 103.749511 102.732637 103.840962 104.952951 106.068489 
27.788835 112.385188 139.976098 177.345762 125.786966 126.153210 126.569377 127.034976 127.549466 31.196281 32.465288 33.734370 35.003519 31.808727 33.054230 34.301529 35.550436 93.440731 95.807257 98.182453 100.565704 102.956451 5.679613 5.236344 5.080000 5.236344 2.540000 1.270000 0.000000 1.270000 99.205376 100.336591 101.471091 102.608765 101.628096 102.732637 103.840962 104.952951 
27.944554 112.423793 138.731347 176.364957 124.528589 124.898523 125.318856 125.789084 126.308649 29.927357 31.196281 32.465288 33.734370 30.565240 31.808727 33.054230 34.301529 92.981142 95.359075 97.745162 100.138821 102.539522 6.350000 5.679613 5.236344 5.080000 3.810000 2.540000 1.270000 0.000000 98.077558 99.205376 100.336591 101.471091 100.527462 101.628096 102.732637 103.840962 
116.673113 113.016826 87.911556 82.997766 46.214346 44.695178 43.271876 41.954199 40.752393 72.112467 71.111763 70.119781 69.136895 69.123355 68.078728 67.041882 66.013184 68.024432 69.604635 71.240370 72.927901 74.663714 103.840962 102.732637 101.628096 100.527462 101.471091 100.336591 99.205376 98.077558 0.000000 1.270000 2.540000 3.810000 5.080000 5.236344 5.679613 6.350000 
117.666504 114.042070 87.210277 82.254604 45.220421 43.666687 42.208719 40.856768 39.621688 73.121534 72.112467 71.111763 70.119781 70.175416 69.123355 68.078728 67.041882 69.034469 70.592067 72.205436 73.870924 75.585084 104.952951 103.840962 102.732637 101.628096 102.608765 101.471091 100.336591 99.205376 1.270000 0.000000 1.270000 2.540000 5.236344 5.080000 5.236344 5.679613 
118.665171 115.072196 86.521957 81.524453 44.240625 42.651214 41.157288 39.769610 38.499670 74.138622 73.121534 72.112467 71.111763 71.234582 70.175416 69.123355 68.078728 70.052969 71.588409 73.179816 74.823618 76.516438 106.068489 104.952951 103.840962 102.732637 103.749511 102.608765 101.471091 100.336591 2.540000 1.270000 0.000000 1.270000 5.679613 5.236344 5.080000 5.236344 
119.668981 116.107074 85.846906 80.807666 43.275918 41.649709 40.118507 38.693593 37.387122 75.163407 74.138622 73.121534 72.112467 72.300540 71.234582 70.175416 69.123355 71.079566 72.593296 74.163142 75.785619 77.457418 107.187464 106.068489 104.952951 103.840962 104.893228 103.749511 102.608765 101.471091 3.810000 2.540000 1.270000 0.000000 6.350000 5.679613 5.236344 5.080000 
119.917034 110.081254 92.173322 78.953839 49.504436 47.820245 46.214346 44.695178 43.271876 75.325894 74.368443 73.420475 72.482361 72.112467 71.111763 70.119781 69.136895 65.046668 66.503719 68.024432 69.604635 71.240370 106.400759 105.319375 104.242246 103.169505 103.840962 102.732637 101.628096 100.527462 5.080000 5.236344 5.679613 6.350000 0.000000 1.270000 2.540000 3.810000 
120.883770 111.133583 91.504710 78.172242 48.577873 46.860394 45.220421 43.666687 42.208719 76.292471 75.325894 74.368443 73.420475 73.121534 72.112467 71.111763 70.119781 66.102221 67.536503 69.034469 70.592067 72.205436 107.486269 106.400759 105.319375 104.242246 104.952951 103.840962 102.732637 101.628096 5.236344 5.080000 5.236344 5.679613 1.270000 0.000000 1.270000 2.540000 
121.856072 112.190418 90.848933 77.403592 47.667140 45.915607 44.240625 42.651214 41.157288 77.267832 76.292471 75.325894 74.368443 74.138622 73.121534 72.112467 71.111763 67.165200 68.577253 70.052969 71.588409 73.179816 108.575782 107.486269 106.400759 105.319375 106.068489 104.952951 103.840962 102.732637 5.679613 5.236344 5.080000 5.236344 2.540000 1.270000 0.000000 1.270000 
122.833809 113.251632 90.206269 76.648277 46.773159 44.986833 43.275918 41.649709 40.118507 78.251647 77.267832 76.292471 75.325894 75.163407 74.138622 73.121534 72.112467 68.235258 69.625612 71.079566 72.593296 74.163142 109.669178 108.575782 107.486269 106.400759 107.187464 106.068489 104.952951 103.840962 6.350000 5.679613 5.236344 5.080000 3.810000 2.540000 1.270000 0.000000 
