44
# Board dimensions: 150.000000x150.000000 mm
Added mounting holes at corners
Added 8-pin SOIC at (48.511118,71.326740)
Added 5-pin Edge Connector at (95.227311,91.239472)
Added 5-pin Edge Connector at (90.504118,7.200452)
Added 14-pin DIP IC at (111.327558,123.247665)
Added 8-pin SOIC at (135.139199,129.076454)

0.000000 140.000000 140.000000 197.989899 79.324989 80.389904 81.460698 82.537141 82.221245 83.249120 84.283596 85.324434 124.812717 126.661046 128.532993 130.427539 132.343715 85.532427 88.071611 90.610840 93.150111 95.689421 159.022200 160.919886 162.835078 164.767166 166.715561 168.679699 170.659036 164.214970 166.053323 167.909973 169.784320 171.675783 173.583804 175.507843 179.808725 180.687422 181.570750 182.458642 183.518931 184.379948 185.245669 186.116030 
140.000000 0.000000 197.989899 140.000000 117.086895 117.810966 118.544221 119.286490 112.937240 113.687744 114.447419 115.216085 99.571920 98.326871 97.132297 95.990082 94.902117 54.540290 52.002459 49.464850 46.927501 44.390455 122.948541 125.393355 127.841880 130.293908 132.749244 135.207708 137.669133 121.083608 123.565326 126.049366 128.535594 131.023884 133.514122 136.006200 124.467673 125.733722 126.999849 128.266053 124.168524 125.437592 126.706679 127.975783 
140.000000 197.989899 0.000000 140.000000 85.562647 84.471589 83.385598 82.304875 88.254438 87.197068 86.145443 85.099775 105.029339 107.219254 109.424302 111.643587 113.876277 162.171729 163.525173 164.906634 166.315413 167.750824 108.529783 108.049357 107.626746 107.262634 106.957617 106.712204 106.526805 116.005216 115.555873 115.160813 114.820595 114.535708 114.306565 114.133503 131.109765 130.961588 130.825572 130.701756 136.153557 136.010875 135.879914 135.760708 
197.989899 140.000000 140.000000 0.000000 121.399562 120.633065 119.875123 119.125898 117.402440 116.609673 115.825405 115.049810 73.263326 71.562010 69.911592 68.315763 66.778435 148.184063 147.268901 146.392093 145.554333 144.756298 40.087372 38.767862 37.573928 36.517889 35.612014 34.868009 34.296411 33.939561 32.370411 30.930510 29.638701 28.515118 27.580328 26.854054 18.729515 17.662441 16.623920 15.619648 16.625745 15.413711 14.211804 13.022829 
79.324989 117.086895 85.562647 121.399562 0.000000 1.270000 2.540000 3.810000 5.080000 5.236344 5.679613 6.350000 50.783065 53.128989 55.492005 57.870017 60.261250 76.652416 78.072844 79.549030 81.077929 82.656617 81.496550 83.137823 84.823409 86.550719 88.317306 90.120859 91.959203 87.504712 89.035299 90.611245 92.230223 93.890007 95.588473 97.323594 104.112698 104.822474 105.542759 106.273340 108.376204 109.058235 109.750725 110.453476 
80.389904 117.810966 84.471589 120.633065 1.270000 0.000000 1.270000 2.540000 5.236344 5.080000 5.236344 5.679613 50.298650 52.666157 55.049043 57.445395 59.853595 77.717994 79.119294 80.576311 82.086079 83.645741 80.693379 82.311480 83.975242 85.682005 87.429250 89.214600 91.035813 86.757181 88.264187 89.817750 91.415496 93.055149 94.734534 96.451574 103.413647 104.112698 104.822474 105.542759 107.704829 108.376204 109.058235 109.750725 
81.460698 118.544221 83.385598 119.875123 2.540000 1.270000 0.000000 1.270000 5.679613 5.236344 5.080000 5.236344 49.841896 52.230110 54.632019 57.045892 59.470272 78.789632 80.172203 81.610424 83.101407 84.642362 79.902322 81.496550 83.137823 84.823409 86.550719 88.317306 90.120859 86.021904 87.504712 89.035299 90.611245 92.230223 93.890007 95.588473 102.725542 103.413647 104.112698 104.822474 107.044311 107.704829 108.376204 109.058235 
82.537141 119.286490 82.304875 119.125898 3.810000 2.540000 1.270000 0.000000 6.350000 5.679613 5.236344 5.080000 49.413568 51.821526 54.241531 56.672038 59.111753 79.867085 81.231320 82.651114 84.123653 85.646218 79.123741 80.693379 82.311480 83.975242 85.682005 87.429250 89.214600 85.299199 86.757181 88.264187 89.817750 91.415496 93.055149 94.734534 102.048602 102.725542 103.413647 104.112698 106.394853 107.044311 107.704829 108.376204 
82.221245 112.937240 88.254438 117.402440 5.080000 5.236344 5.679613 6.350000 0.000000 1.270000 2.540000 3.810000 46.152893 48.456712 50.783065 53.128989 55.492005 73.991557 75.290903 76.652416 78.072844 79.549030 77.648432 79.369320 81.133236 82.937436 84.779348 86.656567 88.566847 83.470035 85.073243 86.721219 88.411459 90.141586 91.909348 93.712615 99.925567 100.664870 101.414689 102.174791 104.112698 104.822474 105.542759 106.273340 
83.249120 113.687744 87.197068 116.609673 5.236344 5.080000 5.236344 5.679613 1.270000 0.000000 1.270000 2.540000 45.619339 47.948801 50.298650 52.666157 55.049043 75.094901 76.375479 77.717994 79.119294 80.576311 76.805031 78.503319 80.246075 82.030466 83.853832 85.713688 87.607709 82.686036 84.265882 85.891794 87.561208 89.271681 91.020899 92.806672 99.197014 99.925567 100.664870 101.414689 103.413647 104.112698 104.822474 105.542759 
84.283596 114.447419 86.145443 115.825405 5.679613 5.236344 5.080000 5.236344 2.540000 1.270000 0.000000 1.270000 45.115235 47.469442 49.841896 52.230110 54.632019 76.203436 77.465691 78.789632 80.172203 81.610424 75.973498 77.648432 79.369320 81.133236 82.937436 84.779348 86.656567 81.914224 83.470035 85.073243 86.721219 88.411459 90.141586 91.909348 98.479450 99.197014 99.925567 100.664870 102.725542 103.413647 104.112698 104.822474 
85.324434 115.216085 85.099775 115.049810 6.350000 5.679613 5.236344 5.080000 3.810000 2.540000 1.270000 0.000000 44.641579 47.019507 49.413568 51.821526 54.241531 77.316938 78.561304 79.867085 81.231320 82.651114 75.154226 76.805031 78.503319 80.246075 82.030466 83.853832 85.713688 81.154947 82.686036 84.265882 85.891794 87.561208 89.271681 91.020899 97.773116 98.479450 99.197014 99.925567 102.048602 102.725542 103.413647 104.112698 
124.812717 99.571920 105.029339 73.263326 50.783065 50.298650 49.841896 49.413568 46.152893 45.619339 45.115235 44.641579 0.000000 2.540000 5.080000 7.620000 10.160000 84.171643 84.067374 84.039778 84.088932 84.214701 35.829351 38.115556 40.432067 42.773960 45.137285 47.518843 49.916026 39.839359 41.907371 44.024813 46.184887 48.381883 50.610993 52.868155 54.996326 55.877677 56.773756 57.683878 58.786964 59.612297 60.453044 61.308572 
126.661046 98.326871 107.219254 71.562010 53.128989 52.666157 52.230110 51.821526 48.456712 47.948801 47.469442 47.019507 2.540000 0.000000 2.540000 5.080000 7.620000 84.352303 84.171643 84.067374 84.039778 84.088932 34.762116 37.114120 39.489421 41.884054 44.294885 46.719405 49.155590 38.381340 40.523826 42.709916 44.933245 47.188551 49.471460 51.778322 53.181718 54.092642 55.017803 55.956492 56.866510 57.719310 58.587229 59.469604 
128.532993 97.132297 109.424302 69.911592 55.492005 55.049043 54.632019 54.241531 50.783065 50.298650 49.841896 49.413568 5.080000 2.540000 0.000000 2.540000 5.080000 84.608862 84.352303 84.171643 84.067374 84.039778 33.852183 36.263252 38.690824 41.131977 43.584428 46.046372 48.516364 37.040292 39.256037 41.508949 43.793293 46.104396 48.438428 50.792229 51.428567 52.369995 53.325050 54.293015 54.996326 55.877677 56.773756 57.683878 
130.427539 95.990082 111.643587 68.315763 57.870017 57.445395 57.045892 56.672038 53.128989 52.666157 52.230110 51.821526 7.620000 5.080000 2.540000 0.000000 2.540000 84.940635 84.608862 84.352303 84.171643 84.067374 33.112520 35.573758 38.045350 40.525403 43.012453 45.505352 48.003191 35.829351 38.115556 40.432067 42.773960 45.137285 47.518843 49.916026 49.743373 50.716092 51.701708 52.699498 53.181718 54.092642 55.017803 55.956492 
132.343715 94.902117 113.876277 66.778435 60.261250 59.853595 59.470272 59.111753 55.492005 55.049043 54.632019 54.241531 10.160000 7.620000 5.080000 2.540000 0.000000 85.346742 84.940635 84.608862 84.352303 84.171643 32.554738 35.055159 37.560892 40.070940 42.584540 45.101098 47.620146 34.762116 37.114120 39.489421 41.884054 44.294885 46.719405 49.155590 48.133273 49.137875 50.154516 51.182476 51.428567 52.369995 53.325050 54.293015 
85.532427 54.540290 162.171729 148.184063 76.652416 77.717994 78.789632 79.867085 73.991557 75.094901 76.203436 77.316938 84.171643 84.352303 84.608862 84.940635 85.346742 0.000000 2.540000 5.080000 7.620000 10.160000 117.900685 120.401590 122.904099 125.408115 127.913550 130.420323 132.928357 119.482154 121.950631 124.421988 126.896056 129.372679 131.851713 134.333025 129.792335 130.985603 132.180301 133.376390 131.625792 132.802587 133.981084 135.161238 
88.071611 52.002459 163.525173 147.268901 78.072844 79.119294 80.172203 81.231320 75.290903 76.375479 77.465691 78.561304 84.067374 84.171643 84.352303 84.608862 84.940635 2.540000 0.000000 2.540000 5.080000 7.620000 117.478679 119.988380 122.499331 125.011455 127.524684 130.038952 132.554203 118.903086 121.383341 123.866017 126.350971 128.838073 131.327199 133.818237 128.940900 130.141975 131.344346 132.547980 130.687597 131.872765 133.059497 134.247753 
90.610840 49.464850 164.906634 146.392093 79.549030 80.576311 81.610424 82.651114 76.652416 77.717994 78.789632 79.867085 84.039778 84.067374 84.171643 84.352303 84.608862 5.080000 2.540000 0.000000 2.540000 5.080000 117.110254 119.627685 122.146051 124.665294 127.185363 129.706210 132.227790 118.375699 120.866776 123.359848 125.854797 128.351514 130.849896 133.349851 128.134165 129.342731 130.552464 131.763331 129.792335 130.985603 132.180301 133.376390 
93.150111 46.927501 166.315413 145.554333 81.077929 82.086079 83.101407 84.123653 78.072844 79.119294 80.172203 81.231320 84.088932 84.039778 84.067374 84.171643 84.352303 7.620000 5.080000 2.540000 0.000000 2.540000 116.795919 119.319982 121.844707 124.370055 126.895987 129.422470 131.949472 117.900685 120.401590 122.904099 125.408115 127.913550 130.420323 132.928357 127.372980 128.588701 129.805461 131.023232 128.940900 130.141975 131.344346 132.547980 
95.689421 44.390455 167.750824 144.756298 82.656617 83.645741 84.642362 85.646218 79.549030 80.576311 81.610424 82.651114 84.214701 84.088932 84.039778 84.067374 84.171643 10.160000 7.620000 5.080000 2.540000 0.000000 116.536109 119.065680 121.595686 124.126100 126.656897 129.188056 131.719556 117.478679 119.988380 122.499331 125.011455 127.524684 130.038952 132.554203 126.658166 127.880683 129.104116 130.328440 128.134165 129.342731 130.552464 131.763331 
159.022200 122.948541 108.529783 40.087372 81.496550 80.693379 79.902322 79.123741 77.648432 76.805031 75.973498 75.154226 35.829351 34.762116 33.852183 33.112520 32.554738 117.900685 117.478679 117.110254 116.795919 116.536109 0.000000 2.540000 5.080000 7.620000 10.160000 12.700000 15.240000 7.620000 8.032185 9.158100 10.776307 12.700000 14.810618 17.038838 24.514669 24.847274 25.239470 25.688528 29.473745 29.750961 30.079287 30.457070 
160.919886 125.393355 108.049357 38.767862 83.137823 82.311480 81.496550 80.693379 79.369320 78.503319 77.648432 76.805031 38.115556 37.114120 36.263252 35.573758 35.055159 120.401590 119.988380 119.627685 119.319982 119.065680 2.540000 0.000000 2.540000 5.080000 7.620000 10.160000 12.700000 8.032185 7.620000 8.032185 9.158100 10.776307 12.700000 14.810618 24.037686 24.244108 24.514669 24.847274 29.078222 29.249093 29.473745 29.750961 
162.835078 127.841880 107.626746 37.573928 84.823409 83.975242 83.137823 82.311480 81.133236 80.246075 79.369320 78.503319 40.432067 39.489421 38.690824 38.045350 37.560892 122.904099 122.499331 122.146051 121.844707 121.595686 5.080000 2.540000 0.000000 2.540000 5.080000 7.620000 10.160000 9.158100 8.032185 7.620000 8.032185 9.158100 10.776307 12.700000 23.823411 23.897065 24.037686 24.244108 28.901342 28.962085 29.078222 29.249093 
164.767166 130.293908 107.262634 36.517889 86.550719 85.682005 84.823409 83.975242 82.937436 82.030466 81.133236 80.246075 42.773960 41.884054 41.131977 40.525403 40.070940 125.408115 125.011455 124.665294 124.370055 124.126100 7.620000 5.080000 2.540000 0.000000 2.540000 5.080000 7.620000 10.776307 9.158100 8.032185 7.620000 8.032185 9.158100 10.776307 23.878917 23.817344 23.823411 23.897065 28.947113 28.896341 28.901342 28.962085 
166.715561 132.749244 106.957617 35.612014 88.317306 87.429250 86.550719 85.682005 84.779348 83.853832 82.937436 82.030466 45.137285 44.294885 43.584428 43.012453 42.584540 127.913550 127.524684 127.185363 126.895987 126.656897 10.160000 7.620000 5.080000 2.540000 0.000000 2.540000 5.080000 12.700000 10.776307 9.158100 8.032185 7.620000 8.032185 9.158100 24.202347 24.007608 23.878917 23.817344 29.214487 29.053363 28.947113 28.896341 
168.679699 135.207708 106.712204 34.868009 90.120859 89.214600 88.317306 87.429250 86.656567 85.713688 84.779348 83.853832 47.518843 46.719405 46.046372 45.505352 45.101098 130.420323 130.038952 129.706210 129.422470 129.188056 12.700000 10.160000 7.620000 5.080000 2.540000 0.000000 2.540000 14.810618 12.700000 10.776307 9.158100 8.032185 7.620000 8.032185 24.783215 24.461557 24.202347 24.007608 29.697482 29.429585 29.214487 29.053363 
170.659036 137.669133 106.526805 34.296411 91.959203 91.035813 90.120859 89.214600 88.566847 87.607709 86.656567 85.713688 49.916026 49.155590 48.516364 48.003191 47.620146 132.928357 132.554203 132.227790 131.949472 131.719556 15.240000 12.700000 10.160000 7.620000 5.080000 2.540000 0.000000 17.038838 14.810618 12.700000 10.776307 9.158100 8.032185 7.620000 25.604006 25.164927 24.783215 24.461557 30.385816 30.016765 29.697482 29.429585 
164.214970 121.083608 116.005216 33.939561 87.504712 86.757181 86.021904 85.299199 83.470035 82.686036 81.914224 81.154947 39.839359 38.381340 37.040292 35.829351 34.762116 119.482154 118.903086 118.375699 117.900685 117.478679 7.620000 8.032185 9.158100 10.776307 12.700000 14.810618 17.038838 0.000000 2.540000 5.080000 7.620000 10.160000 12.700000 15.240000 17.208835 17.679423 18.226515 18.843446 22.055781 22.424885 22.858681 23.353563 
166.053323 123.565326 115.555873 32.370411 89.035299 88.264187 87.504712 86.757181 85.073243 84.265882 83.470035 82.686036 41.907371 40.523826 39.256037 38.115556 37.114120 121.950631 121.383341 120.866776 120.401590 119.988380 8.032185 7.620000 8.032185 9.158100 10.776307 12.700000 14.810618 2.540000 0.000000 2.540000 5.080000 7.620000 10.160000 12.700000 16.522268 16.821170 17.208835 17.679423 21.524377 21.754660 22.055781 22.424885 
167.909973 126.049366 115.160813 30.930510 90.611245 89.817750 89.035299 88.264187 86.721219 85.891794 85.073243 84.265882 44.024813 42.709916 41.508949 40.432067 39.489421 124.421988 123.866017 123.359848 122.904099 122.499331 9.158100 8.032185 7.620000 8.032185 9.158100 10.776307 12.700000 5.080000 2.540000 0.000000 2.540000 5.080000 7.620000 10.160000 16.208945 16.317007 16.522268 16.821170 21.284815 21.367222 21.524377 21.754660 
169.784320 128.535594 114.820595 29.638701 92.230223 91.415496 90.611245 89.817750 88.411459 87.561208 86.721219 85.891794 46.184887 44.933245 43.793293 42.773960 41.884054 126.896056 126.350971 125.854797 125.408115 125.011455 10.776307 9.158100 8.032185 7.620000 8.032185 9.158100 10.776307 7.620000 5.080000 2.540000 0.000000 2.540000 5.080000 7.620000 16.290416 16.200027 16.208945 16.317007 21.346923 21.278025 21.284815 21.367222 
171.675783 131.023884 114.535708 28.515118 93.890007 93.055149 92.230223 91.415496 90.141586 89.271681 88.411459 87.561208 48.381883 47.188551 46.104396 45.137285 44.294885 129.372679 128.838073 128.351514 127.913550 127.524684 12.700000 10.776307 9.158100 8.032185 7.620000 8.032185 9.158100 10.160000 7.620000 5.080000 2.540000 0.000000 2.540000 5.080000 16.760925 16.478478 16.290416 16.200027 21.708111 21.490782 21.346923 21.278025 
173.583804 133.514122 114.306565 27.580328 95.588473 94.734534 93.890007 93.055149 91.909348 91.020899 90.141586 89.271681 50.610993 49.471460 48.438428 47.518843 46.719405 131.851713 131.327199 130.849896 130.420323 130.038952 14.810618 12.700000 10.776307 9.158100 8.032185 7.620000 8.032185 12.700000 10.160000 7.620000 5.080000 2.540000 0.000000 2.540000 17.589280 17.133090 16.760925 16.478478 22.353886 21.996733 21.708111 21.490782 
175.507843 136.006200 114.133503 26.854054 97.323594 96.451574 95.588473 94.734534 93.712615 92.806672 91.909348 91.020899 52.868155 51.778322 50.792229 49.916026 49.155590 134.333025 133.818237 133.349851 132.928357 132.554203 17.038838 14.810618 12.700000 10.776307 9.158100 8.032185 7.620000 15.240000 12.700000 10.160000 7.620000 5.080000 2.540000 0.000000 18.728057 18.123149 17.589280 17.133090 23.260559 22.776348 22.353886 21.996733 
179.808725 124.467673 131.109765 18.729515 104.112698 103.413647 102.725542 102.048602 99.925567 99.197014 98.479450 97.773116 54.996326 53.181718 51.428567 49.743373 48.133273 129.792335 128.940900 128.134165 127.372980 126.658166 24.514669 24.037686 23.823411 23.878917 24.202347 24.783215 25.604006 17.208835 16.522268 16.208945 16.290416 16.760925 17.589280 18.728057 0.000000 1.270000 2.540000 3.810000 5.080000 5.236344 5.679613 6.350000 
180.687422 125.733722 130.961588 17.662441 104.822474 104.112698 103.413647 102.725542 100.664870 99.925567 99.197014 98.479450 55.877677 54.092642 52.369995 50.716092 49.137875 130.985603 130.141975 129.342731 128.588701 127.880683 24.847274 24.244108 23.897065 23.817344 24.007608 24.461557 25.164927 17.679423 16.821170 16.317007 16.200027 16.478478 17.133090 18.123149 1.270000 0.000000 1.270000 2.540000 5.236344 5.080000 5.236344 5.679613 
181.570750 126.999849 130.825572 16.623920 105.542759 104.822474 104.112698 103.413647 101.414689 100.664870 99.925567 99.197014 56.773756 55.017803 53.325050 51.701708 50.154516 132.180301 131.344346 130.552464 129.805461 129.104116 25.239470 24.514669 24.037686 23.823411 23.878917 24.202347 24.783215 18.226515 17.208835 16.522268 16.208945 16.290416 16.760925 17.589280 2.540000 1.270000 0.000000 1.270000 5.679613 5.236344 5.080000 5.236344 
182.458642 128.266053 130.701756 15.619648 106.273340 105.542759 104.822474 104.112698 102.174791 101.414689 100.664870 99.925567 57.683878 55.956492 54.293015 52.699498 51.182476 133.376390 132.547980 131.763331 131.023232 130.328440 25.688528 24.847274 24.244108 23.897065 23.817344 24.007608 24.461557 18.843446 17.679423 16.821170 16.317007 16.200027 16.478478 17.133090 3.810000 2.540000 1.270000 0.000000 6.350000 5.679613 5.236344 5.080000 
183.518931 124.168524 136.153557 16.625745 108.376204 107.704829 107.044311 106.394853 104.112698 103.413647 102.725542 102.048602 58.786964 56.866510 54.996326 53.181718 51.428567 131.625792 130.687597 129.792335 128.940900 128.134165 29.473745 29.078222 28.901342 28.947113 29.214487 29.697482 30.385816 22.055781 21.524377 21.284815 21.346923 21.708111 22.353886 23.260559 5.080000 5.236344 5.679613 6.350000 0.000000 1.270000 2.540000 3.810000 
184.379948 125.437592 136.010875 15.413711 109.058235 108.376204 107.704829 107.044311 104.822474 104.112698 103.413647 102.725542 59.612297 57.719310 55.877677 54.092642 52.369995 132.802587 131.872765 130.985603 130.141975 129.342731 29.750961 29.249093 28.962085 28.896341 29.053363 29.429585 30.016765 22.424885 21.754660 21.367222 21.278025 21.490782 21.996733 22.776348 5.236344 5.080000 5.236344 5.679613 1.270000 0.000000 1.270000 2.540000 
185.245669 126.706679 135.879914 14.211804 109.750725 109.058235 108.376204 107.704829 105.542759 104.822474 104.112698 103.413647 60.453044 58.587229 56.773756 55.017803 53.325050 133.981084 133.059497 132.180301 131.344346 130.552464 30.079287 29.473745 29.078222 28.901342 28.947113 29.214487 29.697482 22.858681 22.055781 21.524377 21.284815 21.346923 21.708111 22.353886 5.679613 5.236344 5.080000 5.236344 2.540000 1.270000 0.000000 1.270000 
186.116030 127.975783 135.760708 13.022829 110.453476 109.750725 109.058235 108.376204 106.273340 105.542759 104.822474 104.112698 61.308572 59.469604 57.683878 55.956492 54.293015 135.161238 134.247753 133.376390 132.547980 131.763331 30.457070 29.750961 29.249093 28.962085 28.896341 29.053363 29.429585 23.353563 22.424885 21.754660 21.367222 21.278025 21.490782 21.996733 6.350000 5.679613 5.236344 5.080000 3.810000 2.540000 1.270000 0.000000 
