53
# Circuit board instance
Width: 150
Height: 150
Components: 5
Total holes: 53
Size category: large
0.000000 140.000000 140.000000 197.989899 98.028763 99.774615 101.553987 103.365149 105.206459 107.076362 108.973385 103.741920 105.393175 107.079223 108.798446 110.549296 112.330294 114.140030 115.200130 116.252640 117.350695 118.493030 119.678378 138.441701 138.888945 139.346328 139.813752 143.214825 143.647208 144.089488 144.541574 35.210591 36.995271 38.864092 40.805496 42.809607 44.868025 46.973610 41.098804 42.637731 44.268992 45.982763 47.770163 49.623237 51.534901 92.636892 93.060612 93.499663 93.953831 97.450861 97.853738 98.271378 98.703592 
140.000000 0.000000 197.989899 140.000000 95.380011 97.173463 98.999599 100.856642 102.742918 104.656846 106.596936 90.091588 91.988204 93.915218 95.870799 97.853232 99.860919 101.892368 140.710896 139.039428 137.394585 135.777334 134.188674 49.268880 50.511949 51.756325 53.001917 48.470650 49.733675 50.997045 52.260737 116.838574 117.388742 117.991035 118.644660 119.348771 120.102483 120.904867 109.393686 109.981102 110.623734 111.320624 112.070760 112.873081 113.726482 60.614740 61.260350 61.925278 62.608908 56.274536 56.969352 57.683764 58.417052 
140.000000 197.989899 0.000000 140.000000 102.620682 100.822318 99.056440 97.324818 95.629311 93.971875 92.354560 108.091406 106.385561 104.713543 103.077000 101.477647 99.917271 98.397726 58.157565 60.215518 62.309052 64.434700 66.589387 158.967975 158.237958 157.514798 156.798590 163.141652 162.430394 161.725982 161.028504 118.712359 116.233767 113.757884 111.284891 108.814985 106.348381 103.885314 120.590008 118.150813 115.715954 113.285714 110.860394 108.440325 106.025867 140.305364 139.315035 138.329275 137.348185 143.529341 142.561410 141.598252 140.639967 
197.989899 140.000000 140.000000 0.000000 100.093520 98.248909 96.435920 94.656370 92.912181 91.205381 89.538109 95.067662 93.123551 91.208740 89.325115 87.474688 85.659613 83.882183 99.552944 97.176102 94.807722 92.448455 90.099016 92.369557 91.107461 89.845588 88.583947 91.946269 90.678282 89.410352 88.142482 162.800771 161.002346 159.224128 157.466802 155.731075 154.017677 152.327362 157.543064 155.683915 153.844236 152.024734 150.226142 148.449220 146.694755 121.565407 120.421061 119.279258 118.140073 119.460557 118.295852 117.133335 115.973072 
98.028763 95.380011 102.620682 100.093520 0.000000 2.540000 5.080000 7.620000 10.160000 12.700000 15.240000 7.620000 8.032185 9.158100 10.776307 12.700000 14.810618 17.038838 46.074411 44.738833 43.510667 42.399249 41.413979 60.836308 60.461963 60.112122 59.787218 65.693599 65.347085 65.023533 64.723288 62.818938 61.124460 59.490196 57.921243 56.423050 55.001400 53.662376 57.453126 55.595344 53.793364 52.052983 50.380584 48.783160 47.268311 39.609615 38.446891 37.291166 36.143112 41.883282 40.785428 39.697844 38.621397 
99.774615 97.173463 100.822318 98.248909 2.540000 0.000000 2.540000 5.080000 7.620000 10.160000 12.700000 8.032185 7.620000 8.032185 9.158100 10.776307 12.700000 14.810618 43.967900 42.566278 41.273514 40.100139 39.056914 61.656700 61.234709 60.836308 60.461963 66.454054 66.062714 65.693599 65.347085 64.568890 62.818938 61.124460 59.490196 57.921243 56.423050 55.001400 59.361471 57.453126 55.595344 53.793364 52.052983 50.380584 48.783160 41.953728 40.778739 39.609615 38.446891 44.106723 42.990618 41.883282 40.785428 
101.553987 98.999599 99.056440 96.435920 5.080000 2.540000 0.000000 2.540000 5.080000 7.620000 10.160000 9.158100 8.032185 7.620000 8.032185 9.158100 10.776307 12.700000 41.909478 40.436569 39.073406 37.831855 36.724251 62.569515 62.101800 61.656700 61.234709 67.301833 66.867227 66.454054 66.062714 66.369928 64.568890 62.818938 61.124460 59.490196 57.921243 56.423050 61.315659 59.361471 57.453126 55.595344 53.793364 52.052983 50.380584 44.319433 43.134103 41.953728 40.778739 46.362700 45.230947 44.106723 42.990618 
103.365149 100.856642 97.324818 94.656370 7.620000 5.080000 2.540000 0.000000 2.540000 5.080000 7.620000 10.776307 9.158100 8.032185 7.620000 8.032185 9.158100 10.776307 39.906586 38.356843 36.916966 35.600288 34.420952 63.570771 63.059342 62.569515 62.101800 68.233683 67.757459 67.301833 66.867227 68.218006 66.369928 64.568890 62.818938 61.124460 59.490196 57.921243 63.311445 61.315659 59.361471 57.453126 55.595344 53.793364 52.052983 46.703450 45.509332 44.319433 43.134103 48.646685 47.501443 46.362700 45.230947 
105.206459 102.742918 95.629311 92.912181 10.160000 7.620000 5.080000 2.540000 0.000000 2.540000 5.080000 12.700000 10.776307 9.158100 8.032185 7.620000 8.032185 9.158100 37.968014 36.335683 34.812309 33.412797 32.153326 64.656360 64.103284 63.570771 63.059342 69.246209 68.730077 68.233683 67.757459 70.109404 68.218006 66.369928 64.568890 62.818938 61.124460 59.490196 65.345017 63.311445 61.315659 59.361471 57.453126 55.595344 53.793364 49.103111 47.901472 46.703450 45.509332 50.954914 49.797979 48.646685 47.501443 
107.076362 104.656846 93.971875 91.205381 12.700000 10.160000 7.620000 5.080000 2.540000 0.000000 2.540000 14.810618 12.700000 10.776307 9.158100 8.032185 7.620000 8.032185 36.104124 34.383420 32.769415 31.278630 29.929485 65.822108 65.229476 64.656360 64.103284 70.335926 69.781638 69.246209 68.730077 72.040710 70.109404 68.218006 66.369928 64.568890 62.818938 61.124460 67.412956 65.345017 63.311445 61.315659 59.361471 57.453126 55.595344 51.516231 50.308110 49.103111 47.901472 53.284236 52.117115 50.954914 49.797979 
108.973385 106.596936 92.354560 89.538109 15.240000 12.700000 10.160000 7.620000 5.080000 2.540000 0.000000 17.038838 14.810618 12.700000 10.776307 9.158100 8.032185 7.620000 34.327084 32.512466 30.800575 29.209478 27.759953 67.063837 66.433735 65.822108 65.229476 71.499306 70.908630 70.335926 69.781638 74.008801 72.040710 70.109404 68.218006 66.369928 64.568890 62.818938 69.512195 67.412956 65.345017 63.311445 61.315659 59.361471 57.453126 53.941003 52.727261 51.516231 50.308110 55.632001 54.455962 53.284236 52.117115 
103.741920 90.091588 108.091406 95.067662 7.620000 8.032185 9.158100 10.776307 12.700000 14.810618 17.038838 0.000000 2.540000 5.080000 7.620000 10.160000 12.700000 15.240000 50.637291 49.032004 47.508344 46.074411 44.738833 53.627806 53.202764 52.804852 52.434689 58.421870 58.031952 57.667372 57.328614 68.612718 67.064787 65.578727 64.158838 62.809607 61.535681 60.341832 62.818938 61.124460 59.490196 57.921243 56.423050 55.001400 53.662376 37.252704 36.013967 34.777485 33.543508 38.673408 37.481653 36.295206 35.114604 
105.393175 91.988204 106.385561 93.123551 8.032185 7.620000 8.032185 9.158100 10.776307 12.700000 14.810618 2.540000 0.000000 2.540000 5.080000 7.620000 10.160000 12.700000 48.728433 47.058074 45.468315 43.967900 42.566278 54.556703 54.079338 53.627806 53.202764 59.275688 58.836623 58.421870 58.031952 70.218428 68.612718 67.064787 65.578727 64.158838 62.809607 61.535681 64.568890 62.818938 61.124460 59.490196 57.921243 56.423050 55.001400 39.736100 38.493479 37.252704 36.013967 41.070990 39.869994 38.673408 37.481653 
107.079223 93.915218 104.713543 91.208740 9.158100 8.032185 7.620000 8.032185 9.158100 10.776307 12.700000 5.080000 2.540000 0.000000 2.540000 5.080000 7.620000 10.160000 46.879508 45.140784 43.480982 41.909478 40.436569 55.586234 55.059229 54.556703 54.079338 60.224602 59.738531 59.275688 58.836623 71.878046 70.218428 68.612718 67.064787 65.578727 64.158838 62.809607 66.369928 64.568890 62.818938 61.124460 59.490196 57.921243 56.423050 42.226230 40.980400 39.736100 38.493479 43.484745 42.276018 41.070990 39.869994 
108.798446 95.870799 103.077000 89.325115 10.776307 9.158100 8.032185 7.620000 8.032185 9.158100 10.776307 7.620000 5.080000 2.540000 0.000000 2.540000 5.080000 7.620000 45.097888 43.287662 41.553905 39.906586 38.356843 56.710917 56.137027 55.586234 55.059229 61.264194 60.733345 60.224602 59.738531 73.587923 71.878046 70.218428 68.612718 67.064787 65.578727 64.158838 68.218006 66.369928 64.568890 62.818938 61.124460 59.490196 57.921243 44.721970 43.473460 42.226230 40.980400 45.912125 44.696871 43.484745 42.276018 
110.549296 97.853232 101.477647 87.474688 12.700000 10.776307 9.158100 8.032185 7.620000 8.032185 9.158100 10.160000 7.620000 5.080000 2.540000 0.000000 2.540000 5.080000 43.391866 41.507303 39.695863 37.968014 36.335683 57.925210 57.307208 56.710917 56.137027 62.389930 61.816579 61.264194 60.733345 75.344639 73.587923 71.878046 70.218428 68.612718 67.064787 65.578727 70.109404 68.218006 66.369928 64.568890 62.818938 61.124460 59.490196 47.222430 45.971659 44.721970 43.473460 48.351075 47.130266 45.912125 44.696871 
112.330294 99.860919 99.917271 85.659613 14.810618 12.700000 10.776307 9.158100 8.032185 7.620000 8.032185 12.700000 10.160000 7.620000 5.080000 2.540000 0.000000 2.540000 41.770704 39.809469 37.917005 36.104124 34.383420 59.223603 58.564235 57.925210 57.307208 63.597236 62.983673 62.389930 61.816579 77.144994 75.344639 73.587923 71.878046 70.218428 68.612718 67.064787 72.040710 70.109404 68.218006 66.369928 64.568890 62.818938 61.124460 49.726898 48.474202 47.222430 45.971659 50.799931 49.574357 48.351075 47.130266 
114.140030 101.892368 98.397726 83.882183 17.038838 14.810618 12.700000 10.776307 9.158100 8.032185 7.620000 15.240000 12.700000 10.160000 7.620000 5.080000 2.540000 0.000000 40.244659 38.205167 36.228996 34.327084 32.512466 60.600688 59.902641 59.223603 58.564235 64.881560 64.230053 63.597236 62.983673 78.986003 77.144994 75.344639 73.587923 71.878046 70.218428 68.612718 74.008801 72.040710 70.109404 68.218006 66.369928 64.568890 62.818938 52.234798 50.980451 49.726898 48.474202 53.257325 52.027636 50.799931 49.574357 
115.200130 140.710896 58.157565 99.552944 46.074411 43.967900 41.909478 39.906586 37.968014 36.104124 34.327084 50.637291 48.728433 46.879508 45.097888 43.391866 41.770704 40.244659 0.000000 2.540000 5.080000 7.620000 10.160000 100.835320 100.121381 99.418539 98.727032 105.061097 104.376066 103.702065 103.039308 83.893618 81.437049 78.985759 76.540253 74.101106 71.668965 69.244570 82.316470 79.811373 77.308552 74.808239 72.310691 69.816207 67.325126 85.377084 84.264019 83.155452 82.051565 87.920497 86.840039 85.764775 84.694904 
116.252640 139.039428 60.215518 97.176102 44.738833 42.566278 40.436569 38.356843 36.335683 34.383420 32.512466 49.032004 47.058074 45.140784 43.287662 41.507303 39.809469 38.205167 2.540000 0.000000 2.540000 5.080000 7.620000 98.752623 98.023516 97.305522 96.598890 102.938556 102.239305 101.551123 100.874235 84.565506 82.129037 79.699032 77.276103 74.860935 72.454305 70.057092 82.767611 80.276592 77.788742 75.304373 72.823843 70.347557 67.875980 84.191553 83.062603 81.937783 80.817266 86.620890 85.524014 84.431992 83.345014 
117.350695 137.394585 62.309052 94.807722 43.510667 41.273514 39.073406 36.916966 34.812309 32.769415 30.800575 47.508344 45.468315 43.480982 41.553905 39.695863 37.917005 36.228996 5.080000 2.540000 0.000000 2.540000 5.080000 96.691791 95.947025 95.213374 94.491097 100.835320 100.121381 99.418539 98.727032 85.307759 82.893109 80.486177 78.087675 75.698404 73.319268 70.951286 83.293797 80.818999 78.348373 75.882329 73.421328 70.965894 68.516626 83.066791 81.922343 80.781648 79.644866 85.377084 84.264019 83.155452 82.051565 
118.493030 135.777334 64.434700 92.448455 42.399249 40.100139 37.831855 35.600288 33.412797 31.278630 29.209478 46.074411 43.967900 41.909478 39.906586 37.968014 36.104124 34.327084 7.620000 5.080000 2.540000 0.000000 2.540000 94.654252 93.893326 93.143500 92.405046 98.752623 98.023516 97.305522 96.598890 86.118556 83.727293 81.345047 78.972635 76.610969 74.261075 71.924106 83.893618 81.437049 78.985759 76.540253 74.101106 71.668965 69.244570 82.005301 80.845828 79.689724 78.537139 84.191553 83.062603 81.937783 80.817266 
119.678378 134.188674 66.589387 90.099016 41.413979 39.056914 36.724251 34.420952 32.153326 29.929485 27.759953 44.738833 42.566278 40.436569 38.356843 36.335683 34.383420 32.512466 10.160000 7.620000 5.080000 2.540000 0.000000 92.641545 91.863948 91.097420 90.342242 96.691791 95.947025 95.213374 94.491097 86.995983 84.629516 82.273398 79.928545 77.595978 75.276839 72.972408 84.565506 82.129037 79.699032 77.276103 74.860935 72.454305 70.057092 81.009568 79.835634 78.664686 77.496857 83.066791 81.922343 80.781648 79.644866 
138.441701 49.268880 158.967975 92.369557 60.836308 61.656700 62.569515 63.570771 64.656360 65.822108 67.063837 53.627806 54.556703 55.586234 56.710917 57.925210 59.223603 60.600688 100.835320 98.752623 96.691791 94.654252 92.641545 0.000000 1.270000 2.540000 3.810000 5.080000 5.236344 5.679613 6.350000 106.860842 106.316795 105.830928 105.404047 105.036870 104.730025 104.484044 99.452013 98.867205 98.344541 97.885017 97.489525 97.158847 96.893647 45.871801 45.392558 44.944102 44.527364 41.239831 40.706091 40.205396 39.738995 
138.888945 50.511949 158.237958 91.107461 60.461963 61.234709 62.101800 63.059342 64.103284 65.229476 66.433735 53.202764 54.079338 55.059229 56.137027 57.307208 58.564235 59.902641 100.121381 98.023516 95.947025 93.893326 91.863948 1.270000 0.000000 1.270000 2.540000 5.236344 5.080000 5.236344 5.679613 107.154410 106.581599 106.066537 105.610067 105.212954 104.875870 104.599397 99.767384 99.151907 98.598041 98.106828 97.679215 97.316040 97.018026 46.380876 45.871801 45.392558 44.944102 41.805350 41.239831 40.706091 40.205396 
139.346328 51.756325 157.514798 89.845588 60.112122 60.836308 61.656700 62.569515 63.570771 64.656360 65.822108 52.804852 53.627806 54.556703 55.586234 56.710917 57.925210 59.223603 99.418539 97.305522 95.213374 93.143500 91.097420 2.540000 1.270000 0.000000 1.270000 5.679613 5.236344 5.080000 5.236344 107.462186 106.860842 106.316795 105.830928 105.404047 105.036870 104.730025 100.097876 99.452013 98.867205 98.344541 97.885017 97.489525 97.158847 46.918814 46.380876 45.871801 45.392558 42.401376 41.805350 41.239831 40.706091 
139.813752 53.001917 156.798590 88.583947 59.787218 60.461963 61.234709 62.101800 63.059342 64.103284 65.229476 52.434689 53.202764 54.079338 55.059229 56.137027 57.307208 58.564235 98.727032 96.598890 94.491097 92.405046 90.342242 3.810000 2.540000 1.270000 0.000000 6.350000 5.679613 5.236344 5.080000 107.784048 107.154410 106.581599 106.066537 105.610067 105.212954 104.875870 100.443340 99.767384 99.151907 98.598041 98.106828 97.679215 97.316040 47.484632 46.918814 46.380876 45.871801 43.026641 42.401376 41.805350 41.239831 
143.214825 48.470650 163.141652 91.946269 65.693599 66.454054 67.301833 68.233683 69.246209 70.335926 71.499306 58.421870 59.275688 60.224602 61.264194 62.389930 63.597236 64.881560 105.061097 102.938556 100.835320 98.752623 96.691791 5.080000 5.236344 5.679613 6.350000 0.000000 1.270000 2.540000 3.810000 111.815830 111.296007 110.831971 110.424424 110.073995 109.781230 109.546592 104.387854 103.830850 103.333296 102.896053 102.519894 102.205493 101.953421 50.589854 50.155713 49.750211 49.374055 45.871801 45.392558 44.944102 44.527364 
143.647208 49.733675 162.430394 90.678282 65.347085 66.062714 66.867227 67.757459 68.730077 69.781638 70.908630 58.031952 58.836623 59.738531 60.733345 61.816579 62.983673 64.230053 104.376066 102.239305 100.121381 98.023516 95.947025 5.236344 5.080000 5.236344 5.679613 1.270000 0.000000 1.270000 2.540000 112.096422 111.548992 111.056970 110.621095 110.242034 109.920373 109.656620 104.688357 104.101978 103.574586 103.107085 102.700293 102.354935 102.071634 51.051904 50.589854 50.155713 49.750211 46.380876 45.871801 45.392558 44.944102 
144.089488 50.997045 161.725982 89.410352 65.023533 65.693599 66.454054 67.301833 68.233683 69.246209 70.335926 57.667372 58.421870 59.275688 60.224602 61.264194 62.389930 63.597236 103.702065 101.551123 99.418539 97.305522 95.213374 5.679613 5.236344 5.080000 5.236344 2.540000 1.270000 0.000000 1.270000 112.390666 111.815830 111.296007 110.831971 110.424424 110.073995 109.781230 105.003362 104.387854 103.830850 103.333296 102.896053 102.519894 102.205493 51.541113 51.051904 50.589854 50.155713 46.918814 46.380876 45.871801 45.392558 
144.541574 52.260737 161.028504 88.142482 64.723288 65.347085 66.062714 66.867227 67.757459 68.730077 69.781638 57.328614 58.031952 58.836623 59.738531 60.733345 61.816579 62.983673 103.039308 100.874235 98.727032 96.598890 94.491097 6.350000 5.679613 5.236344 5.080000 3.810000 2.540000 1.270000 0.000000 112.698453 112.096422 111.548992 111.056970 110.621095 110.242034 109.920373 105.332738 104.688357 104.101978 103.574586 103.107085 102.700293 102.354935 52.056714 51.541113 51.051904 50.589854 47.484632 46.918814 46.380876 45.871801 
35.210591 116.838574 118.712359 162.800771 62.818938 64.568890 66.369928 68.218006 70.109404 72.040710 74.008801 68.612718 70.218428 71.878046 73.587923 75.344639 77.144994 78.986003 83.893618 84.565506 85.307759 86.118556 86.995983 106.860842 107.154410 107.462186 107.784048 111.815830 112.096422 112.390666 112.698453 0.000000 2.540000 5.080000 7.620000 10.160000 12.700000 15.240000 7.620000 8.032185 9.158100 10.776307 12.700000 14.810618 17.038838 62.167812 62.308219 62.474133 62.665351 67.224046 67.353914 67.507428 67.684428 
36.995271 117.388742 116.233767 161.002346 61.124460 62.818938 64.568890 66.369928 68.218006 70.109404 72.040710 67.064787 68.612718 70.218428 71.878046 73.587923 75.344639 77.144994 81.437049 82.129037 82.893109 83.727293 84.629516 106.316795 106.581599 106.860842 107.154410 111.296007 111.548992 111.815830 112.096422 2.540000 0.000000 2.540000 5.080000 7.620000 10.160000 12.700000 8.032185 7.620000 8.032185 9.158100 10.776307 12.700000 14.810618 61.964179 62.053084 62.167812 62.308219 67.035774 67.117962 67.224046 67.353914 
38.864092 117.991035 113.757884 159.224128 59.490196 61.124460 62.818938 64.568890 66.369928 68.218006 70.109404 65.578727 67.064787 68.612718 70.218428 71.878046 73.587923 75.344639 78.985759 79.699032 80.486177 81.345047 82.273398 105.830928 106.066537 106.316795 106.581599 110.831971 111.056970 111.296007 111.548992 5.080000 2.540000 0.000000 2.540000 5.080000 7.620000 10.160000 9.158100 8.032185 7.620000 8.032185 9.158100 10.776307 12.700000 61.864250 61.901208 61.964179 62.053084 66.943416 66.977572 67.035774 67.117962 
40.805496 118.644660 111.284891 157.466802 57.921243 59.490196 61.124460 62.818938 64.568890 66.369928 68.218006 64.158838 65.578727 67.064787 68.612718 70.218428 71.878046 73.587923 76.540253 77.276103 78.087675 78.972635 79.928545 105.404047 105.610067 105.830928 106.066537 110.424424 110.621095 110.831971 111.056970 7.620000 5.080000 2.540000 0.000000 2.540000 5.080000 7.620000 10.776307 9.158100 8.032185 7.620000 8.032185 9.158100 10.776307 61.868526 61.853351 61.864250 61.901208 66.947368 66.933345 66.943416 66.977572 
42.809607 119.348771 108.814985 155.731075 56.423050 57.921243 59.490196 61.124460 62.818938 64.568890 66.369928 62.809607 64.158838 65.578727 67.064787 68.612718 70.218428 71.878046 74.101106 74.860935 75.698404 76.610969 77.595978 105.036870 105.212954 105.404047 105.610067 110.073995 110.242034 110.424424 110.621095 10.160000 7.620000 5.080000 2.540000 0.000000 2.540000 5.080000 12.700000 10.776307 9.158100 8.032185 7.620000 8.032185 9.158100 61.976986 61.909755 61.868526 61.853351 67.047613 66.985471 66.947368 66.933345 
44.868025 120.102483 106.348381 154.017677 55.001400 56.423050 57.921243 59.490196 61.124460 62.818938 64.568890 61.535681 62.809607 64.158838 65.578727 67.064787 68.612718 70.218428 71.668965 72.454305 73.319268 74.261075 75.276839 104.730025 104.875870 105.036870 105.212954 109.781230 109.920373 110.073995 110.242034 12.700000 10.160000 7.620000 5.080000 2.540000 0.000000 2.540000 14.810618 12.700000 10.776307 9.158100 8.032185 7.620000 8.032185 62.189085 62.070135 61.976986 61.909755 67.243720 67.133726 67.047613 66.985471 
46.973610 120.904867 103.885314 152.327362 53.662376 55.001400 56.423050 57.921243 59.490196 61.124460 62.818938 60.341832 61.535681 62.809607 64.158838 65.578727 67.064787 68.612718 69.244570 70.057092 70.951286 71.924106 72.972408 104.484044 104.599397 104.730025 104.875870 109.546592 109.656620 109.781230 109.920373 15.240000 12.700000 10.160000 7.620000 5.080000 2.540000 0.000000 17.038838 14.810618 12.700000 10.776307 9.158100 8.032185 7.620000 62.503768 62.333689 62.189085 62.070135 67.534854 67.377476 67.243720 67.133726 
41.098804 109.393686 120.590008 157.543064 57.453126 59.361471 61.315659 63.311445 65.345017 67.412956 69.512195 62.818938 64.568890 66.369928 68.218006 70.109404 72.040710 74.008801 82.316470 82.767611 83.293797 83.893618 84.565506 99.452013 99.767384 100.097876 100.443340 104.387854 104.688357 105.003362 105.332738 7.620000 8.032185 9.158100 10.776307 12.700000 14.810618 17.038838 0.000000 2.540000 5.080000 7.620000 10.160000 12.700000 15.240000 54.591734 54.751574 54.940313 55.157655 59.641209 59.787550 59.960440 60.159648 
42.637731 109.981102 118.150813 155.683915 55.595344 57.453126 59.361471 61.315659 63.311445 65.345017 67.412956 61.124460 62.818938 64.568890 66.369928 68.218006 70.109404 72.040710 79.811373 80.276592 80.818999 81.437049 82.129037 98.867205 99.151907 99.452013 99.767384 103.830850 104.101978 104.387854 104.688357 8.032185 7.620000 8.032185 9.158100 10.776307 12.700000 14.810618 2.540000 0.000000 2.540000 5.080000 7.620000 10.160000 12.700000 54.359729 54.461050 54.591734 54.751574 59.428920 59.521612 59.641209 59.787550 
44.268992 110.623734 115.715954 153.844236 53.793364 55.595344 57.453126 59.361471 61.315659 63.311445 65.345017 59.490196 61.124460 62.818938 64.568890 66.369928 68.218006 70.109404 77.308552 77.788742 78.348373 78.985759 79.699032 98.344541 98.598041 98.867205 99.151907 103.333296 103.574586 103.830850 104.101978 9.158100 8.032185 7.620000 8.032185 9.158100 10.776307 12.700000 5.080000 2.540000 0.000000 2.540000 5.080000 7.620000 10.160000 54.245793 54.287938 54.359729 54.461050 59.324720 59.363259 59.428920 59.521612 
45.982763 111.320624 113.285714 152.024734 52.052983 53.793364 55.595344 57.453126 59.361471 61.315659 63.311445 57.921243 59.490196 61.124460 62.818938 64.568890 66.369928 68.218006 74.808239 75.304373 75.882329 76.540253 77.276103 97.885017 98.106828 98.344541 98.598041 102.896053 103.107085 103.333296 103.574586 10.776307 9.158100 8.032185 7.620000 8.032185 9.158100 10.776307 7.620000 5.080000 2.540000 0.000000 2.540000 5.080000 7.620000 54.250670 54.233363 54.245793 54.287938 59.329179 59.313355 59.324720 59.363259 
47.770163 112.070760 110.860394 150.226142 50.380584 52.052983 53.793364 55.595344 57.453126 59.361471 61.315659 56.423050 57.921243 59.490196 61.124460 62.818938 64.568890 66.369928 72.310691 72.823843 73.421328 74.101106 74.860935 97.489525 97.679215 97.885017 98.106828 102.519894 102.700293 102.896053 103.107085 12.700000 10.776307 9.158100 8.032185 7.620000 8.032185 9.158100 10.160000 7.620000 5.080000 2.540000 0.000000 2.540000 5.080000 54.374327 54.297683 54.250670 54.233363 59.442273 59.372172 59.329179 59.313355 
49.623237 112.873081 108.440325 148.449220 48.783160 50.380584 52.052983 53.793364 55.595344 57.453126 59.361471 55.001400 56.423050 57.921243 59.490196 61.124460 62.818938 64.568890 69.816207 70.347557 70.965894 71.668965 72.454305 97.158847 97.316040 97.489525 97.679215 102.205493 102.354935 102.519894 102.700293 14.810618 12.700000 10.776307 9.158100 8.032185 7.620000 8.032185 12.700000 10.160000 7.620000 5.080000 2.540000 0.000000 2.540000 54.615959 54.480476 54.374327 54.297683 59.663383 59.539388 59.442273 59.372172 
51.534901 113.726482 106.025867 146.694755 47.268311 48.783160 50.380584 52.052983 53.793364 55.595344 57.453126 53.662376 55.001400 56.423050 57.921243 59.490196 61.124460 62.818938 67.325126 67.875980 68.516626 69.244570 70.057092 96.893647 97.018026 97.158847 97.316040 101.953421 102.071634 102.205493 102.354935 17.038838 14.810618 12.700000 10.776307 9.158100 8.032185 7.620000 15.240000 12.700000 10.160000 7.620000 5.080000 2.540000 0.000000 54.974009 54.780557 54.615959 54.480476 59.991316 59.814093 59.663383 59.539388 
92.636892 60.614740 140.305364 121.565407 39.609615 41.953728 44.319433 46.703450 49.103111 51.516231 53.941003 37.252704 39.736100 42.226230 44.721970 47.222430 49.726898 52.234798 85.377084 84.191553 83.066791 82.005301 81.009568 45.871801 46.380876 46.918814 47.484632 50.589854 51.051904 51.541113 52.056714 62.167812 61.964179 61.864250 61.868526 61.976986 62.189085 62.503768 54.591734 54.359729 54.245793 54.250670 54.374327 54.615959 54.974009 0.000000 1.270000 2.540000 3.810000 5.080000 5.236344 5.679613 6.350000 
93.060612 61.260350 139.315035 120.421061 38.446891 40.778739 43.134103 45.509332 47.901472 50.308110 52.727261 36.013967 38.493479 40.980400 43.473460 45.971659 48.474202 50.980451 84.264019 83.062603 81.922343 80.845828 79.835634 45.392558 45.871801 46.380876 46.918814 50.155713 50.589854 51.051904 51.541113 62.308219 62.053084 61.901208 61.853351 61.909755 62.070135 62.333689 54.751574 54.461050 54.287938 54.233363 54.297683 54.480476 54.780557 1.270000 0.000000 1.270000 2.540000 5.236344 5.080000 5.236344 5.679613 
93.499663 61.925278 138.329275 119.279258 37.291166 39.609615 41.953728 44.319433 46.703450 49.103111 51.516231 34.777485 37.252704 39.736100 42.226230 44.721970 47.222430 49.726898 83.155452 81.937783 80.781648 79.689724 78.664686 44.944102 45.392558 45.871801 46.380876 49.750211 50.155713 50.589854 51.051904 62.474133 62.167812 61.964179 61.864250 61.868526 61.976986 62.189085 54.940313 54.591734 54.359729 54.245793 54.250670 54.374327 54.615959 2.540000 1.270000 0.000000 1.270000 5.679613 5.236344 5.080000 5.236344 
93.953831 62.608908 137.348185 118.140073 36.143112 38.446891 40.778739 43.134103 45.509332 47.901472 50.308110 33.543508 36.013967 38.493479 40.980400 43.473460 45.971659 48.474202 82.051565 80.817266 79.644866 78.537139 77.496857 44.527364 44.944102 45.392558 45.871801 49.374055 49.750211 50.155713 50.589854 62.665351 62.308219 62.053084 61.901208 61.853351 61.909755 62.070135 55.157655 54.751574 54.461050 54.287938 54.233363 54.297683 54.480476 3.810000 2.540000 1.270000 0.000000 6.350000 5.679613 5.236344 5.080000 
97.450861 56.274536 143.529341 119.460557 41.883282 44.106723 46.362700 48.646685 50.954914 53.284236 55.632001 38.673408 41.070990 43.484745 45.912125 48.351075 50.799931 53.257325 87.920497 86.620890 85.377084 84.191553 83.066791 41.239831 41.805350 42.401376 43.026641 45.871801 46.380876 46.918814 47.484632 67.224046 67.035774 66.943416 66.947368 67.047613 67.243720 67.534854 59.641209 59.428920 59.324720 59.329179 59.442273 59.663383 59.991316 5.080000 5.236344 5.679613 6.350000 0.000000 1.270000 2.540000 3.810000 
97.853738 56.969352 142.561410 118.295852 40.785428 42.990618 45.230947 47.501443 49.797979 52.117115 54.455962 37.481653 39.869994 42.276018 44.696871 47.130266 49.574357 52.027636 86.840039 85.524014 84.264019 83.062603 81.922343 40.706091 41.239831 41.805350 42.401376 45.392558 45.871801 46.380876 46.918814 67.353914 67.117962 66.977572 66.933345 66.985471 67.133726 67.377476 59.787550 59.521612 59.363259 59.313355 59.372172 59.539388 59.814093 5.236344 5.080000 5.236344 5.679613 1.270000 0.000000 1.270000 2.540000 
98.271378 57.683764 141.598252 117.133335 39.697844 41.883282 44.106723 46.362700 48.646685 50.954914 53.284236 36.295206 38.673408 41.070990 43.484745 45.912125 48.351075 50.799931 85.764775 84.431992 83.155452 81.937783 80.781648 40.205396 40.706091 41.239831 41.805350 44.944102 45.392558 45.871801 46.380876 67.507428 67.224046 67.035774 66.943416 66.947368 67.047613 67.243720 59.960440 59.641209 59.428920 59.324720 59.329179 59.442273 59.663383 5.679613 5.236344 5.080000 5.236344 2.540000 1.270000 0.000000 1.270000 
98.703592 58.417052 140.639967 115.973072 38.621397 40.785428 42.990618 45.230947 47.501443 49.797979 52.117115 35.114604 37.481653 39.869994 42.276018 44.696871 47.130266 49.574357 84.694904 83.345014 82.051565 80.817266 79.644866 39.738995 40.205396 40.706091 41.239831 44.527364 44.944102 45.392558 45.871801 67.684428 67.353914 67.117962 66.977572 66.933345 66.985471 67.133726 60.159648 59.787550 59.521612 59.363259 59.313355 59.372172 59.539388 6.350000 5.679613 5.236344 5.080000 3.810000 2.540000 1.270000 0.000000 
