77
# Circuit board instance
Width: 200
Height: 200
Components: 8
Total holes: 77
Size category: large
0.000000 190.000000 190.000000 268.700577 136.488972 137.685802 138.918768 140.186915 141.489298 142.824980 144.193036 143.282841 144.423382 145.599303 146.809755 148.053890 149.330867 150.639851 125.192391 125.846713 126.548642 127.297391 128.092138 169.300533 169.463658 169.636134 169.817934 174.341997 174.500409 174.667912 174.844480 137.744766 138.860162 139.978193 141.098796 140.254512 141.350106 142.448595 143.549915 185.358563 185.475981 185.602015 185.736648 190.418915 190.533214 190.655905 190.786971 175.552314 176.203387 176.861184 177.525629 179.940681 180.575933 181.217859 181.866387 178.526550 179.416953 180.338738 181.291426 182.274532 183.287566 184.330036 185.699160 186.555332 187.442016 188.358780 189.305187 190.280794 191.285156 143.763181 145.014347 146.265838 147.517646 144.725121 145.968042 147.211426 148.455260 
190.000000 0.000000 268.700577 190.000000 93.719976 95.454568 97.224577 99.028105 100.863352 102.728620 104.622301 88.252858 90.092772 91.966034 93.870648 95.804743 97.766571 99.754494 199.921325 197.908051 195.907020 193.918610 191.943214 30.513664 31.406125 32.323853 33.264757 27.076653 28.078571 29.101425 30.143084 173.041768 173.930956 174.824848 175.723371 169.442501 170.350478 171.263058 172.180170 17.361708 18.573409 19.792421 21.017473 16.510452 17.780260 19.050094 20.319948 97.652922 98.818582 99.986783 101.157439 95.737803 96.926497 98.117229 99.309925 65.419626 67.811811 70.214379 72.626301 75.046675 77.474708 79.909702 63.218481 65.690871 68.168233 70.650042 73.135848 75.625255 78.117920 217.609282 218.437882 219.270707 220.107708 213.777707 214.621100 215.468678 216.320391 
190.000000 268.700577 0.000000 190.000000 175.116769 173.288267 171.477892 169.686224 167.913861 166.161423 164.429544 180.462229 178.688435 176.933322 175.197453 173.481405 171.785772 170.111164 75.417934 76.499184 77.648495 78.862892 80.139414 238.194414 237.295680 236.400353 235.508470 241.803723 240.918454 240.036639 239.158317 95.696228 94.782341 93.876739 92.979664 99.274749 98.394105 97.522048 96.658810 253.347285 252.479285 251.614701 250.753569 257.072778 256.217399 255.365472 254.517030 181.375953 180.675553 179.981388 179.293532 185.626696 184.942394 184.264305 183.592496 211.219093 209.683141 208.166849 206.670650 205.194983 203.740296 202.307040 217.315334 215.822771 214.349914 212.897173 211.464962 210.053700 208.663814 54.360731 53.233428 52.112689 50.998948 56.855937 55.779085 54.710518 53.650733 
268.700577 190.000000 190.000000 0.000000 144.291640 142.066949 139.853001 137.650314 135.459438 133.280954 131.115481 140.802025 138.521302 136.249752 133.987843 131.736071 129.494964 127.265087 173.156768 170.828354 168.506054 166.190124 163.880832 170.308521 169.049263 167.790167 166.531236 169.726409 168.462799 167.199287 165.935874 141.871777 141.256947 140.650898 140.053742 137.458753 136.824094 136.198321 135.581556 173.575571 172.306185 171.036809 169.767441 173.492493 172.222494 170.952496 169.682498 107.771586 106.588619 105.407678 104.228830 106.039373 104.836862 103.635961 102.436726 130.466485 127.964909 125.464877 122.966483 120.469829 117.975026 115.482193 129.376786 126.853722 124.331349 121.809707 119.288845 116.768812 114.249664 172.165724 171.813111 171.469180 171.133983 167.296578 166.933681 166.579675 166.234619 
136.488972 93.719976 175.116769 144.291640 0.000000 2.540000 5.080000 7.620000 10.160000 12.700000 15.240000 7.620000 8.032185 9.158100 10.776307 12.700000 14.810618 17.038838 106.914245 104.788804 102.682200 100.595617 98.530327 63.217901 62.377235 61.551293 60.740676 67.085906 66.294307 65.517764 64.756818 79.420616 80.344968 81.278652 82.221350 76.005896 76.971266 77.945373 78.927893 79.063507 78.318173 77.586468 76.868782 83.211528 82.503676 81.809415 81.129095 39.906459 40.751685 41.618506 42.505601 43.864718 44.635053 45.427834 46.241909 46.737367 46.705530 46.811695 47.054929 47.433121 47.943080 48.580654 54.352201 54.324827 54.416129 54.625512 54.951627 55.392411 55.945154 123.980501 124.786333 125.599836 126.420863 120.084251 120.916051 121.755417 122.602191 
137.685802 95.454568 173.288267 142.066949 2.540000 0.000000 2.540000 5.080000 7.620000 10.160000 12.700000 8.032185 7.620000 8.032185 9.158100 10.776307 12.700000 14.810618 105.559032 103.405738 101.270368 99.154079 97.058120 64.941108 64.072712 63.217901 62.377235 68.712177 67.892033 67.085906 66.294307 77.601240 78.505926 79.420616 80.344968 74.102729 75.049600 76.005896 76.971266 80.593544 79.822088 79.063507 78.318173 84.666639 83.932629 83.211528 82.503676 38.286473 39.084227 39.906459 40.751685 42.396251 43.118034 43.864718 44.635053 46.906924 46.737367 46.705530 46.811695 47.054929 47.433121 47.943080 54.498072 54.352201 54.324827 54.416129 54.625512 54.951627 55.392411 122.392457 123.182491 123.980501 124.786333 118.443980 119.260173 120.084251 120.916051 
138.918768 97.224577 171.477892 139.853001 5.080000 2.540000 0.000000 2.540000 5.080000 7.620000 10.160000 9.158100 8.032185 7.620000 8.032185 9.158100 10.776307 12.700000 104.248097 102.067151 99.903174 97.757292 95.630723 66.716529 65.822553 64.941108 64.072712 70.392549 69.545842 68.712177 67.892033 75.823307 76.706912 77.601240 78.505926 72.238742 73.165649 74.102729 75.049600 82.173620 81.377507 80.593544 79.822088 86.172061 85.413225 84.666639 83.932629 36.770719 37.514757 38.286473 39.084227 41.032595 41.700660 42.396251 43.118034 47.212719 46.906924 46.737367 46.705530 46.811695 47.054929 47.433121 54.761493 54.498072 54.352201 54.324827 54.416129 54.625512 54.951627 120.836939 121.610554 122.392457 123.182491 116.835904 117.635834 118.443980 119.260173 
140.186915 99.028105 169.686224 137.650314 7.620000 5.080000 2.540000 0.000000 2.540000 5.080000 7.620000 10.776307 9.158100 8.032185 7.620000 8.032185 9.158100 10.776307 102.983132 100.774814 98.582472 96.407198 94.250173 68.540106 67.622539 66.716529 65.822553 72.123241 71.251832 70.392549 69.545842 74.089800 74.950806 75.823307 76.706912 70.417047 71.322404 72.238742 73.165649 83.800903 82.981532 82.173620 81.377507 87.725206 86.942827 86.172061 85.413225 35.372599 36.056073 36.770719 37.514757 39.784530 40.393421 41.032595 41.700660 47.652129 47.212719 46.906924 46.737367 46.705530 46.811695 47.054929 55.140780 54.761493 54.498072 54.352201 54.324827 54.416129 54.625512 119.315218 120.071773 120.836939 121.610554 115.261372 116.044359 116.835904 117.635834 
141.489298 100.863352 167.913861 135.459438 10.160000 7.620000 5.080000 2.540000 0.000000 2.540000 5.080000 12.700000 10.776307 9.158100 8.032185 7.620000 8.032185 9.158100 101.765852 99.530528 97.310158 95.105788 92.918556 70.408098 69.468772 68.540106 67.622539 73.900717 73.006342 72.123241 71.251832 72.403911 73.240696 74.089800 74.950806 68.641011 69.523101 70.417047 71.322404 85.472699 84.631400 83.800903 82.981532 89.323584 88.518892 87.725206 86.942827 34.106582 34.722139 35.372599 36.056073 38.663251 39.207334 39.784530 40.393421 48.221500 47.652129 47.212719 46.906924 46.737367 46.705530 46.811695 55.633563 55.140780 54.761493 54.498072 54.352201 54.324827 54.416129 117.828604 118.567439 119.315218 120.071773 113.721777 114.487118 115.261372 116.044359 
142.824980 102.728620 166.161423 133.280954 12.700000 10.160000 7.620000 5.080000 2.540000 0.000000 2.540000 14.810618 12.700000 10.776307 9.158100 8.032185 7.620000 8.032185 100.597986 98.336119 96.088153 93.855085 91.638006 72.317063 71.357663 70.408098 69.468772 75.721683 74.805961 73.900717 73.006342 70.769043 71.579878 72.403911 73.240696 66.914269 67.771240 68.641011 69.523101 87.186446 86.324483 85.472699 84.631400 90.964810 90.138986 89.323584 88.518892 32.987881 33.527850 34.106582 34.722139 37.680079 38.153699 38.663251 39.207334 48.916296 48.221500 47.652129 47.212719 46.906924 46.737367 46.705530 56.236859 55.633563 55.140780 54.761493 54.498072 54.352201 54.324827 116.378441 117.098881 117.828604 118.567439 112.218556 112.965528 113.721777 114.487118 
144.193036 104.622301 164.429544 131.115481 15.240000 12.700000 10.160000 7.620000 5.080000 2.540000 0.000000 17.038838 14.810618 12.700000 10.776307 9.158100 8.032185 7.620000 99.481275 97.193424 94.918399 92.657144 90.410694 74.263841 73.285912 72.317063 71.357663 77.583077 76.647509 75.721683 74.805961 69.188811 69.971863 70.769043 71.579878 65.240736 66.070595 66.914269 67.771240 88.939719 88.058288 87.186446 86.324483 92.646608 91.800776 90.964810 90.138986 32.031935 32.488608 32.987881 33.527850 36.846071 37.243761 37.680079 38.153699 49.731259 48.916296 48.221500 47.652129 47.212719 46.906924 46.737367 56.947154 56.236859 55.633563 55.140780 54.761493 54.498072 54.352201 114.966111 115.667460 116.378441 117.098881 110.753191 111.481047 112.218556 112.965528 
143.282841 88.252858 180.462229 140.802025 7.620000 8.032185 9.158100 10.776307 12.700000 14.810618 17.038838 0.000000 2.540000 5.080000 7.620000 10.160000 12.700000 15.240000 113.392955 111.217311 109.057423 106.914245 104.788804 57.768966 56.847778 55.940255 55.047073 61.350224 60.483605 59.631440 58.794360 84.855850 85.721613 86.597346 87.482749 81.193337 82.097732 83.011704 83.934940 73.062518 72.255308 71.461552 70.681703 77.031375 76.266184 75.514599 74.777031 34.524156 35.497771 36.489614 37.498240 38.027440 38.913502 39.820357 40.746618 39.124545 39.086508 39.213306 39.503352 39.953092 40.557212 41.308940 46.737367 46.705530 46.811695 47.054929 47.433121 47.943080 48.580654 129.978246 130.747118 131.523757 132.308029 125.960264 126.753510 127.554468 128.362993 
144.423382 90.092772 178.688435 138.521302 8.032185 7.620000 8.032185 9.158100 10.776307 12.700000 14.810618 2.540000 0.000000 2.540000 5.080000 7.620000 10.160000 12.700000 112.116081 109.915166 107.729173 105.559032 103.405738 59.649795 58.703176 57.768966 56.847778 63.124437 62.230694 61.350224 60.483605 83.155478 84.000366 84.855850 85.721613 79.414585 80.298843 81.193337 82.097732 74.715546 73.882740 73.062518 72.255308 78.600979 77.809771 77.031375 76.266184 32.638105 33.570355 34.524156 35.497771 36.323749 37.163659 38.027440 38.913502 39.326939 39.124545 39.086508 39.213306 39.503352 39.953092 40.557212 46.906924 46.737367 46.705530 46.811695 47.054929 47.433121 47.943080 128.464367 129.217283 129.978246 130.747118 124.397496 125.174876 125.960264 126.753510 
145.599303 91.966034 176.933322 136.249752 9.158100 8.032185 7.620000 8.032185 9.158100 10.776307 12.700000 5.080000 2.540000 0.000000 2.540000 5.080000 7.620000 10.160000 110.882696 108.656800 106.444969 104.248097 102.067151 61.577964 60.608242 59.649795 58.703176 64.949536 64.030895 63.124437 62.230694 81.498803 82.321512 83.155478 84.000366 77.678168 78.540907 79.414585 80.298843 76.417257 75.560519 74.715546 73.882740 80.220312 79.404617 78.600979 77.809771 30.846032 31.729306 32.638105 33.570355 34.722421 35.509404 36.323749 37.163659 39.691176 39.326939 39.124545 39.086508 39.213306 39.503352 39.953092 47.212719 46.906924 46.737367 46.705530 46.811695 47.054929 47.433121 126.983250 127.719641 128.464367 129.217283 122.867364 123.628274 124.397496 125.174876 
146.809755 93.870648 175.197453 133.987843 10.776307 9.158100 8.032185 7.620000 8.032185 9.158100 10.776307 7.620000 5.080000 2.540000 0.000000 2.540000 5.080000 7.620000 109.694266 107.443753 105.206422 102.983132 100.774814 63.549167 62.558439 61.577964 60.608242 66.821352 65.879851 64.949536 64.030895 79.888545 80.687697 81.498803 82.321512 75.986988 76.826734 77.678168 78.540907 78.164473 77.285368 76.417257 75.560519 81.886421 81.047698 80.220312 79.404617 29.165264 29.990536 30.846032 31.729306 33.238254 33.964704 34.722421 35.509404 40.212858 39.691176 39.326939 39.124545 39.086508 39.213306 39.503352 47.652129 47.212719 46.906924 46.737367 46.705530 46.811695 47.054929 125.536055 126.255339 126.983250 127.719641 121.371103 122.114922 122.867364 123.628274 
148.053890 95.804743 173.481405 131.736071 12.700000 10.776307 9.158100 8.032185 7.620000 8.032185 9.158100 10.160000 7.620000 5.080000 2.540000 0.000000 2.540000 5.080000 108.552269 106.277575 104.015163 101.765852 99.530528 65.559521 64.549677 63.549167 62.558439 68.736069 67.773574 66.821352 65.879851 78.327565 79.101710 79.888545 80.687697 74.344133 75.159320 75.986988 76.826734 79.954210 79.054205 78.164473 77.285368 83.596512 82.736138 81.886421 81.047698 27.616133 28.372854 29.165264 29.990536 31.887610 32.545164 33.238254 33.964704 40.885959 40.212858 39.691176 39.326939 39.124545 39.086508 39.213306 48.221500 47.652129 47.212719 46.906924 46.737367 46.705530 46.811695 124.123969 124.825549 125.536055 126.255339 119.909980 120.636069 121.371103 122.114922 
149.330867 97.766571 171.785772 129.494964 14.810618 12.700000 10.776307 9.158100 8.032185 7.620000 8.032185 12.700000 10.160000 7.620000 5.080000 2.540000 0.000000 2.540000 107.458184 105.159827 102.872836 100.597986 98.336119 67.605533 66.578273 65.559521 64.549677 70.690201 69.708414 68.736069 67.773574 76.818868 77.566488 78.327565 79.101710 72.752878 73.541844 74.344133 75.159320 81.783676 80.864144 79.954210 79.054205 85.347940 84.467218 83.596512 82.736138 26.221979 26.898115 27.616133 28.372854 30.688126 31.267834 31.887610 32.545164 41.703148 40.885959 40.212858 39.691176 39.326939 39.124545 39.086508 48.916296 48.221500 47.652129 47.212719 46.906924 46.737367 46.705530 122.748204 123.431470 124.123969 124.825549 118.485295 119.193000 119.909980 120.636069 
150.639851 99.754494 170.111164 127.265087 17.038838 14.810618 12.700000 10.776307 9.158100 8.032185 7.620000 15.240000 12.700000 10.160000 7.620000 5.080000 2.540000 0.000000 106.413489 104.092068 101.781087 99.481275 97.193424 69.684062 68.640916 67.605533 66.578273 72.680569 71.681043 70.690201 69.708414 75.365594 76.085101 76.818868 77.566488 71.216680 71.977673 72.752878 73.541844 83.650266 82.712487 81.783676 80.864144 87.138213 86.238371 85.347940 84.467218 25.008734 25.591045 26.221979 26.898115 29.658146 30.150795 30.688126 31.267834 42.656145 41.703148 40.885959 40.212858 39.691176 39.326939 39.124545 49.731259 48.916296 48.221500 47.652129 47.212719 46.906924 46.737367 121.409994 122.074327 122.748204 123.431470 117.098378 117.787031 118.485295 119.193000 
125.192391 199.921325 75.417934 173.156768 106.914245 105.559032 104.248097 102.983132 101.765852 100.597986 99.481275 113.392955 112.116081 110.882696 109.694266 108.552269 107.458184 106.413489 0.000000 2.540000 5.080000 7.620000 10.160000 169.636008 168.889291 168.148850 167.414768 173.761961 173.033050 172.310416 171.594138 35.070120 35.076969 35.129760 35.228286 40.149761 40.155744 40.201867 40.287990 185.893624 185.180826 184.474017 183.773267 190.111514 189.414590 188.723638 188.038725 124.072307 123.753435 123.446806 123.152510 128.989742 128.683056 128.388200 128.105257 149.069627 148.068837 147.105100 146.179150 145.291708 144.443484 143.635173 156.079390 155.123831 154.204192 153.321121 152.475253 151.667209 150.897598 21.286344 22.502745 23.724764 24.951575 20.371529 21.639415 22.907535 24.175853 
125.846713 197.908051 76.499184 170.828354 104.788804 103.405738 102.067151 100.774814 99.530528 98.336119 97.193424 111.217311 109.915166 108.656800 107.443753 106.277575 105.159827 104.092068 2.540000 0.000000 2.540000 5.080000 7.620000 167.592685 166.836823 166.087232 165.343997 171.692590 170.954856 170.223400 169.498303 32.530341 32.537725 32.594629 32.700794 37.609928 37.616316 37.665548 37.757457 183.801033 183.080089 182.365138 181.656253 187.997239 187.292448 186.593638 185.900877 121.618601 121.293279 120.980414 120.680104 126.529419 126.216755 125.916124 125.627613 146.746559 145.729817 144.750508 143.809397 142.907240 142.044778 141.222738 153.736350 152.766136 151.832218 150.935269 150.075954 149.254922 148.472808 22.170202 23.340586 24.520886 25.709736 20.678545 21.928687 23.180988 24.435116 
126.548642 195.907020 77.648495 168.506054 102.682200 101.270368 99.903174 98.582472 97.310158 96.088153 94.918399 109.057423 107.729173 106.444969 105.206422 104.015163 102.872836 101.781087 5.080000 2.540000 0.000000 2.540000 5.080000 165.563112 164.797942 164.039034 163.286477 169.636008 168.889291 168.148850 167.414768 29.990600 29.998609 30.060320 30.175402 35.070120 35.076969 35.129760 35.228286 181.719849 180.990615 180.267378 179.550210 185.893624 185.180826 184.474017 183.773267 119.168511 118.836482 118.517132 118.210564 124.072307 123.753435 123.446806 123.152510 144.430796 143.397635 142.402288 141.445555 140.528223 139.651069 138.814855 151.399663 150.414377 149.465765 148.554529 147.681362 146.846942 146.051933 23.298723 24.415069 25.545772 26.689008 21.286344 22.502745 23.724764 24.951575 
127.297391 193.918610 78.862892 166.190124 100.595617 99.154079 97.757292 96.407198 95.105788 93.855085 92.657144 106.914245 105.559032 104.248097 102.983132 101.765852 100.597986 99.481275 7.620000 5.080000 2.540000 0.000000 2.540000 163.547802 162.773158 162.004765 161.242714 167.592685 166.836823 166.087232 165.343997 27.450907 27.459657 27.527060 27.652687 32.530341 32.537725 32.594629 32.700794 179.650468 178.912799 178.181128 177.455529 183.801033 183.080089 182.365138 181.656253 116.722265 116.383257 116.057157 115.744073 121.618601 121.293279 120.980414 120.680104 142.122694 141.072630 140.060762 139.087923 138.154938 137.262619 136.411764 149.069627 148.068837 147.105100 146.179150 145.291708 144.443484 143.635173 24.638310 25.696525 26.773164 27.866090 22.170202 23.340586 24.520886 25.709736 
128.092138 191.943214 80.139414 163.880832 98.530327 97.058120 95.630723 94.250173 92.918556 91.638006 90.410694 104.788804 103.405738 102.067151 100.774814 99.530528 98.336119 97.193424 10.160000 7.620000 5.080000 2.540000 0.000000 161.547287 160.763004 159.984957 159.213239 165.563112 164.797942 164.039034 163.286477 24.911276 24.920918 24.995168 25.133454 29.990600 29.998609 30.060320 30.175402 177.593302 176.847052 176.106799 175.372618 181.719849 180.990615 180.267378 179.550210 114.280110 113.933835 113.600704 113.280832 119.168511 118.836482 118.517132 118.210564 139.822633 138.755164 137.726270 136.736823 135.787685 134.879706 134.013723 146.746559 145.729817 144.750508 143.809397 142.907240 142.044778 141.222738 26.156554 27.155670 28.176609 29.217084 23.298723 24.415069 25.545772 26.689008 
169.300533 30.513664 238.194414 170.308521 63.217901 64.941108 66.716529 68.540106 70.408098 72.317063 74.263841 57.768966 59.649795 61.577964 63.549167 65.559521 67.605533 69.684062 169.636008 167.592685 165.563112 163.547802 161.547287 0.000000 1.270000 2.540000 3.810000 5.080000 5.236344 5.679613 6.350000 142.529432 143.420762 144.317763 145.220331 138.944923 139.859099 140.778796 141.703907 17.271733 16.976670 16.772825 16.663546 22.208644 21.979954 21.822895 21.739017 70.482379 71.715666 72.950211 74.185954 69.434462 70.686034 71.938252 73.191083 40.349389 42.889290 45.429202 47.969123 50.509052 53.048988 55.588930 40.994383 43.496637 46.003029 48.512917 51.025784 53.541213 56.058857 187.151103 187.971264 188.796405 189.626461 183.293177 184.130523 184.972798 185.819935 
169.463658 31.406125 237.295680 169.049263 62.377235 64.072712 65.822553 67.622539 69.468772 71.357663 73.285912 56.847778 58.703176 60.608242 62.558439 64.549677 66.578273 68.640916 168.889291 166.836823 164.797942 162.773158 160.763004 1.270000 0.000000 1.270000 2.540000 5.236344 5.080000 5.236344 5.679613 141.643880 142.529432 143.420762 144.317763 138.036377 138.944923 139.859099 140.778796 17.653443 17.271733 16.976670 16.772825 22.506780 22.208644 21.979954 21.822895 69.250421 70.482379 71.715666 72.950211 68.183572 69.434462 70.686034 71.938252 39.079443 41.619338 44.159244 46.699161 49.239087 51.779020 54.318959 39.745052 42.244947 44.749359 47.257570 49.769006 52.283202 54.799777 186.335988 187.151103 187.971264 188.796405 182.460829 183.293177 184.130523 184.972798 
169.636134 32.323853 236.400353 167.790167 61.551293 63.217901 64.941108 66.716529 68.540106 70.408098 72.317063 55.940255 57.768966 59.649795 61.577964 63.549167 65.559521 67.605533 168.148850 166.087232 164.039034 162.004765 159.984957 2.540000 1.270000 0.000000 1.270000 5.679613 5.236344 5.080000 5.236344 140.764215 141.643880 142.529432 143.420762 137.133573 138.036377 138.944923 139.859099 18.116322 17.653443 17.271733 16.976670 22.871646 22.506780 22.208644 21.979954 68.019861 69.250421 70.482379 71.715666 66.933402 68.183572 69.434462 70.686034 37.809501 40.349389 42.889290 45.429202 47.969123 50.509052 53.048988 38.497073 40.994383 43.496637 46.003029 48.512917 51.025784 53.541213 185.525986 186.335988 187.151103 187.971264 181.633546 182.460829 183.293177 184.130523 
169.817934 33.264757 235.508470 166.531236 60.740676 62.377235 64.072712 65.822553 67.622539 69.468772 71.357663 55.047073 56.847778 58.703176 60.608242 62.558439 64.549677 66.578273 167.414768 165.343997 163.286477 161.242714 159.213239 3.810000 2.540000 1.270000 0.000000 6.350000 5.679613 5.236344 5.080000 139.890549 140.764215 141.643880 142.529432 136.236626 137.133573 138.036377 138.944923 18.654329 18.116322 17.653443 17.271733 23.300109 22.871646 22.506780 22.208644 66.790778 68.019861 69.250421 70.482379 65.683992 66.933402 68.183572 69.434462 36.539563 39.079443 41.619338 44.159244 46.699161 49.239087 51.779020 37.250583 39.745052 42.244947 44.749359 47.257570 49.769006 52.283202 184.721164 185.525986 186.335988 187.151103 180.811398 181.633546 182.460829 183.293177 
174.341997 27.076653 241.803723 169.726409 67.085906 68.712177 70.392549 72.123241 73.900717 75.721683 77.583077 61.350224 63.124437 64.949536 66.821352 68.736069 70.690201 72.680569 173.761961 171.692590 169.636008 167.592685 165.563112 5.080000 5.236344 5.679613 6.350000 0.000000 1.270000 2.540000 3.810000 146.202596 147.071667 147.946534 148.827096 142.529432 143.420762 144.317763 145.220331 12.450482 12.037817 11.748590 11.592045 17.271733 16.976670 16.772825 16.663546 71.874890 73.084682 74.296483 75.510197 70.482379 71.715666 72.950211 74.185954 40.713777 43.232275 45.753151 48.276032 50.800618 53.326669 55.853985 40.406172 42.942715 45.479643 48.016896 50.554425 53.092191 55.630160 191.066205 191.869632 192.678079 193.491484 187.151103 187.971264 188.796405 189.626461 
174.500409 28.078571 240.918454 168.462799 66.294307 67.892033 69.545842 71.251832 73.006342 74.805961 76.647509 60.483605 62.230694 64.030895 65.879851 67.773574 69.708414 71.681043 173.033050 170.954856 168.889291 166.836823 164.797942 5.236344 5.080000 5.236344 5.679613 1.270000 0.000000 1.270000 2.540000 145.339426 146.202596 147.071667 147.946534 141.643880 142.529432 143.420762 144.317763 12.974812 12.450482 12.037817 11.748590 17.653443 17.271733 16.976670 16.772825 70.667211 71.874890 73.084682 74.296483 69.250421 70.482379 71.715666 72.950211 39.455561 41.972702 44.492441 47.014361 49.538128 52.063474 54.590180 39.138069 41.674391 44.211135 46.748232 49.285629 51.823281 54.361152 190.267864 191.066205 191.869632 192.678079 186.335988 187.151103 187.971264 188.796405 
174.667912 29.101425 240.036639 167.199287 65.517764 67.085906 68.712177 70.392549 72.123241 73.900717 75.721683 59.631440 61.350224 63.124437 64.949536 66.821352 68.736069 70.690201 172.310416 170.223400 168.148850 166.087232 164.039034 5.679613 5.236344 5.080000 5.236344 2.540000 1.270000 0.000000 1.270000 144.482263 145.339426 146.202596 147.071667 140.764215 141.643880 142.529432 143.420762 13.597898 12.974812 12.450482 12.037817 18.116322 17.653443 17.271733 16.976670 69.461756 70.667211 71.874890 73.084682 68.019861 69.250421 70.482379 71.715666 38.198126 40.713777 43.232275 45.753151 48.276032 50.800618 53.326669 37.870093 40.406172 42.942715 45.479643 48.016896 50.554425 53.092191 189.474671 190.267864 191.066205 191.869632 185.525986 186.335988 187.151103 187.971264 
174.844480 30.143084 239.158317 165.935874 64.756818 66.294307 67.892033 69.545842 71.251832 73.006342 74.805961 58.794360 60.483605 62.230694 64.030895 65.879851 67.773574 69.708414 171.594138 169.498303 167.414768 165.343997 163.286477 6.350000 5.679613 5.236344 5.080000 3.810000 2.540000 1.270000 0.000000 143.631215 144.482263 145.339426 146.202596 139.890549 140.764215 141.643880 142.529432 14.306841 13.597898 12.974812 12.450482 18.654329 18.116322 17.653443 17.271733 68.258641 69.461756 70.667211 71.874890 66.790778 68.019861 69.250421 70.482379 36.941550 39.455561 41.972702 44.492441 47.014361 49.538128 52.063474 36.602257 39.138069 41.674391 44.211135 46.748232 49.285629 51.823281 188.686692 189.474671 190.267864 191.066205 184.721164 185.525986 186.335988 187.151103 
137.744766 173.041768 95.696228 141.871777 79.420616 77.601240 75.823307 74.089800 72.403911 70.769043 69.188811 84.855850 83.155478 81.498803 79.888545 78.327565 76.818868 75.365594 35.070120 32.530341 29.990600 27.450907 24.911276 142.529432 141.643880 140.764215 139.890549 146.202596 145.339426 144.482263 143.631215 0.000000 1.270000 2.540000 3.810000 5.080000 5.236344 5.679613 6.350000 157.871018 157.034676 156.204183 155.379631 161.718654 160.902313 160.091885 159.287459 90.462527 90.030975 89.615345 89.215858 95.244954 94.835168 94.440683 94.061692 117.565968 116.304121 115.084506 113.908479 112.777404 111.692647 110.655570 124.202873 123.009128 121.856639 120.746588 119.680156 118.658520 117.682845 46.285685 46.869629 47.480369 48.116885 41.808752 42.454320 43.127631 43.827408 
138.860162 173.930956 94.782341 141.256947 80.344968 78.505926 76.706912 74.950806 73.240696 71.579878 69.971863 85.721613 84.000366 82.321512 80.687697 79.101710 77.566488 76.085101 35.076969 32.537725 29.998609 27.459657 24.920918 143.420762 142.529432 141.643880 140.764215 147.071667 146.202596 145.339426 144.482263 1.270000 0.000000 1.270000 2.540000 5.236344 5.080000 5.236344 5.679613 158.713114 157.871018 157.034676 156.204183 162.540818 161.718654 160.902313 160.091885 90.909773 90.462527 90.030975 89.615345 95.669845 95.244954 94.835168 94.440683 118.212308 116.929850 115.688950 114.490959 113.337237 112.229151 111.168064 124.814849 123.600917 122.427652 121.296235 120.207846 119.163666 118.164865 45.729563 46.285685 46.869629 47.480369 41.192233 41.808752 42.454320 43.127631 
139.978193 174.824848 93.876739 140.650898 81.278652 79.420616 77.601240 75.823307 74.089800 72.403911 70.769043 86.597346 84.855850 83.155478 81.498803 79.888545 78.327565 76.818868 35.129760 32.594629 30.060320 27.527060 24.995168 144.317763 143.420762 142.529432 141.643880 147.946534 147.071667 146.202596 145.339426 2.540000 1.270000 0.000000 1.270000 5.679613 5.236344 5.080000 5.236344 159.560875 158.713114 157.871018 157.034676 163.368717 162.540818 161.718654 160.902313 91.372483 90.909773 90.462527 90.030975 96.109642 95.669845 95.244954 94.835168 118.868702 117.565968 116.304121 115.084506 113.908479 112.777404 111.692647 125.436698 124.202873 123.009128 121.856639 120.746588 119.680156 118.658520 45.202290 45.729563 46.285685 46.869629 40.606085 41.192233 41.808752 42.454320 
141.098796 175.723371 92.979664 140.053742 82.221350 80.344968 78.505926 76.706912 74.950806 73.240696 71.579878 87.482749 85.721613 84.000366 82.321512 80.687697 79.101710 77.566488 35.228286 32.700794 30.175402 27.652687 25.133454 145.220331 144.317763 143.420762 142.529432 148.827096 147.946534 147.071667 146.202596 3.810000 2.540000 1.270000 0.000000 6.350000 5.679613 5.236344 5.080000 160.414210 159.560875 158.713114 157.871018 164.202264 163.368717 162.540818 161.718654 91.850424 91.372483 90.909773 90.462527 96.564139 96.109642 95.669845 95.244954 119.534985 118.212308 116.929850 115.688950 114.490959 113.337237 112.229151 126.068274 124.814849 123.600917 122.427652 121.296235 120.207846 119.163666 44.704887 45.202290 45.729563 46.285685 40.051642 40.606085 41.192233 41.808752 
140.254512 169.442501 99.274749 137.458753 76.005896 74.102729 72.238742 70.417047 68.641011 66.914269 65.240736 81.193337 79.414585 77.678168 75.986988 74.344133 72.752878 71.216680 40.149761 37.609928 35.070120 32.530341 29.990600 138.944923 138.036377 137.133573 136.236626 142.529432 141.643880 140.764215 139.890549 5.080000 5.236344 5.679613 6.350000 0.000000 1.270000 2.540000 3.810000 154.094796 153.237846 152.386662 151.541340 157.871018 157.034676 156.204183 155.379631 85.714346 85.258764 84.819752 84.397569 90.462527 90.030975 89.615345 89.215858 113.210165 111.899210 110.631045 109.407158 108.229052 107.098236 106.016225 119.765267 118.526837 117.330328 116.177037 115.068264 114.005306 112.989458 50.876029 51.407858 51.965288 52.547505 46.285685 46.869629 47.480369 48.116885 
141.350106 170.350478 98.394105 136.824094 76.971266 75.049600 73.165649 71.322404 69.523101 67.771240 66.070595 82.097732 80.298843 78.540907 76.826734 75.159320 73.541844 71.977673 40.155744 37.616316 35.076969 32.537725 29.998609 139.859099 138.944923 138.036377 137.133573 143.420762 142.529432 141.643880 140.764215 5.236344 5.080000 5.236344 5.679613 1.270000 0.000000 1.270000 2.540000 154.957415 154.094796 153.237846 152.386662 158.713114 157.871018 157.034676 156.204183 86.186235 85.714346 85.258764 84.819752 90.909773 90.462527 90.030975 89.615345 113.881229 112.549431 111.259686 110.013473 108.812288 107.657638 106.551035 120.399801 119.140892 117.923261 116.748199 115.617005 114.530977 113.491413 50.370612 50.876029 51.407858 51.965288 45.729563 46.285685 46.869629 47.480369 
142.448595 171.263058 97.522048 136.198321 77.945373 76.005896 74.102729 72.238742 70.417047 68.641011 66.914269 83.011704 81.193337 79.414585 77.678168 75.986988 74.344133 72.752878 40.201867 37.665548 35.129760 32.594629 30.060320 140.778796 139.859099 138.944923 138.036377 144.317763 143.420762 142.529432 141.643880 5.679613 5.236344 5.080000 5.236344 2.540000 1.270000 0.000000 1.270000 155.825610 154.957415 154.094796 153.237846 159.560875 158.713114 157.871018 157.034676 86.674166 86.186235 85.714346 85.258764 91.372483 90.909773 90.462527 90.030975 114.562442 113.210165 111.899210 110.631045 109.407158 108.229052 107.098236 121.044334 119.765267 118.526837 117.330328 116.177037 115.068264 114.005306 49.892411 50.370612 50.876029 51.407858 45.202290 45.729563 46.285685 46.869629 
143.549915 172.180170 96.658810 135.581556 78.927893 76.971266 75.049600 73.165649 71.322404 69.523101 67.771240 83.934940 82.097732 80.298843 78.540907 76.826734 75.159320 73.541844 40.287990 37.757457 35.228286 32.700794 30.175402 141.703907 140.778796 139.859099 138.944923 145.220331 144.317763 143.420762 142.529432 6.350000 5.679613 5.236344 5.080000 3.810000 2.540000 1.270000 0.000000 156.699288 155.825610 154.957415 154.094796 160.414210 159.560875 158.713114 157.871018 87.177868 86.674166 86.186235 85.714346 91.850424 91.372483 90.909773 90.462527 115.253622 113.881229 112.549431 111.259686 110.013473 108.812288 107.657638 121.698707 120.399801 119.140892 117.923261 116.748199 115.617005 114.530977 49.442214 49.892411 50.370612 50.876029 44.704887 45.202290 45.729563 46.285685 
185.358563 17.361708 253.347285 173.575571 79.063507 80.593544 82.173620 83.800903 85.472699 87.186446 88.939719 73.062518 74.715546 76.417257 78.164473 79.954210 81.783676 83.650266 185.893624 183.801033 181.719849 179.650468 177.593302 17.271733 17.653443 18.116322 18.654329 12.450482 12.974812 13.597898 14.306841 157.871018 158.713114 159.560875 160.414210 154.094796 154.957415 155.825610 156.699288 0.000000 1.270000 2.540000 3.810000 5.080000 5.236344 5.679613 6.350000 80.388014 81.543376 82.702099 83.864045 78.399662 79.583894 80.770732 81.960064 48.071868 50.455517 52.853734 55.264621 57.686590 60.118301 62.558620 45.931621 48.420745 50.914894 53.413365 55.915578 58.421053 60.929387 202.984360 203.769550 204.559610 205.354486 199.008540 199.809354 200.615012 201.425454 
185.475981 18.573409 252.479285 172.306185 78.318173 79.822088 81.377507 82.981532 84.631400 86.324483 88.058288 72.255308 73.882740 75.560519 77.285368 79.054205 80.864144 82.712487 185.180826 183.080089 180.990615 178.912799 176.847052 16.976670 17.271733 17.653443 18.116322 12.037817 12.450482 12.974812 13.597898 157.034676 157.871018 158.713114 159.560875 153.237846 154.094796 154.957415 155.825610 1.270000 0.000000 1.270000 2.540000 5.236344 5.080000 5.236344 5.679613 79.236162 80.388014 81.543376 82.702099 77.218155 78.399662 79.583894 80.770732 46.886201 49.261739 51.652931 54.057699 56.474309 58.901303 61.337449 44.689206 47.175505 49.667238 52.163628 54.664036 57.167935 59.674885 202.204098 202.984360 203.769550 204.559610 198.212628 199.008540 199.809354 200.615012 
185.602015 19.792421 251.614701 171.036809 77.586468 79.063507 80.593544 82.173620 83.800903 85.472699 87.186446 71.461552 73.062518 74.715546 76.417257 78.164473 79.954210 81.783676 184.474017 182.365138 180.267378 178.181128 176.106799 16.772825 16.976670 17.271733 17.653443 11.748590 12.037817 12.450482 12.974812 156.204183 157.034676 157.871018 158.713114 152.386662 153.237846 154.094796 154.957415 2.540000 1.270000 0.000000 1.270000 5.679613 5.236344 5.080000 5.236344 78.087975 79.236162 80.388014 81.543376 76.039502 77.218155 78.399662 79.583894 45.705065 48.071868 50.455517 52.853734 55.264621 57.686590 60.118301 43.448386 45.931621 48.420745 50.914894 53.413365 55.915578 58.421053 201.428821 202.204098 202.984360 203.769550 197.421677 198.212628 199.008540 199.809354 
185.736648 21.017473 250.753569 169.767441 76.868782 78.318173 79.822088 81.377507 82.981532 84.631400 86.324483 70.681703 72.255308 73.882740 75.560519 77.285368 79.054205 80.864144 183.773267 181.656253 179.550210 177.455529 175.372618 16.663546 16.772825 16.976670 17.271733 11.592045 11.748590 12.037817 12.450482 155.379631 156.204183 157.034676 157.871018 151.541340 152.386662 153.237846 154.094796 3.810000 2.540000 1.270000 0.000000 6.350000 5.679613 5.236344 5.080000 76.943615 78.087975 79.236162 80.388014 74.863837 76.039502 77.218155 78.399662 44.528821 46.886201 49.261739 51.652931 54.057699 56.474309 58.901303 42.209302 44.689206 47.175505 49.667238 52.163628 54.664036 57.167935 200.658586 201.428821 202.204098 202.984360 196.635747 197.421677 198.212628 199.008540 
190.418915 16.510452 257.072778 173.492493 83.211528 84.666639 86.172061 87.725206 89.323584 90.964810 92.646608 77.031375 78.600979 80.220312 81.886421 83.596512 85.347940 87.138213 190.111514 187.997239 185.893624 183.801033 181.719849 22.208644 22.506780 22.871646 23.300109 17.271733 17.653443 18.116322 18.654329 161.718654 162.540818 163.368717 164.202264 157.871018 158.713114 159.560875 160.414210 5.080000 5.236344 5.679613 6.350000 0.000000 1.270000 2.540000 3.810000 82.641222 83.765511 84.893909 86.026256 80.388014 81.543376 82.702099 83.864045 50.095386 52.387044 54.700643 57.033512 59.383380 61.748306 64.126625 47.232804 49.656746 52.091750 54.536332 56.989261 59.449503 61.916186 207.008489 207.778472 208.553346 209.333057 202.984360 203.769550 204.559610 205.354486 
190.533214 17.780260 256.217399 172.222494 82.503676 83.932629 85.413225 86.942827 88.518892 90.138986 91.800776 76.266184 77.809771 79.404617 81.047698 82.736138 84.467218 86.238371 189.414590 187.292448 185.180826 183.080089 180.990615 21.979954 22.208644 22.506780 22.871646 16.976670 17.271733 17.653443 18.116322 160.902313 161.718654 162.540818 163.368717 157.034676 157.871018 158.713114 159.560875 5.236344 5.080000 5.236344 5.679613 1.270000 0.000000 1.270000 2.540000 81.521213 82.641222 83.765511 84.893909 79.236162 80.388014 81.543376 82.702099 48.958748 51.238288 53.541278 55.864819 58.206449 60.564071 62.935886 46.025526 48.443288 50.872965 53.312926 55.761822 58.218526 60.682088 206.243451 207.008489 207.778472 208.553346 202.204098 202.984360 203.769550 204.559610 
190.655905 19.050094 255.365472 170.952496 81.809415 83.211528 84.666639 86.172061 87.725206 89.323584 90.964810 75.514599 77.031375 78.600979 80.220312 81.886421 83.596512 85.347940 188.723638 186.593638 184.474017 182.365138 180.267378 21.822895 21.979954 22.208644 22.506780 16.772825 16.976670 17.271733 17.653443 160.091885 160.902313 161.718654 162.540818 156.204183 157.034676 157.871018 158.713114 5.679613 5.236344 5.080000 5.236344 2.540000 1.270000 0.000000 1.270000 80.405662 81.521213 82.641222 83.765511 78.087975 79.236162 80.388014 81.543376 47.828821 50.095386 52.387044 54.700643 57.033512 59.383380 61.748306 44.821716 47.232804 49.656746 52.091750 54.536332 56.989261 59.449503 205.483415 206.243451 207.008489 207.778472 201.428821 202.204098 202.984360 203.769550 
190.786971 20.319948 254.517030 169.682498 81.129095 82.503676 83.932629 85.413225 86.942827 88.518892 90.138986 74.777031 76.266184 77.809771 79.404617 81.047698 82.736138 84.467218 188.038725 185.900877 183.773267 181.656253 179.550210 21.739017 21.822895 21.979954 22.208644 16.663546 16.772825 16.976670 17.271733 159.287459 160.091885 160.902313 161.718654 155.379631 156.204183 157.034676 157.871018 6.350000 5.679613 5.236344 5.080000 3.810000 2.540000 1.270000 0.000000 79.294758 80.405662 81.521213 82.641222 76.943615 78.087975 79.236162 80.388014 46.706092 48.958748 51.238288 53.541278 55.864819 58.206449 60.564071 43.621659 46.025526 48.443288 50.872965 53.312926 55.761822 58.218526 204.728435 205.483415 206.243451 207.008489 200.658586 201.428821 202.204098 202.984360 
175.552314 97.652922 181.375953 107.771586 39.906459 38.286473 36.770719 35.372599 34.106582 32.987881 32.031935 34.524156 32.638105 30.846032 29.165264 27.616133 26.221979 25.008734 124.072307 121.618601 119.168511 116.722265 114.280110 70.482379 69.250421 68.019861 66.790778 71.874890 70.667211 69.461756 68.258641 90.462527 90.909773 91.372483 91.850424 85.714346 86.186235 86.674166 87.177868 80.388014 79.236162 78.087975 76.943615 82.641222 81.521213 80.405662 79.294758 0.000000 1.270000 2.540000 3.810000 5.080000 5.236344 5.679613 6.350000 32.605295 30.446795 28.351589 26.334788 24.415829 22.619628 20.977741 37.070379 35.186860 33.390423 31.695880 30.120433 28.683712 27.407542 136.555188 137.044599 137.543995 138.053269 131.873426 132.380147 132.897072 133.424083 
176.203387 98.818582 180.675553 106.588619 40.751685 39.084227 37.514757 36.056073 34.722139 33.527850 32.488608 35.497771 33.570355 31.729306 29.990536 28.372854 26.898115 25.591045 123.753435 121.293279 118.836482 116.383257 113.933835 71.715666 70.482379 69.250421 68.019861 73.084682 71.874890 70.667211 69.461756 90.030975 90.462527 90.909773 91.372483 85.258764 85.714346 86.186235 86.674166 81.543376 80.388014 79.236162 78.087975 83.765511 82.641222 81.521213 80.405662 1.270000 0.000000 1.270000 2.540000 5.236344 5.080000 5.236344 5.679613 33.704495 31.518937 29.390425 27.332287 25.361664 23.500580 21.777137 38.040777 36.118571 34.276885 32.529397 30.892098 29.383414 28.024123 136.075871 136.555188 137.044599 137.543995 131.377029 131.873426 132.380147 132.897072 
176.861184 99.986783 179.981388 105.407678 41.618506 39.906459 38.286473 36.770719 35.372599 34.106582 32.987881 36.489614 34.524156 32.638105 30.846032 29.165264 27.616133 26.221979 123.446806 120.980414 118.517132 116.057157 113.600704 72.950211 71.715666 70.482379 69.250421 74.296483 73.084682 71.874890 70.667211 89.615345 90.030975 90.462527 90.909773 84.819752 85.258764 85.714346 86.186235 82.702099 81.543376 80.388014 79.236162 84.893909 83.765511 82.641222 81.521213 2.540000 1.270000 0.000000 1.270000 5.679613 5.236344 5.080000 5.236344 34.815319 32.605295 30.446795 28.351589 26.334788 24.415829 22.619628 39.028376 37.070379 35.186860 33.390423 31.695880 30.120433 28.683712 135.606753 136.075871 136.555188 137.044599 130.891071 131.377029 131.873426 132.380147 
